Elite 1 OF_MAX_VPL 2854176574.41
nWWcat 1 [0.0915859916602781, 0.908414008339722] 
nWPr05 0 [0.908414008339722, 0.0915859916602781] 
nWPr11 0 [0.908414008339722, 0.0915859916602781] 
nWPr12 0 [0.908414008339722, 0.0915859916602781] 
nWPr13 1 [0.0915859916602781, 0.908414008339722] 
nWPr18 0 [0.908414008339722, 0.0915859916602781] 
nWPr19 0 [0.908414008339722, 0.0915859916602781] 
nWPr20 0 [0.908414008339722, 0.0915859916602781] 
nWPr24 0 [0.908414008339722, 0.0915859916602781] 
nWPr25 0 [0.908414008339722, 0.0915859916602781] 
nWPr26 0 [0.908414008339722, 0.0915859916602781] 
nWPr27 0 [0.908414008339722, 0.0915859916602781] 
nWPr29 0 [0.908414008339722, 0.0915859916602781] 
nWPr30 0 [0.908414008339722, 0.0915859916602781] 
nWPr31 0 [0.908414008339722, 0.0915859916602781] 
nWPr32 0 [0.908414008339722, 0.0915859916602781] 
nWPr33 0 [0.908414008339722, 0.0915859916602781] 
nWPr34 0 [0.908414008339722, 0.0915859916602781] 
nWPr35 0 [0.908414008339722, 0.0915859916602781] 
nWPr36 0 [0.908414008339722, 0.0915859916602781] 
nWPr37 1 [0.0915859916602781, 0.908414008339722] 
nWPr38 0 [0.908414008339722, 0.0915859916602781] 
nWPr39 0 [0.908414008339722, 0.0915859916602781] 
nWPr40 0 [0.908414008339722, 0.0915859916602781] 
nWPr41 0 [0.908414008339722, 0.0915859916602781] 
nWPr42 0 [0.908414008339722, 0.0915859916602781] 
nWPr43 0 [0.908414008339722, 0.0915859916602781] 
nWPr44 0 [0.908414008339722, 0.0915859916602781] 
nWPr45 0 [0.908414008339722, 0.0915859916602781] 
nWPr46 0 [0.908414008339722, 0.0915859916602781] 
nWPr47 0 [0.908414008339722, 0.0915859916602781] 
nWPr48 0 [0.908414008339722, 0.0915859916602781] 
nWPr49 0 [0.908414008339722, 0.0915859916602781] 
nWPr50 0 [0.908414008339722, 0.0915859916602781] 
nWPr51 1 [0.0915859916602781, 0.908414008339722] 
nWPr52 1 [0.0915859916602781, 0.908414008339722] 
nWPr53 0 [0.908414008339722, 0.0915859916602781] 
nWPr54 0 [0.908414008339722, 0.0915859916602781] 
nWPr55 1 [0.0915859916602781, 0.908414008339722] 
nWPr56 0 [0.908414008339722, 0.0915859916602781] 
nWPr57 0 [0.908414008339722, 0.0915859916602781] 
nWPr58 1 [0.0915859916602781, 0.908414008339722] 
nWPr59 1 [0.0915859916602781, 0.908414008339722] 
nWPr60 0 [0.908414008339722, 0.0915859916602781] 
nWPr61 0 [0.908414008339722, 0.0915859916602781] 
nWPr62 0 [0.908414008339722, 0.0915859916602781] 
nWPr63 0 [0.908414008339722, 0.0915859916602781] 
nWPr64 0 [0.908414008339722, 0.0915859916602781] 
nWPr65 0 [0.908414008339722, 0.0915859916602781] 
nWPr66 0 [0.908414008339722, 0.0915859916602781] 
nWPr67 0 [0.908414008339722, 0.0915859916602781] 
nWPr68 0 [0.908414008339722, 0.0915859916602781] 
nWPr69 0 [0.908414008339722, 0.0915859916602781] 
nWPr70 0 [0.908414008339722, 0.0915859916602781] 
nWPr72 0 [0.908414008339722, 0.0915859916602781] 
nWPr73 0 [0.908414008339722, 0.0915859916602781] 
nWPr74 0 [0.908414008339722, 0.0915859916602781] 
nWPr75 0 [0.908414008339722, 0.0915859916602781] 
nWPr76 0 [0.908414008339722, 0.0915859916602781] 
nWPr79 0 [0.908414008339722, 0.0915859916602781] 
nWPr80 0 [0.908414008339722, 0.0915859916602781] 
nWPr81 1 [0.0915859916602781, 0.908414008339722] 
nWPr82 0 [0.908414008339722, 0.0915859916602781] 
nWPr83 1 [0.0915859916602781, 0.908414008339722] 
nWPr84 0 [0.908414008339722, 0.0915859916602781] 
nWIn04 0 [0.908414008339722, 0.0915859916602781] 
nWIn05 0 [0.908414008339722, 0.0915859916602781] 
nWIn10 0 [0.908414008339722, 0.0915859916602781] 
nWIn11 0 [0.908414008339722, 0.0915859916602781] 
nWIn12 0 [0.908414008339722, 0.0915859916602781] 
nWIn13 0 [0.908414008339722, 0.0915859916602781] 
nWIn17 0 [0.908414008339722, 0.0915859916602781] 
nWIn18 1 [0.0915859916602781, 0.908414008339722] 
nWIn19 0 [0.908414008339722, 0.0915859916602781] 
nWIn20 0 [0.908414008339722, 0.0915859916602781] 
nWIn24 0 [0.908414008339722, 0.0915859916602781] 
nWIn25 1 [0.0915859916602781, 0.908414008339722] 
nWIn26 0 [0.908414008339722, 0.0915859916602781] 
nWIn27 0 [0.908414008339722, 0.0915859916602781] 
nWIn29 0 [0.908414008339722, 0.0915859916602781] 
nWIn30 0 [0.908414008339722, 0.0915859916602781] 
nWIn31 0 [0.908414008339722, 0.0915859916602781] 
nWIn32 0 [0.908414008339722, 0.0915859916602781] 
nWIn33 0 [0.908414008339722, 0.0915859916602781] 
nWIn34 0 [0.908414008339722, 0.0915859916602781] 
nWIn35 0 [0.9084140082259254, 0.09158599177407453] 
nWIn36 0 [0.908414008339722, 0.0915859916602781] 
nWIn38 0 [0.908414008339722, 0.0915859916602781] 
nWIn39 0 [0.908414008339722, 0.0915859916602781] 
nWIn40 1 [0.0915859916602781, 0.908414008339722] 
nWIn41 1 [0.0915859916602781, 0.908414008339722] 
nWIn43 0 [0.908414008339722, 0.0915859916602781] 
nWIn44 0 [0.908414008339722, 0.0915859916602781] 
nWIn45 0 [0.908414008339722, 0.0915859916602781] 
nWIn46 0 [0.908414008339722, 0.0915859916602781] 
nWIn47 0 [0.908414008339722, 0.0915859916602781] 
nWIn48 0 [0.908414008339722, 0.0915859916602781] 
nWIn49 0 [0.908414008339722, 0.0915859916602781] 
nWIn50 0 [0.908414008339722, 0.0915859916602781] 
nWIn51 0 [0.908414008339722, 0.0915859916602781] 
nWIn52 0 [0.908414008339722, 0.0915859916602781] 
nWIn53 0 [0.908414008339722, 0.0915859916602781] 
nWIn54 0 [0.908414008339722, 0.0915859916602781] 
nWIn55 0 [0.908414008339722, 0.0915859916602781] 
nWIn56 0 [0.908414008339722, 0.0915859916602781] 
nWIn57 0 [0.908414008339722, 0.0915859916602781] 
nWIn58 0 [0.908414008339722, 0.0915859916602781] 
nWIn59 0 [0.908414008339722, 0.0915859916602781] 
nWIn60 0 [0.908414008339722, 0.0915859916602781] 
nWIn61 0 [0.908414008339722, 0.0915859916602781] 
nWIn62 1 [0.0915859916602781, 0.908414008339722] 
nWIn63 1 [0.0915859916602781, 0.908414008339722] 
nWIn64 0 [0.908414008339722, 0.0915859916602781] 
nWIn65 0 [0.908414008339722, 0.0915859916602781] 
nWIn66 0 [0.908414008339722, 0.0915859916602781] 
nWIn67 1 [0.0915859916602781, 0.908414008339722] 
nWIn68 0 [0.908414008339722, 0.0915859916602781] 
nWIn69 0 [0.908414008339722, 0.0915859916602781] 
nWIn71 0 [0.908414008339722, 0.0915859916602781] 
nWIn72 0 [0.908414008339722, 0.0915859916602781] 
nWIn73 0 [0.908414008339722, 0.0915859916602781] 
nWIn80 0 [0.908414008339722, 0.0915859916602781] 
nWIn81 1 [0.0915859916602781, 0.908414008339722] 
nWIn82 0 [0.908414008339722, 0.0915859916602781] 
nWIn83 0 [0.908414008339722, 0.0915859916602781] 
nWIn84 0 [0.908414008339722, 0.0915859916602781] 
nWIn85 0 [0.908414008339722, 0.0915859916602781] 

Elite 2 OF_MAX_VPL 2854176574.41
nWWcat 1 [0.0915859916602781, 0.908414008339722] 
nWPr05 0 [0.908414008339722, 0.0915859916602781] 
nWPr11 0 [0.908414008339722, 0.0915859916602781] 
nWPr12 0 [0.908414008339722, 0.0915859916602781] 
nWPr13 1 [0.0915859916602781, 0.908414008339722] 
nWPr18 0 [0.908414008339722, 0.0915859916602781] 
nWPr19 0 [0.908414008339722, 0.0915859916602781] 
nWPr20 0 [0.908414008339722, 0.0915859916602781] 
nWPr24 0 [0.908414008339722, 0.0915859916602781] 
nWPr25 0 [0.908414008339722, 0.0915859916602781] 
nWPr26 0 [0.908414008339722, 0.0915859916602781] 
nWPr27 0 [0.908414008339722, 0.0915859916602781] 
nWPr29 0 [0.908414008339722, 0.0915859916602781] 
nWPr30 0 [0.908414008339722, 0.0915859916602781] 
nWPr31 0 [0.908414008339722, 0.0915859916602781] 
nWPr32 0 [0.908414008339722, 0.0915859916602781] 
nWPr33 0 [0.908414008339722, 0.0915859916602781] 
nWPr34 0 [0.908414008339722, 0.0915859916602781] 
nWPr35 0 [0.908414008339722, 0.0915859916602781] 
nWPr36 0 [0.908414008339722, 0.0915859916602781] 
nWPr37 1 [0.0915859916602781, 0.908414008339722] 
nWPr38 0 [0.908414008339722, 0.0915859916602781] 
nWPr39 0 [0.908414008339722, 0.0915859916602781] 
nWPr40 0 [0.908414008339722, 0.0915859916602781] 
nWPr41 0 [0.908414008339722, 0.0915859916602781] 
nWPr42 0 [0.908414008339722, 0.0915859916602781] 
nWPr43 0 [0.908414008339722, 0.0915859916602781] 
nWPr44 0 [0.908414008339722, 0.0915859916602781] 
nWPr45 0 [0.908414008339722, 0.0915859916602781] 
nWPr46 0 [0.908414008339722, 0.0915859916602781] 
nWPr47 0 [0.908414008339722, 0.0915859916602781] 
nWPr48 0 [0.908414008339722, 0.0915859916602781] 
nWPr49 0 [0.908414008339722, 0.0915859916602781] 
nWPr50 0 [0.908414008339722, 0.0915859916602781] 
nWPr51 1 [0.0915859916602781, 0.908414008339722] 
nWPr52 1 [0.0915859916602781, 0.908414008339722] 
nWPr53 0 [0.908414008339722, 0.0915859916602781] 
nWPr54 0 [0.908414008339722, 0.0915859916602781] 
nWPr55 1 [0.0915859916602781, 0.908414008339722] 
nWPr56 0 [0.908414008339722, 0.0915859916602781] 
nWPr57 0 [0.908414008339722, 0.0915859916602781] 
nWPr58 1 [0.0915859916602781, 0.908414008339722] 
nWPr59 1 [0.0915859916602781, 0.908414008339722] 
nWPr60 0 [0.908414008339722, 0.0915859916602781] 
nWPr61 0 [0.908414008339722, 0.0915859916602781] 
nWPr62 0 [0.908414008339722, 0.0915859916602781] 
nWPr63 0 [0.908414008339722, 0.0915859916602781] 
nWPr64 0 [0.908414008339722, 0.0915859916602781] 
nWPr65 0 [0.908414008339722, 0.0915859916602781] 
nWPr66 0 [0.908414008339722, 0.0915859916602781] 
nWPr67 0 [0.908414008339722, 0.0915859916602781] 
nWPr68 0 [0.908414008339722, 0.0915859916602781] 
nWPr69 0 [0.908414008339722, 0.0915859916602781] 
nWPr70 0 [0.908414008339722, 0.0915859916602781] 
nWPr72 0 [0.908414008339722, 0.0915859916602781] 
nWPr73 0 [0.908414008339722, 0.0915859916602781] 
nWPr74 0 [0.908414008339722, 0.0915859916602781] 
nWPr75 0 [0.908414008339722, 0.0915859916602781] 
nWPr76 0 [0.908414008339722, 0.0915859916602781] 
nWPr79 0 [0.908414008339722, 0.0915859916602781] 
nWPr80 0 [0.908414008339722, 0.0915859916602781] 
nWPr81 1 [0.0915859916602781, 0.908414008339722] 
nWPr82 0 [0.908414008339722, 0.0915859916602781] 
nWPr83 1 [0.0915859916602781, 0.908414008339722] 
nWPr84 0 [0.908414008339722, 0.0915859916602781] 
nWIn04 0 [0.908414008339722, 0.0915859916602781] 
nWIn05 0 [0.908414008339722, 0.0915859916602781] 
nWIn10 0 [0.908414008339722, 0.0915859916602781] 
nWIn11 0 [0.908414008339722, 0.0915859916602781] 
nWIn12 0 [0.908414008339722, 0.0915859916602781] 
nWIn13 0 [0.908414008339722, 0.0915859916602781] 
nWIn17 0 [0.908414008339722, 0.0915859916602781] 
nWIn18 1 [0.0915859916602781, 0.908414008339722] 
nWIn19 0 [0.908414008339722, 0.0915859916602781] 
nWIn20 0 [0.908414008339722, 0.0915859916602781] 
nWIn24 0 [0.908414008339722, 0.0915859916602781] 
nWIn25 1 [0.0915859916602781, 0.908414008339722] 
nWIn26 0 [0.908414008339722, 0.0915859916602781] 
nWIn27 0 [0.908414008339722, 0.0915859916602781] 
nWIn29 0 [0.908414008339722, 0.0915859916602781] 
nWIn30 0 [0.908414008339722, 0.0915859916602781] 
nWIn31 0 [0.908414008339722, 0.0915859916602781] 
nWIn32 0 [0.908414008339722, 0.0915859916602781] 
nWIn33 0 [0.908414008339722, 0.0915859916602781] 
nWIn34 0 [0.908414008339722, 0.0915859916602781] 
nWIn35 0 [0.9084140069531966, 0.0915859930468034] 
nWIn36 0 [0.908414008339722, 0.0915859916602781] 
nWIn38 0 [0.908414008339722, 0.0915859916602781] 
nWIn39 0 [0.908414008339722, 0.0915859916602781] 
nWIn40 1 [0.0915859916602781, 0.908414008339722] 
nWIn41 1 [0.0915859916602781, 0.908414008339722] 
nWIn43 0 [0.908414008339722, 0.0915859916602781] 
nWIn44 0 [0.908414008339722, 0.0915859916602781] 
nWIn45 0 [0.908414008339722, 0.0915859916602781] 
nWIn46 0 [0.908414008339722, 0.0915859916602781] 
nWIn47 0 [0.908414008339722, 0.0915859916602781] 
nWIn48 0 [0.908414008339722, 0.0915859916602781] 
nWIn49 0 [0.908414008339722, 0.0915859916602781] 
nWIn50 0 [0.908414008339722, 0.0915859916602781] 
nWIn51 0 [0.908414008339722, 0.0915859916602781] 
nWIn52 0 [0.908414008339722, 0.0915859916602781] 
nWIn53 0 [0.908414008339722, 0.0915859916602781] 
nWIn54 0 [0.908414008339722, 0.0915859916602781] 
nWIn55 0 [0.908414008339722, 0.0915859916602781] 
nWIn56 0 [0.908414008339722, 0.0915859916602781] 
nWIn57 0 [0.908414008339722, 0.0915859916602781] 
nWIn58 0 [0.908414008339722, 0.0915859916602781] 
nWIn59 0 [0.908414008339722, 0.0915859916602781] 
nWIn60 0 [0.908414008339722, 0.0915859916602781] 
nWIn61 0 [0.908414008339722, 0.0915859916602781] 
nWIn62 1 [0.0915859916602781, 0.908414008339722] 
nWIn63 1 [0.0915859916602781, 0.908414008339722] 
nWIn64 0 [0.908414008339722, 0.0915859916602781] 
nWIn65 0 [0.908414008339722, 0.0915859916602781] 
nWIn66 0 [0.908414008339722, 0.0915859916602781] 
nWIn67 1 [0.0915859916602781, 0.908414008339722] 
nWIn68 0 [0.908414008339722, 0.0915859916602781] 
nWIn69 0 [0.908414008339722, 0.0915859916602781] 
nWIn71 0 [0.908414008339722, 0.0915859916602781] 
nWIn72 0 [0.908414008339722, 0.0915859916602781] 
nWIn73 0 [0.908414008339722, 0.0915859916602781] 
nWIn80 0 [0.908414008339722, 0.0915859916602781] 
nWIn81 1 [0.0915859916602781, 0.908414008339722] 
nWIn82 0 [0.908414008339722, 0.0915859916602781] 
nWIn83 0 [0.908414008339722, 0.0915859916602781] 
nWIn84 0 [0.908414008339722, 0.0915859916602781] 
nWIn85 0 [0.908414008339722, 0.0915859916602781] 

