Elite 1 OF_MAX_VPL 3049070053.08
NA2_CONSIDER 0 [0.9990900951178329, 0.0009099048821671435] 
NA3D_CONSIDER 0 [0.9990900951178329, 0.0009099048821671435] 
PltPRDSTL_PltPRDSTO 23250 [0.9952617388677923, 0.000526473459134188, 0.000526473459134188, 0.000526473459134188, 0.0005264734591341902, 0.000526473459134188, 0.000526473459134188, 0.000526473459134188, 0.000526473459134188, 0.000526473459134188] 
PltPRDSTW 10462.5 [0.0006669872561618582, 0.0006669872561618582, 0.9966650637191907, 0.0006669872561618582, 0.0006669872561618582, 0.0006669872561618582] 
PltINJSTW 32550 [0.9947606204002044, 0.0004763072363450538, 0.0004763072363450538, 0.0004763072363450538, 0.0004763072363450538, 0.0004763072363450538, 0.0004763072363450538, 0.0004763072363450538, 0.0004763072363450538, 0.0004763072363450538, 0.0004763072363450538, 0.0004763072363450538] 
PROD005_DIRECTION J [0.0009099048821671435, 0.9990900951178329] 
PROD005_I 29 [0.000769723491152575, 0.000769723491152575, 0.000769723491152575, 0.9976908295265423] 
PROD005_J 18 [0.0005884554581777244, 0.0005884554581777244, 0.9958808117927559, 0.0005884554581777244, 0.0005884554581777244, 0.0005884554581777244, 0.0005884554581777244, 0.0005884554581777244] 
PROD005_K 2 [0.0008339600066787508, 0.9983320799866425, 0.0008339600066787508] 
PROD006_I 54 [0.000769723491152575, 0.000769723491152575, 0.000769723491152575, 0.9976908295265423] 
PROD006_J 3 [0.0009099048821671435, 0.9990900951178329] 
PROD007_I 60 [0.0007146801084079258, 0.9971412795663683, 0.0007146801084079258, 0.0007146801084079258, 0.0007146801084079258] 
PROD007_J 11 [0.0008339600066787508, 0.9983320799866425, 0.0008339600066787508] 
PROD009_DIRECTION J [0.0009099048821671435, 0.9990900951178329] 
PROD009_I 5 [0.9971412795663683, 0.0007146801084079258, 0.0007146801084079258, 0.0007146801084079258, 0.0007146801084079258] 
PROD009_J 38 [0.9962484153179108, 0.0006252641136815421, 0.0006252641136815421, 0.0006252641136815421, 0.0006252641136815421, 0.0006252641136815421, 0.0006252641136815421] 
PROD009_K 2 [0.0008339600066787508, 0.9983320799866425, 0.0008339600066787508] 
PROD010_DIRECTION J [0.0009099048821671435, 0.9990900951178329] 
PROD010_I 36 [0.0005884554581777246, 0.0005884554581777246, 0.0005884554581777246, 0.0005884554581777246, 0.0005884554581777246, 0.0005884554581777246, 0.0005884554581777246, 0.9958808117927559] 
PROD010_J 30 [0.9962484153179108, 0.0006252641136815421, 0.0006252641136815421, 0.0006252641136815421, 0.0006252641136815421, 0.0006252641136815421, 0.0006252641136815421] 
PROD010_K 2 [0.0008339600066787508, 0.9983320799866425, 0.0008339600066787508] 
PROD012_DIRECTION I [0.9990900951178329, 0.0009099048821671435] 
PROD012_I 42 [0.0005557410065629091, 0.0005557410065629091, 0.0005557410065629091, 0.0005557410065629091, 0.0005557410065629091, 0.9955540719474967, 0.0005557410065629091, 0.0005557410065629091, 0.0005557410065629091] 
PROD012_J 38 [0.0005001351724001321, 0.0005001351724001321, 0.0005001351724001321, 0.0005001351724001321, 0.0005001351724001321, 0.0005001351724001321, 0.0005001351724001321, 0.0005001351724001321, 0.9949986482759987, 0.0005001351724001321, 0.0005001351724001321] 
PROD012_K 3 [0.0008339600066787508, 0.0008339600066787508, 0.9983320799866425] 
PROD014_DIRECTION J [0.0009099048821671435, 0.9990900951178329] 
PROD014_I 50 [0.0006252641136815412, 0.0006252641136815412, 0.0006252641136815412, 0.0006252641136815412, 0.9962484153179108, 0.0006252641136815457, 0.0006252641136815412] 
PROD014_J 41 [0.0005264734591341882, 0.0005264734591341882, 0.0005264734591341882, 0.0005264734591341882, 0.0005264734591341882, 0.0005264734591341882, 0.0005264734591341882, 0.9952617388677923, 0.0005264734591341882, 0.0005264734591341882] 
PROD014_K 2 [0.0008339600066787508, 0.9983320799866425, 0.0008339600066787508] 
PROD021_DIRECTION I [0.9990900951178329, 0.0009099048821671435] 
PROD021_I 15 [0.0004763072363450538, 0.9947606204002044, 0.0004763072363450538, 0.0004763072363450538, 0.0004763072363450538, 0.0004763072363450538, 0.0004763072363450538, 0.0004763072363450538, 0.0004763072363450538, 0.0004763072363450538, 0.0004763072363450538, 0.0004763072363450538] 
PROD021_J 44 [0.0006252641136815421, 0.0006252641136815421, 0.0006252641136815421, 0.0006252641136815421, 0.0006252641136815421, 0.0006252641136815421, 0.9962484153179108] 
PROD021_K 3 [0.0008339600066787508, 0.0008339600066787508, 0.9983320799866425] 
PROD023A_DIRECTION I [0.9990900951178329, 0.0009099048821671435] 
PROD023A_I 60 [0.0007146801084079258, 0.0007146801084079258, 0.0007146801084079258, 0.0007146801084079258, 0.9971412795663683] 
PROD023A_J 13 [0.9966650637191907, 0.0006669872561618582, 0.0006669872561618582, 0.0006669872561618582, 0.0006669872561618582, 0.0006669872561618582] 
PROD023A_K 1 [0.9983320799866425, 0.0008339600066787508, 0.0008339600066787508] 
PROD024A_I 56 [0.9962484153179108, 0.0006252641136815421, 0.0006252641136815421, 0.0006252641136815421, 0.0006252641136815421, 0.0006252641136815421, 0.0006252641136815421] 
PROD024A_J 35 [0.0007692813776487795, 0.0007692813776487795, 0.9907750283892133, 0.007686408855489158] 
PROD024A_K 2 [0.0008339600066787508, 0.9983320799866425, 0.0008339600066787508] 
PROD025A_DIRECTION J [0.0009099048821671435, 0.9990900951178329] 
PROD025A_I 54 [0.9966650637191907, 0.0006669872561618582, 0.0006669872561618582, 0.0006669872561618582, 0.0006669872561618582, 0.0006669872561618582] 
PROD025A_J 22 [0.0007146801084079258, 0.9971412795663683, 0.0007146801084079258, 0.0007146801084079258, 0.0007146801084079258] 
PROD025A_K 1 [0.9983320799866425, 0.0008339600066787508, 0.0008339600066787508] 
PROD026_DIRECTION I [0.9990900951178329, 0.0009099048821671439] 
PROD026_I 49 [0.0007146801084079258, 0.0007146801084079258, 0.0007146801084079258, 0.0007146801084079258, 0.9971412795663683] 
PROD026_J 6 [0.0006252641039578546, 0.0006252641039578546, 0.9962484152990402, 0.0006252641811705178, 0.0006252641039578546, 0.0006252641039578546, 0.0006252641039578546] 
PROD026_K 1 [0.9983320799866425, 0.0008339600066787508, 0.0008339600066787508] 
INJ006_I 52 [0.000666987256161858, 0.000666987256161858, 0.000666987256161858, 0.9966650637191907, 0.000666987256161858, 0.000666987256161858] 
INJ006_J 26 [0.0005884554581100845, 0.0005884554581100845, 0.0005884554581100845, 0.0005884554586480944, 0.0005884554581100845, 0.9958808117926914, 0.0005884554581100845, 0.0005884554581100845] 
INJ006_K 15 [0.000769723491152575, 0.000769723491152575, 0.000769723491152575, 0.9976908295265423] 
INJ010_DIRECTION J [0.0009099048821671435, 0.9990900951178329] 
INJ010_I 72 [0.0007146801084079258, 0.0007146801084079258, 0.0007146801084079258, 0.0007146801084079258, 0.9971412795663683] 
INJ010_J 34 [0.0007146801084079258, 0.0007146801084079258, 0.9971412795663683, 0.0007146801084079258, 0.0007146801084079258] 
INJ010_K 6 [0.9976908295265423, 0.000769723491152575, 0.000769723491152575, 0.000769723491152575] 
INJ017_DIRECTION I [0.9990900951178329, 0.0009099048821671435] 
INJ017_I 38 [0.000666987256161858, 0.000666987256161858, 0.000666987256161858, 0.000666987256161858, 0.000666987256161858, 0.9966650637191907] 
INJ017_J 22 [0.0006252641136815418, 0.0006252641136815418, 0.0006252641136815418, 0.0006252641136815429, 0.9962484153179108, 0.0006252641136815418, 0.0006252641136815418] 
INJ017_K 15 [0.0007146801084079258, 0.0007146801084079258, 0.0007146801084079258, 0.9971412795663683, 0.0007146801084079258] 
INJ019_DIRECTION J [0.0009099048821671435, 0.9990900951178329] 
INJ019_I 30 [0.000666987256161858, 0.000666987256161858, 0.000666987256161858, 0.9966650637191907, 0.000666987256161858, 0.000666987256161858] 
INJ019_J 43 [0.9976864078291419, 0.0007750292007767358, 0.0007692814850406805, 0.0007692814850406805] 
INJ019_K 11 [0.0007697234911525748, 0.9976908295265423, 0.0007697234911525758, 0.0007697234911525748] 
INJ021_DIRECTION J [0.0009099048821671435, 0.9990900951178329] 
INJ021_I 23 [0.0005557410065629091, 0.0005557410065629091, 0.9955540719474967, 0.0005557410065629091, 0.0005557410065629091, 0.0005557410065629091, 0.0005557410065629091, 0.0005557410065629091, 0.0005557410065629091] 
INJ021_J 33 [0.000666987256161858, 0.000666987256161858, 0.000666987256161858, 0.000666987256161858, 0.000666987256161858, 0.9966650637191907] 
INJ021_K 12 [0.000769723491152575, 0.000769723491152575, 0.9976908295265423, 0.000769723491152575] 
INJ022_DIRECTION J [0.0009099048821671435, 0.9990900951178329] 
INJ022_I 65 [0.9971412795663683, 0.0007146801084079258, 0.0007146801084079258, 0.0007146801084079258, 0.0007146801084079258] 
INJ022_J 24 [0.000769723491152575, 0.000769723491152575, 0.9976908295265423, 0.000769723491152575] 
INJ022_K 15 [0.0007146801084079258, 0.0007146801084079258, 0.0007146801084079258, 0.0007146801084079258, 0.9971412795663683] 
INJ023_DIRECTION I [0.9990900951178329, 0.0009099048821671435] 
INJ023_I 41 [0.0006669872561618582, 0.0006669872561618582, 0.9966650637191907, 0.0006669872561618582, 0.0006669872561618582, 0.0006669872561618582] 
INJ023_J 17 [0.000666987256161858, 0.000666987256161858, 0.000666987256161858, 0.000666987256161858, 0.9966650637191907, 0.000666987256161858] 
INJ023_K 7 [0.9990900951178329, 0.0009099048821671435] 
NA1A_CONSIDER 1 [0.0009099048821671435, 0.9990900951178329] 

Elite 2 OF_MAX_VPL 3049070053.08
NA2_CONSIDER 0 [0.9990900951178329, 0.0009099048821671435] 
NA3D_CONSIDER 0 [0.9990900951178329, 0.0009099048821671435] 
PltPRDSTL_PltPRDSTO 23250 [0.9952617388677923, 0.000526473459134188, 0.000526473459134188, 0.000526473459134188, 0.0005264734591341902, 0.000526473459134188, 0.000526473459134188, 0.000526473459134188, 0.000526473459134188, 0.000526473459134188] 
PltPRDSTW 10462.5 [0.0006669872561618582, 0.0006669872561618582, 0.9966650637191907, 0.0006669872561618582, 0.0006669872561618582, 0.0006669872561618582] 
PltINJSTW 32550 [0.9947606204002044, 0.0004763072363450538, 0.0004763072363450538, 0.0004763072363450538, 0.0004763072363450538, 0.0004763072363450538, 0.0004763072363450538, 0.0004763072363450538, 0.0004763072363450538, 0.0004763072363450538, 0.0004763072363450538, 0.0004763072363450538] 
PROD005_DIRECTION J [0.0009099048821671435, 0.9990900951178329] 
PROD005_I 29 [0.000769723491152575, 0.000769723491152575, 0.000769723491152575, 0.9976908295265423] 
PROD005_J 18 [0.0005884554581777244, 0.0005884554581777244, 0.9958808117927559, 0.0005884554581777244, 0.0005884554581777244, 0.0005884554581777244, 0.0005884554581777244, 0.0005884554581777244] 
PROD005_K 2 [0.0008339600066787508, 0.9983320799866425, 0.0008339600066787508] 
PROD006_I 54 [0.000769723491152575, 0.000769723491152575, 0.000769723491152575, 0.9976908295265423] 
PROD006_J 3 [0.0009099048821671435, 0.9990900951178329] 
PROD007_I 60 [0.0007146801084079258, 0.9971412795663683, 0.0007146801084079258, 0.0007146801084079258, 0.0007146801084079258] 
PROD007_J 11 [0.0008339600066787508, 0.9983320799866425, 0.0008339600066787508] 
PROD009_DIRECTION J [0.0009099048821671435, 0.9990900951178329] 
PROD009_I 5 [0.9971412795663683, 0.0007146801084079258, 0.0007146801084079258, 0.0007146801084079258, 0.0007146801084079258] 
PROD009_J 38 [0.9962484153179108, 0.0006252641136815421, 0.0006252641136815421, 0.0006252641136815421, 0.0006252641136815421, 0.0006252641136815421, 0.0006252641136815421] 
PROD009_K 2 [0.0008339600066787508, 0.9983320799866425, 0.0008339600066787508] 
PROD010_DIRECTION J [0.0009099048821671435, 0.9990900951178329] 
PROD010_I 36 [0.0005884554581777246, 0.0005884554581777246, 0.0005884554581777246, 0.0005884554581777246, 0.0005884554581777246, 0.0005884554581777246, 0.0005884554581777246, 0.9958808117927559] 
PROD010_J 30 [0.9962484153179108, 0.0006252641136815421, 0.0006252641136815421, 0.0006252641136815421, 0.0006252641136815421, 0.0006252641136815421, 0.0006252641136815421] 
PROD010_K 2 [0.0008339600066787508, 0.9983320799866425, 0.0008339600066787508] 
PROD012_DIRECTION I [0.9990900951178329, 0.0009099048821671435] 
PROD012_I 42 [0.0005557410065629091, 0.0005557410065629091, 0.0005557410065629091, 0.0005557410065629091, 0.0005557410065629091, 0.9955540719474967, 0.0005557410065629091, 0.0005557410065629091, 0.0005557410065629091] 
PROD012_J 38 [0.0005001351724001321, 0.0005001351724001321, 0.0005001351724001321, 0.0005001351724001321, 0.0005001351724001321, 0.0005001351724001321, 0.0005001351724001321, 0.0005001351724001321, 0.9949986482759987, 0.0005001351724001321, 0.0005001351724001321] 
PROD012_K 3 [0.0008339600066787508, 0.0008339600066787508, 0.9983320799866425] 
PROD014_DIRECTION J [0.0009099048821671435, 0.9990900951178329] 
PROD014_I 50 [0.0006252641136815412, 0.0006252641136815412, 0.0006252641136815412, 0.0006252641136815412, 0.9962484153179108, 0.0006252641136815457, 0.0006252641136815412] 
PROD014_J 41 [0.0005264734591341882, 0.0005264734591341882, 0.0005264734591341882, 0.0005264734591341882, 0.0005264734591341882, 0.0005264734591341882, 0.0005264734591341882, 0.9952617388677923, 0.0005264734591341882, 0.0005264734591341882] 
PROD014_K 2 [0.0008339600066787508, 0.9983320799866425, 0.0008339600066787508] 
PROD021_DIRECTION I [0.9990900951178329, 0.0009099048821671435] 
PROD021_I 15 [0.0004763072363450538, 0.9947606204002044, 0.0004763072363450538, 0.0004763072363450538, 0.0004763072363450538, 0.0004763072363450538, 0.0004763072363450538, 0.0004763072363450538, 0.0004763072363450538, 0.0004763072363450538, 0.0004763072363450538, 0.0004763072363450538] 
PROD021_J 44 [0.0006252641136815421, 0.0006252641136815421, 0.0006252641136815421, 0.0006252641136815421, 0.0006252641136815421, 0.0006252641136815421, 0.9962484153179108] 
PROD021_K 3 [0.0008339600066787508, 0.0008339600066787508, 0.9983320799866425] 
PROD023A_DIRECTION I [0.9990900951178329, 0.0009099048821671435] 
PROD023A_I 60 [0.0007146801084079258, 0.0007146801084079258, 0.0007146801084079258, 0.0007146801084079258, 0.9971412795663683] 
PROD023A_J 13 [0.9966650637191907, 0.0006669872561618582, 0.0006669872561618582, 0.0006669872561618582, 0.0006669872561618582, 0.0006669872561618582] 
PROD023A_K 1 [0.9983320799866425, 0.0008339600066787508, 0.0008339600066787508] 
PROD024A_I 56 [0.9962484153179108, 0.0006252641136815421, 0.0006252641136815421, 0.0006252641136815421, 0.0006252641136815421, 0.0006252641136815421, 0.0006252641136815421] 
PROD024A_J 35 [0.0007692813776487795, 0.0007692813776487795, 0.9907750283892133, 0.007686408855489158] 
PROD024A_K 2 [0.0008339600066787508, 0.9983320799866425, 0.0008339600066787508] 
PROD025A_DIRECTION J [0.0009099048821671435, 0.9990900951178329] 
PROD025A_I 54 [0.9966650637191907, 0.0006669872561618582, 0.0006669872561618582, 0.0006669872561618582, 0.0006669872561618582, 0.0006669872561618582] 
PROD025A_J 22 [0.0007146801084079258, 0.9971412795663683, 0.0007146801084079258, 0.0007146801084079258, 0.0007146801084079258] 
PROD025A_K 1 [0.9983320799866425, 0.0008339600066787508, 0.0008339600066787508] 
PROD026_DIRECTION I [0.9990900951178329, 0.0009099048821671439] 
PROD026_I 49 [0.0007146801084079258, 0.0007146801084079258, 0.0007146801084079258, 0.0007146801084079258, 0.9971412795663683] 
PROD026_J 6 [0.0006252641039578546, 0.0006252641039578546, 0.9962484152990402, 0.0006252641811705178, 0.0006252641039578546, 0.0006252641039578546, 0.0006252641039578546] 
PROD026_K 1 [0.9983320799866425, 0.0008339600066787508, 0.0008339600066787508] 
INJ006_I 52 [0.000666987256161858, 0.000666987256161858, 0.000666987256161858, 0.9966650637191907, 0.000666987256161858, 0.000666987256161858] 
INJ006_J 26 [0.0005884554581100845, 0.0005884554581100845, 0.0005884554581100845, 0.0005884554586480944, 0.0005884554581100845, 0.9958808117926914, 0.0005884554581100845, 0.0005884554581100845] 
INJ006_K 15 [0.000769723491152575, 0.000769723491152575, 0.000769723491152575, 0.9976908295265423] 
INJ010_DIRECTION J [0.0009099048821671435, 0.9990900951178329] 
INJ010_I 72 [0.0007146801084079258, 0.0007146801084079258, 0.0007146801084079258, 0.0007146801084079258, 0.9971412795663683] 
INJ010_J 34 [0.0007146801084079258, 0.0007146801084079258, 0.9971412795663683, 0.0007146801084079258, 0.0007146801084079258] 
INJ010_K 6 [0.9976908295265423, 0.000769723491152575, 0.000769723491152575, 0.000769723491152575] 
INJ017_DIRECTION I [0.9990900951178329, 0.0009099048821671435] 
INJ017_I 38 [0.000666987256161858, 0.000666987256161858, 0.000666987256161858, 0.000666987256161858, 0.000666987256161858, 0.9966650637191907] 
INJ017_J 22 [0.0006252641136815418, 0.0006252641136815418, 0.0006252641136815418, 0.0006252641136815429, 0.9962484153179108, 0.0006252641136815418, 0.0006252641136815418] 
INJ017_K 15 [0.0007146801084079258, 0.0007146801084079258, 0.0007146801084079258, 0.9971412795663683, 0.0007146801084079258] 
INJ019_DIRECTION J [0.0009099048821671435, 0.9990900951178329] 
INJ019_I 30 [0.000666987256161858, 0.000666987256161858, 0.000666987256161858, 0.9966650637191907, 0.000666987256161858, 0.000666987256161858] 
INJ019_J 43 [0.9976864078291419, 0.0007750292007767358, 0.0007692814850406805, 0.0007692814850406805] 
INJ019_K 11 [0.0007697234911525748, 0.9976908295265423, 0.0007697234911525758, 0.0007697234911525748] 
INJ021_DIRECTION J [0.0009099048821671435, 0.9990900951178329] 
INJ021_I 23 [0.0005557410065629091, 0.0005557410065629091, 0.9955540719474967, 0.0005557410065629091, 0.0005557410065629091, 0.0005557410065629091, 0.0005557410065629091, 0.0005557410065629091, 0.0005557410065629091] 
INJ021_J 33 [0.000666987256161858, 0.000666987256161858, 0.000666987256161858, 0.000666987256161858, 0.000666987256161858, 0.9966650637191907] 
INJ021_K 12 [0.000769723491152575, 0.000769723491152575, 0.9976908295265423, 0.000769723491152575] 
INJ022_DIRECTION J [0.0009099048821671435, 0.9990900951178329] 
INJ022_I 65 [0.9971412795663683, 0.0007146801084079258, 0.0007146801084079258, 0.0007146801084079258, 0.0007146801084079258] 
INJ022_J 24 [0.000769723491152575, 0.000769723491152575, 0.9976908295265423, 0.000769723491152575] 
INJ022_K 15 [0.0007146801084079258, 0.0007146801084079258, 0.0007146801084079258, 0.0007146801084079258, 0.9971412795663683] 
INJ023_DIRECTION I [0.9990900951178329, 0.0009099048821671435] 
INJ023_I 41 [0.0006669872561618582, 0.0006669872561618582, 0.9966650637191907, 0.0006669872561618582, 0.0006669872561618582, 0.0006669872561618582] 
INJ023_J 17 [0.000666987256161858, 0.000666987256161858, 0.000666987256161858, 0.000666987256161858, 0.9966650637191907, 0.000666987256161858] 
INJ023_K 7 [0.9990900951178329, 0.0009099048821671435] 
NA1A_CONSIDER 1 [0.0009099048821671435, 0.9990900951178329] 

