Elite 1 OF_MAX_VPL 3031033662.37
NA2_CONSIDER 0 [0.9090773652535854, 0.09092263474641465] 
NA3D_CONSIDER 0 [0.9090773652535854, 0.09092263474641465] 
PltPRDSTL_PltPRDSTO 22475 [0.5262921579075501, 0.052634204676938835, 0.052634204676938835, 0.052634204676938835, 0.052634204676938835, 0.052634204676938835, 0.052634204676938835, 0.052634204676938835, 0.052634204676938835, 0.052634204676938835] 
PltPRDSTW 8370 [0.0666720044111198, 0.0666720044111198, 0.0666720044111198, 0.0666720044111198, 0.0666720044111198, 0.666639977944401] 
PltINJSTW 29295 [0.04762099216397718, 0.04762099216397717, 0.04762099216397717, 0.47616908619625115, 0.04762099216397717, 0.04762099216397717, 0.04762099216397717, 0.04762099216397718, 0.04762099216397717, 0.04762099216397717, 0.04762099216397717, 0.04762099216397717] 
PROD005_DIRECTION J [0.09092263474641465, 0.9090773652535854] 
PROD005_I 29 [0.0769312787599648, 0.0769312787599648, 0.0769312787599648, 0.7692061637201056] 
PROD005_J 18 [0.05882719558633339, 0.05882719558633339, 0.5882096308956665, 0.05882719558633339, 0.05882719558633339, 0.05882719558633339, 0.05882719558633339, 0.05882719558633339] 
PROD005_K 2 [0.08334376311304877, 0.8333124737739026, 0.08334376311304877] 
PROD006_I 53 [0.07693127703931087, 0.07693127703931087, 0.769206159406169, 0.07693128651520931] 
PROD006_J 3 [0.09092263474641465, 0.9090773652535854] 
PROD007_I 61 [0.07143513735635813, 0.07143513735635813, 0.7142594505745673, 0.07143513735635813, 0.07143513735635813] 
PROD007_J 11 [0.08334376311304877, 0.8333124737739026, 0.08334376311304877] 
PROD009_DIRECTION I [0.9090773652535854, 0.09092263474641465] 
PROD009_I 5 [0.7142594505745673, 0.07143513735635813, 0.07143513735635813, 0.07143513735635813, 0.07143513735635813] 
PROD009_J 40 [0.06250439776712048, 0.06250439776712048, 0.6249736133972773, 0.06250439776712048, 0.06250439776712048, 0.06250439776712048, 0.06250439776712048] 
PROD009_K 1 [0.8333124737739026, 0.08334376311304877, 0.08334376311304877] 
PROD010_DIRECTION J [0.09092263474641465, 0.9090773652535854] 
PROD010_I 33 [0.05882719558633339, 0.05882719558633339, 0.05882719558633339, 0.05882719558633339, 0.5882096308956665, 0.05882719558633339, 0.05882719558633339, 0.05882719558633339] 
PROD010_J 30 [0.6249736133972773, 0.06250439776712048, 0.06250439776712048, 0.06250439776712048, 0.06250439776712048, 0.06250439776712048, 0.06250439776712048] 
PROD010_K 1 [0.8333124737739026, 0.08334376311304877, 0.08334376311304877] 
PROD012_DIRECTION J [0.09092263474641465, 0.9090773652535854] 
PROD012_I 37 [0.5555308493734242, 0.05555864382832199, 0.05555864382832199, 0.05555864382832199, 0.05555864382832199, 0.05555864382832199, 0.05555864382832199, 0.05555864382832199, 0.05555864382832199] 
PROD012_J 30 [0.49997748862959523, 0.05000225113704048, 0.05000225113704048, 0.05000225113704048, 0.05000225113704048, 0.05000225113704048, 0.05000225113704048, 0.05000225113704048, 0.05000225113704048, 0.05000225113704048, 0.05000225113704048] 
PROD012_K 2 [0.0833437631130482, 0.8333124737739017, 0.08334376311305008] 
PROD014_DIRECTION J [0.09092263474641465, 0.9090773652535854] 
PROD014_I 46 [0.6249736133972773, 0.06250439776712048, 0.06250439776712048, 0.06250439776712048, 0.06250439776712048, 0.06250439776712048, 0.06250439776712048] 
PROD014_J 41 [0.05263420467693885, 0.05263420467693885, 0.05263420467693885, 0.05263420467693885, 0.05263420467693885, 0.05263420467693885, 0.05263420467693885, 0.5262921579075504, 0.05263420467693885, 0.05263420467693885] 
PROD014_K 3 [0.08334376311304875, 0.08334376311304875, 0.8333124737739024] 
PROD021_DIRECTION I [0.9090773652535854, 0.09092263474641465] 
PROD021_I 18 [0.04762099216397717, 0.04762099216397717, 0.04762099216397717, 0.04762099216397717, 0.47616908619625115, 0.04762099216397717, 0.04762099216397717, 0.04762099216397717, 0.04762099216397717, 0.04762099216397717, 0.04762099216397717, 0.04762099216397717] 
PROD021_J 41 [0.06250439776712048, 0.06250439776712048, 0.06250439776712048, 0.06250439776712048, 0.6249736133972773, 0.06250439776712048, 0.06250439776712048] 
PROD021_K 3 [0.08334376311304875, 0.08334376311304875, 0.8333124737739024] 
PROD023A_DIRECTION I [0.9090773652535854, 0.09092263474641465] 
PROD023A_I 56 [0.7142594505745673, 0.07143513735635813, 0.07143513735635813, 0.07143513735635813, 0.07143513735635813] 
PROD023A_J 13 [0.666639977944401, 0.0666720044111198, 0.0666720044111198, 0.0666720044111198, 0.0666720044111198, 0.0666720044111198] 
PROD023A_K 2 [0.08334376311310958, 0.8333124737738629, 0.08334376311302752] 
PROD024A_I 56 [0.6249736133972773, 0.06250439776712048, 0.06250439776712048, 0.06250439776712048, 0.06250439776712048, 0.06250439776712048, 0.06250439776712048] 
PROD024A_J 35 [0.07693127875996479, 0.07693127875996479, 0.7692061637201055, 0.07693127875996479] 
PROD024A_K 2 [0.08334376311304877, 0.8333124737739026, 0.08334376311304877] 
PROD025A_DIRECTION I [0.9090773652535854, 0.09092263474641465] 
PROD025A_I 58 [0.06667200441111981, 0.06667200441111981, 0.06667200441111981, 0.06667200441111981, 0.666639977944401, 0.06667200441111981] 
PROD025A_J 22 [0.07143513735635813, 0.7142594505745673, 0.07143513735635813, 0.07143513735635813, 0.07143513735635813] 
PROD025A_K 1 [0.8333124737739026, 0.08334376311304877, 0.08334376311304877] 
PROD026_DIRECTION I [0.9090773652535854, 0.09092263474641465] 
PROD026_I 49 [0.07143513735635815, 0.07143513735635815, 0.07143513735635815, 0.07143513735635815, 0.7142594505745674] 
PROD026_J 8 [0.06250439776712048, 0.06250439776712048, 0.6249736133972773, 0.06250439776712048, 0.06250439776712048, 0.06250439776712048, 0.06250439776712048] 
PROD026_K 2 [0.08334376311304877, 0.8333124737739026, 0.08334376311304877] 
INJ006_I 52 [0.06627363680826899, 0.06627363680826899, 0.07224946982572641, 0.6626559829411974, 0.06627363680826899, 0.06627363680826899] 
INJ006_J 28 [0.05882719558633338, 0.05882719558633338, 0.05882719558633338, 0.05882719558633338, 0.05882719558633338, 0.05882719558633338, 0.05882719558633338, 0.5882096308956664] 
INJ006_K 13 [0.07693127875983717, 0.07693127875983717, 0.7692061637198992, 0.07693127876042646] 
INJ010_DIRECTION J [0.09092263474641465, 0.9090773652535854] 
INJ010_I 72 [0.07143513735635815, 0.07143513735635815, 0.07143513735635815, 0.07143513735635815, 0.7142594505745674] 
INJ010_J 34 [0.07143513735635813, 0.07143513735635813, 0.7142594505745673, 0.07143513735635813, 0.07143513735635813] 
INJ010_K 6 [0.7692061637201055, 0.07693127875996479, 0.07693127875996479, 0.07693127875996479] 
INJ017_DIRECTION I [0.9090773652535854, 0.09092263474641465] 
INJ017_I 36 [0.06667200441111981, 0.06667200441111981, 0.06667200441111981, 0.06667200441111981, 0.666639977944401, 0.06667200441111981] 
INJ017_J 14 [0.6249736133972773, 0.06250439776712048, 0.06250439776712048, 0.06250439776712048, 0.06250439776712048, 0.06250439776712048, 0.06250439776712048] 
INJ017_K 7 [0.7142594505745673, 0.07143513735635813, 0.07143513735635813, 0.07143513735635813, 0.07143513735635813] 
INJ019_DIRECTION J [0.09092263474641465, 0.9090773652535854] 
INJ019_I 30 [0.06667200441064025, 0.06667200441064025, 0.06667200441362871, 0.6666399779438105, 0.06667200441064025, 0.06667200441064025] 
INJ019_J 49 [0.0769312787599648, 0.0769312787599648, 0.0769312787599648, 0.7692061637201056] 
INJ019_K 15 [0.07693127875996479, 0.07693127875996479, 0.7692061637201055, 0.07693127875996479] 
INJ021_DIRECTION J [0.09092263474641465, 0.9090773652535854] 
INJ021_I 21 [0.5555308493734242, 0.05555864382832199, 0.05555864382832199, 0.05555864382832199, 0.05555864382832199, 0.05555864382832199, 0.05555864382832199, 0.05555864382832199, 0.05555864382832199] 
INJ021_J 25 [0.0666720044111198, 0.666639977944401, 0.0666720044111198, 0.0666720044111198, 0.0666720044111198, 0.0666720044111198] 
INJ021_K 12 [0.07693127875996479, 0.07693127875996479, 0.7692061637201055, 0.07693127875996479] 
INJ022_DIRECTION J [0.09092263474641465, 0.9090773652535854] 
INJ022_I 65 [0.7142594505745673, 0.07143513735635813, 0.07143513735635813, 0.07143513735635813, 0.07143513735635813] 
INJ022_J 24 [0.07693127875996479, 0.07693127875996479, 0.7692061637201055, 0.07693127875996479] 
INJ022_K 15 [0.07143513735635815, 0.07143513735635815, 0.07143513735635815, 0.07143513735635815, 0.7142594505745674] 
INJ023_DIRECTION J [0.09092263474641465, 0.9090773652535854] 
INJ023_I 45 [0.0666720044111198, 0.0666720044111198, 0.0666720044111198, 0.0666720044111198, 0.0666720044111198, 0.666639977944401] 
INJ023_J 19 [0.0666720044111198, 0.0666720044111198, 0.0666720044111198, 0.0666720044111198, 0.0666720044111198, 0.666639977944401] 
INJ023_K 15 [0.09092263474641465, 0.9090773652535854] 
NA1A_CONSIDER 1 [0.09092263474641465, 0.9090773652535854] 

Elite 2 OF_MAX_VPL 3031033662.37
NA2_CONSIDER 0 [0.9090773652535854, 0.09092263474641465] 
NA3D_CONSIDER 0 [0.9090773652535854, 0.09092263474641465] 
PltPRDSTL_PltPRDSTO 23250 [0.5262921579075501, 0.052634204676938835, 0.052634204676938835, 0.052634204676938835, 0.052634204676938835, 0.052634204676938835, 0.052634204676938835, 0.052634204676938835, 0.052634204676938835, 0.052634204676938835] 
PltPRDSTW 8370 [0.0666720044111198, 0.0666720044111198, 0.0666720044111198, 0.0666720044111198, 0.0666720044111198, 0.666639977944401] 
PltINJSTW 29295 [0.04762099216397718, 0.04762099216397717, 0.04762099216397717, 0.47616908619625115, 0.04762099216397717, 0.04762099216397717, 0.04762099216397717, 0.04762099216397718, 0.04762099216397717, 0.04762099216397717, 0.04762099216397717, 0.04762099216397717] 
PROD005_DIRECTION J [0.09092263474641465, 0.9090773652535854] 
PROD005_I 29 [0.0769312787599648, 0.0769312787599648, 0.0769312787599648, 0.7692061637201056] 
PROD005_J 18 [0.05882719558633339, 0.05882719558633339, 0.5882096308956665, 0.05882719558633339, 0.05882719558633339, 0.05882719558633339, 0.05882719558633339, 0.05882719558633339] 
PROD005_K 2 [0.08334376311304877, 0.8333124737739026, 0.08334376311304877] 
PROD006_I 53 [0.07693127703931087, 0.07693127703931087, 0.769206159406169, 0.07693128651520931] 
PROD006_J 3 [0.09092263474641465, 0.9090773652535854] 
PROD007_I 61 [0.07143513735635813, 0.07143513735635813, 0.7142594505745673, 0.07143513735635813, 0.07143513735635813] 
PROD007_J 11 [0.08334376311304877, 0.8333124737739026, 0.08334376311304877] 
PROD009_DIRECTION I [0.9090773652535854, 0.09092263474641465] 
PROD009_I 5 [0.7142594505745673, 0.07143513735635813, 0.07143513735635813, 0.07143513735635813, 0.07143513735635813] 
PROD009_J 40 [0.06250439776712048, 0.06250439776712048, 0.6249736133972773, 0.06250439776712048, 0.06250439776712048, 0.06250439776712048, 0.06250439776712048] 
PROD009_K 1 [0.8333124737739026, 0.08334376311304877, 0.08334376311304877] 
PROD010_DIRECTION J [0.09092263474641465, 0.9090773652535854] 
PROD010_I 33 [0.05882719558633339, 0.05882719558633339, 0.05882719558633339, 0.05882719558633339, 0.5882096308956665, 0.05882719558633339, 0.05882719558633339, 0.05882719558633339] 
PROD010_J 30 [0.6249736133972773, 0.06250439776712048, 0.06250439776712048, 0.06250439776712048, 0.06250439776712048, 0.06250439776712048, 0.06250439776712048] 
PROD010_K 1 [0.8333124737739026, 0.08334376311304877, 0.08334376311304877] 
PROD012_DIRECTION J [0.09092263474641465, 0.9090773652535854] 
PROD012_I 37 [0.5555308493734242, 0.05555864382832199, 0.05555864382832199, 0.05555864382832199, 0.05555864382832199, 0.05555864382832199, 0.05555864382832199, 0.05555864382832199, 0.05555864382832199] 
PROD012_J 30 [0.49997748862959523, 0.05000225113704048, 0.05000225113704048, 0.05000225113704048, 0.05000225113704048, 0.05000225113704048, 0.05000225113704048, 0.05000225113704048, 0.05000225113704048, 0.05000225113704048, 0.05000225113704048] 
PROD012_K 2 [0.0833437631130482, 0.8333124737739017, 0.08334376311305008] 
PROD014_DIRECTION J [0.09092263474641465, 0.9090773652535854] 
PROD014_I 46 [0.6249736133972773, 0.06250439776712048, 0.06250439776712048, 0.06250439776712048, 0.06250439776712048, 0.06250439776712048, 0.06250439776712048] 
PROD014_J 41 [0.05263420467693885, 0.05263420467693885, 0.05263420467693885, 0.05263420467693885, 0.05263420467693885, 0.05263420467693885, 0.05263420467693885, 0.5262921579075504, 0.05263420467693885, 0.05263420467693885] 
PROD014_K 3 [0.08334376311304875, 0.08334376311304875, 0.8333124737739024] 
PROD021_DIRECTION I [0.9090773652535854, 0.09092263474641465] 
PROD021_I 18 [0.04762099216397717, 0.04762099216397717, 0.04762099216397717, 0.04762099216397717, 0.47616908619625115, 0.04762099216397717, 0.04762099216397717, 0.04762099216397717, 0.04762099216397717, 0.04762099216397717, 0.04762099216397717, 0.04762099216397717] 
PROD021_J 41 [0.06250439776712048, 0.06250439776712048, 0.06250439776712048, 0.06250439776712048, 0.6249736133972773, 0.06250439776712048, 0.06250439776712048] 
PROD021_K 3 [0.08334376311304875, 0.08334376311304875, 0.8333124737739024] 
PROD023A_DIRECTION I [0.9090773652535854, 0.09092263474641465] 
PROD023A_I 56 [0.7142594505745673, 0.07143513735635813, 0.07143513735635813, 0.07143513735635813, 0.07143513735635813] 
PROD023A_J 13 [0.666639977944401, 0.0666720044111198, 0.0666720044111198, 0.0666720044111198, 0.0666720044111198, 0.0666720044111198] 
PROD023A_K 2 [0.08334376311310958, 0.8333124737738629, 0.08334376311302752] 
PROD024A_I 56 [0.6249736133972773, 0.06250439776712048, 0.06250439776712048, 0.06250439776712048, 0.06250439776712048, 0.06250439776712048, 0.06250439776712048] 
PROD024A_J 35 [0.07693127875996479, 0.07693127875996479, 0.7692061637201055, 0.07693127875996479] 
PROD024A_K 2 [0.08334376311304877, 0.8333124737739026, 0.08334376311304877] 
PROD025A_DIRECTION I [0.9090773652535854, 0.09092263474641465] 
PROD025A_I 58 [0.06667200441111981, 0.06667200441111981, 0.06667200441111981, 0.06667200441111981, 0.666639977944401, 0.06667200441111981] 
PROD025A_J 22 [0.07143513735635813, 0.7142594505745673, 0.07143513735635813, 0.07143513735635813, 0.07143513735635813] 
PROD025A_K 1 [0.8333124737739026, 0.08334376311304877, 0.08334376311304877] 
PROD026_DIRECTION I [0.9090773652535854, 0.09092263474641465] 
PROD026_I 49 [0.07143513735635815, 0.07143513735635815, 0.07143513735635815, 0.07143513735635815, 0.7142594505745674] 
PROD026_J 8 [0.06250439776712048, 0.06250439776712048, 0.6249736133972773, 0.06250439776712048, 0.06250439776712048, 0.06250439776712048, 0.06250439776712048] 
PROD026_K 2 [0.08334376311304877, 0.8333124737739026, 0.08334376311304877] 
INJ006_I 52 [0.06627363680826899, 0.06627363680826899, 0.07224946982572641, 0.6626559829411974, 0.06627363680826899, 0.06627363680826899] 
INJ006_J 28 [0.05882719558633338, 0.05882719558633338, 0.05882719558633338, 0.05882719558633338, 0.05882719558633338, 0.05882719558633338, 0.05882719558633338, 0.5882096308956664] 
INJ006_K 13 [0.07693127875983717, 0.07693127875983717, 0.7692061637198992, 0.07693127876042646] 
INJ010_DIRECTION J [0.09092263474641465, 0.9090773652535854] 
INJ010_I 72 [0.07143513735635815, 0.07143513735635815, 0.07143513735635815, 0.07143513735635815, 0.7142594505745674] 
INJ010_J 34 [0.07143513735635813, 0.07143513735635813, 0.7142594505745673, 0.07143513735635813, 0.07143513735635813] 
INJ010_K 6 [0.7692061637201055, 0.07693127875996479, 0.07693127875996479, 0.07693127875996479] 
INJ017_DIRECTION I [0.9090773652535854, 0.09092263474641465] 
INJ017_I 36 [0.06667200441111981, 0.06667200441111981, 0.06667200441111981, 0.06667200441111981, 0.666639977944401, 0.06667200441111981] 
INJ017_J 14 [0.6249736133972773, 0.06250439776712048, 0.06250439776712048, 0.06250439776712048, 0.06250439776712048, 0.06250439776712048, 0.06250439776712048] 
INJ017_K 7 [0.7142594505745673, 0.07143513735635813, 0.07143513735635813, 0.07143513735635813, 0.07143513735635813] 
INJ019_DIRECTION J [0.09092263474641465, 0.9090773652535854] 
INJ019_I 30 [0.06667200441064025, 0.06667200441064025, 0.06667200441362871, 0.6666399779438105, 0.06667200441064025, 0.06667200441064025] 
INJ019_J 49 [0.0769312787599648, 0.0769312787599648, 0.0769312787599648, 0.7692061637201056] 
INJ019_K 15 [0.07693127875996479, 0.07693127875996479, 0.7692061637201055, 0.07693127875996479] 
INJ021_DIRECTION J [0.09092263474641465, 0.9090773652535854] 
INJ021_I 21 [0.5555308493734242, 0.05555864382832199, 0.05555864382832199, 0.05555864382832199, 0.05555864382832199, 0.05555864382832199, 0.05555864382832199, 0.05555864382832199, 0.05555864382832199] 
INJ021_J 25 [0.0666720044111198, 0.666639977944401, 0.0666720044111198, 0.0666720044111198, 0.0666720044111198, 0.0666720044111198] 
INJ021_K 12 [0.07693127875996479, 0.07693127875996479, 0.7692061637201055, 0.07693127875996479] 
INJ022_DIRECTION J [0.09092263474641465, 0.9090773652535854] 
INJ022_I 65 [0.7142594505745673, 0.07143513735635813, 0.07143513735635813, 0.07143513735635813, 0.07143513735635813] 
INJ022_J 24 [0.07693127875996479, 0.07693127875996479, 0.7692061637201055, 0.07693127875996479] 
INJ022_K 15 [0.07143513735635815, 0.07143513735635815, 0.07143513735635815, 0.07143513735635815, 0.7142594505745674] 
INJ023_DIRECTION J [0.09092263474641465, 0.9090773652535854] 
INJ023_I 45 [0.0666720044111198, 0.0666720044111198, 0.0666720044111198, 0.0666720044111198, 0.0666720044111198, 0.666639977944401] 
INJ023_J 19 [0.0666720044111198, 0.0666720044111198, 0.0666720044111198, 0.0666720044111198, 0.0666720044111198, 0.666639977944401] 
INJ023_K 15 [0.09092263474641465, 0.9090773652535854] 
NA1A_CONSIDER 1 [0.09092263474641465, 0.9090773652535854] 

