Elite 1 OF_MAX_VPL 3016960505.53
NA2_CONSIDER 0 [0.9990900951178329, 0.0009099048821671304] 
NA3D_CONSIDER 0 [0.9990900951178329, 0.0009099048821671304] 
PltPRDSTL_PltPRDSTO 20150 [0.000526473459134188, 0.000526473459134188, 0.000526473459134188, 0.000526473459134188, 0.9952617388677923, 0.000526473459134188, 0.000526473459134188, 0.000526473459134188, 0.000526473459134188, 0.000526473459134188] 
PltPRDSTW 11857.5 [0.9966650637191907, 0.0006669872561618576, 0.0006669872561618576, 0.0006669872561618576, 0.0006669872561618576, 0.0006669872561618576] 
PltINJSTW 29955 [0.0005980398010368634, 0.0004702226974627314, 0.0004702226974627314, 0.0004702226974627314, 0.0004702226974627314, 0.0004702226974627314, 0.0004702226974627314, 0.9946997332243358, 0.0004702226974627314, 0.0004702226974627314, 0.0004702226974627314, 0.0004702226974627314] 
PROD005_DIRECTION I [0.9990900951178329, 0.0009099048821671304] 
PROD005_I 29 [0.0007697234911525719, 0.0007697234911525719, 0.000769723491152576, 0.9976908295265423] 
PROD005_J 21 [0.000588455458177724, 0.000588455458177724, 0.000588455458177724, 0.000588455458177724, 0.0005884554581777275, 0.9958808117927559, 0.000588455458177724, 0.000588455458177724] 
PROD005_K 2 [0.0008339600066787457, 0.9983320799866425, 0.0008339600066787457] 
PROD006_I 53 [0.000769723491152573, 0.000769723491152573, 0.9976908295265423, 0.000769723491152573] 
PROD006_J 3 [0.0009099048821671304, 0.9990900951178329] 
PROD007_I 63 [0.0007146801084079249, 0.0007146801084079249, 0.0007146801084079249, 0.0007146801084079249, 0.9971412795663683] 
PROD007_J 12 [0.0008339600066787457, 0.0008339600066787457, 0.9983320799866425] 
PROD009_DIRECTION I [0.9990900951178329, 0.0009099048821671304] 
PROD009_I 7 [0.0007146801084079247, 0.0007146801084079247, 0.9971412795663683, 0.0007146801084079247, 0.0007146801084079247] 
PROD009_J 43 [0.0006252641136813296, 0.0006252641136813296, 0.0006252641136813296, 0.0006252641136813296, 0.0006252641136813296, 0.9962484153179106, 0.0006252641136827363] 
PROD009_K 1 [0.9983320799866425, 0.0008339600066787457, 0.0008339600066787457] 
PROD010_DIRECTION I [0.9990900951178329, 0.0009099048821671304] 
PROD010_I 36 [0.0005884554581777245, 0.0005884554581777245, 0.0005884554581777245, 0.0005884554581777245, 0.0005884554581777245, 0.0005884554581777245, 0.0005884554581777245, 0.9958808117927559] 
PROD010_J 34 [0.0006252641136815418, 0.0006252641136815418, 0.0006252641136815418, 0.0006252641136815418, 0.9962484153179108, 0.0006252641136815418, 0.0006252641136815418] 
PROD010_K 2 [0.0008339600066787457, 0.9983320799866425, 0.0008339600066787457] 
PROD012_DIRECTION I [0.9990900951178329, 0.0009099048821671304] 
PROD012_I 38 [0.0005557410065629091, 0.9955540719474967, 0.000555741006562909, 0.000555741006562909, 0.000555741006562909, 0.000555741006562909, 0.000555741006562909, 0.000555741006562909, 0.000555741006562909] 
PROD012_J 37 [0.000500135172400132, 0.000500135172400132, 0.000500135172400132, 0.000500135172400132, 0.000500135172400132, 0.000500135172400132, 0.000500135172400132, 0.9949986482759987, 0.0005001351724001322, 0.000500135172400132, 0.000500135172400132] 
PROD012_K 3 [0.0008339600066787457, 0.0008339600066787457, 0.9983320799866425] 
PROD014_DIRECTION I [0.9990900951178329, 0.0009099048821671304] 
PROD014_I 52 [0.0006252641136815418, 0.0006252641136815418, 0.0006252641136815418, 0.0006252641136815418, 0.0006252641136815418, 0.0006252641136815418, 0.9962484153179108] 
PROD014_J 38 [0.000526473459134188, 0.000526473459134188, 0.000526473459134188, 0.000526473459134188, 0.9952617388677923, 0.000526473459134188, 0.000526473459134188, 0.000526473459134188, 0.000526473459134188, 0.000526473459134188] 
PROD014_K 2 [0.0008339600066787457, 0.9983320799866425, 0.0008339600066787457] 
PROD021_DIRECTION J [0.0009099048821671304, 0.9990900951178329] 
PROD021_I 28 [0.000476307236345054, 0.000476307236345054, 0.000476307236345054, 0.000476307236345054, 0.000476307236345054, 0.000476307236345054, 0.000476307236345054, 0.000476307236345054, 0.000476307236345054, 0.9947606204002044, 0.000476307236345054, 0.000476307236345054] 
PROD021_J 36 [0.9962484153179108, 0.0006252641136815418, 0.0006252641136815418, 0.0006252641136815418, 0.0006252641136815418, 0.0006252641136815418, 0.0006252641136815418] 
PROD021_K 1 [0.9983320799866425, 0.0008339600066787457, 0.0008339600066787457] 
PROD023A_DIRECTION I [0.9990900951178329, 0.0009099048821671304] 
PROD023A_I 56 [0.9971412795663682, 0.0007146801084082887, 0.0007146801084078318, 0.0007146801084078318, 0.0007146801084078318] 
PROD023A_J 13 [0.9966650637191907, 0.0006669872561618576, 0.0006669872561618576, 0.0006669872561618576, 0.0006669872561618576, 0.0006669872561618576] 
PROD023A_K 2 [0.0008339600066787457, 0.9983320799866425, 0.0008339600066787457] 
PROD024A_I 56 [0.9962484153179108, 0.0006252641136815418, 0.0006252641136815418, 0.0006252641136815418, 0.0006252641136815418, 0.0006252641136815418, 0.0006252641136815418] 
PROD024A_J 36 [0.0007697234911525731, 0.0007697234911525731, 0.0007697234911525731, 0.9976908295265423] 
PROD024A_K 2 [0.000833956757276788, 0.9983320652059315, 0.0008339780367917077] 
PROD025A_DIRECTION J [0.0009099048821671304, 0.9990900951178329] 
PROD025A_I 54 [0.9966650637191907, 0.0006669872561618576, 0.0006669872561618576, 0.0006669872561618576, 0.0006669872561618576, 0.0006669872561618576] 
PROD025A_J 22 [0.0007146801084079247, 0.9971412795663683, 0.0007146801084079247, 0.0007146801084079247, 0.0007146801084079247] 
PROD025A_K 1 [0.9983320799866425, 0.0008339600066787457, 0.0008339600066787457] 
PROD026_DIRECTION I [0.9909099048821671, 0.009090095117832877] 
PROD026_I 45 [0.9971412795663683, 0.0007146801084079247, 0.0007146801084079247, 0.0007146801084079247, 0.0007146801084079247] 
PROD026_J 4 [0.9962484153179108, 0.0006252641136815418, 0.0006252641136815418, 0.0006252641136815418, 0.0006252641136815418, 0.0006252641136815418, 0.0006252641136815418] 
PROD026_K 1 [0.9983320799866425, 0.0008339600066787457, 0.0008339600066787457] 
INJ006_I 51 [0.0006669872561618576, 0.0006669872561618576, 0.9966650637191907, 0.0006669872561618576, 0.0006669872561618576, 0.0006669872561618576] 
INJ006_J 24 [0.0005884554581777243, 0.0005884554581777243, 0.0005884554581777243, 0.9958808117927559, 0.0005884554581777243, 0.0005884554581777243, 0.0005884554581777243, 0.0005884554581777243] 
INJ006_K 13 [0.000769723491152573, 0.000769723491152573, 0.9976908295265423, 0.000769723491152573] 
INJ010_DIRECTION J [0.0009099048821671304, 0.9990900951178329] 
INJ010_I 66 [0.9971412795663683, 0.0007146801084079894, 0.0007146801084079083, 0.0007146801084079083, 0.0007146801084079083] 
INJ010_J 30 [0.9971412795663683, 0.0007146801084079247, 0.0007146801084079247, 0.0007146801084079247, 0.0007146801084079247] 
INJ010_K 15 [0.000769723491152573, 0.000769723491152573, 0.9976908295265423, 0.000769723491152573] 
INJ017_DIRECTION J [0.0009099048821671304, 0.9990900951178329] 
INJ017_I 28 [0.9966650637191907, 0.0006669872561618576, 0.0006669872561618576, 0.0006669872561618576, 0.0006669872561618576, 0.0006669872561618576] 
INJ017_J 26 [0.0006252632016670066, 0.0006252632016670066, 0.0006252632016670066, 0.0006252632016670066, 0.0006252721865783115, 0.0006252632016670066, 0.9962484118050866] 
INJ017_K 16 [0.0007146801084079249, 0.0007146801084079249, 0.0007146801084079249, 0.0007146801084079249, 0.9971412795663683] 
INJ019_DIRECTION J [0.0009099048821671304, 0.9990900951178329] 
INJ019_I 34 [0.0006669872561618576, 0.0006669872561618576, 0.0006669872561618576, 0.0006669872561618576, 0.0006669872561618576, 0.9966650637191907] 
INJ019_J 49 [0.0007697234911525731, 0.0007697234911525731, 0.0007697234911525731, 0.9976908295265423] 
INJ019_K 6 [0.9976908295265423, 0.0007697234911525731, 0.0007697234911525731, 0.0007697234911525731] 
INJ021_DIRECTION J [0.009090095117832877, 0.9909099048821671] 
INJ021_I 21 [0.9955540719474967, 0.000555741006562909, 0.000555741006562909, 0.000555741006562909, 0.000555741006562909, 0.000555741006562909, 0.000555741006562909, 0.000555741006562909, 0.000555741006562909] 
INJ021_J 33 [0.0006669872561618576, 0.0006669872561618576, 0.0006669872561618576, 0.0006669872561618576, 0.9966650637191907, 0.0006669872561618576] 
INJ021_K 12 [0.000769723491152573, 0.000769723491152573, 0.9976908295265423, 0.000769723491152573] 
INJ022_DIRECTION I [0.9990900951178329, 0.0009099048821671304] 
INJ022_I 73 [0.0007146784677106618, 0.0007146784677106618, 0.0007146784677106618, 0.0007146918744430409, 0.9971412727224249] 
INJ022_J 26 [0.0007697234911525731, 0.0007697234911525731, 0.0007697234911525731, 0.9976908295265423] 
INJ022_K 6 [0.9971412795663683, 0.0007146801084079247, 0.0007146801084079247, 0.0007146801084079247, 0.0007146801084079247] 
INJ023_DIRECTION J [0.0009099048821671304, 0.9990900951178329] 
INJ023_I 44 [0.0006669872561618576, 0.0006669872561618576, 0.0006669872561618576, 0.0006669872561618576, 0.9966650637191907, 0.0006669872561618576] 
INJ023_J 19 [0.0006669872561618576, 0.0006669872561618576, 0.0006669872561618576, 0.0006669872561618576, 0.0006669872561618576, 0.9966650637191907] 
INJ023_K 15 [0.0009099048821671304, 0.9990900951178329] 
NA1A_CONSIDER 1 [0.0009099048821671304, 0.9990900951178329] 

Elite 2 OF_MAX_VPL 3016517843.89
NA2_CONSIDER 0 [0.9990900951178329, 0.0009099048821671304] 
NA3D_CONSIDER 0 [0.9990900951178329, 0.0009099048821671304] 
PltPRDSTL_PltPRDSTO 20150 [0.000526473459134188, 0.000526473459134188, 0.000526473459134188, 0.000526473459134188, 0.9952617388677923, 0.000526473459134188, 0.000526473459134188, 0.000526473459134188, 0.000526473459134188, 0.000526473459134188] 
PltPRDSTW 11857.5 [0.9966650637191907, 0.0006669872561618576, 0.0006669872561618576, 0.0006669872561618576, 0.0006669872561618576, 0.0006669872561618576] 
PltINJSTW 29955 [0.0005980398010368634, 0.0004702226974627314, 0.0004702226974627314, 0.0004702226974627314, 0.0004702226974627314, 0.0004702226974627314, 0.0004702226974627314, 0.9946997332243358, 0.0004702226974627314, 0.0004702226974627314, 0.0004702226974627314, 0.0004702226974627314] 
PROD005_DIRECTION I [0.9990900951178329, 0.0009099048821671304] 
PROD005_I 29 [0.0007697234911525719, 0.0007697234911525719, 0.000769723491152576, 0.9976908295265423] 
PROD005_J 20 [0.000588455458177724, 0.000588455458177724, 0.000588455458177724, 0.000588455458177724, 0.0005884554581777275, 0.9958808117927559, 0.000588455458177724, 0.000588455458177724] 
PROD005_K 2 [0.0008339600066787457, 0.9983320799866425, 0.0008339600066787457] 
PROD006_I 53 [0.000769723491152573, 0.000769723491152573, 0.9976908295265423, 0.000769723491152573] 
PROD006_J 3 [0.0009099048821671304, 0.9990900951178329] 
PROD007_I 63 [0.0007146801084079249, 0.0007146801084079249, 0.0007146801084079249, 0.0007146801084079249, 0.9971412795663683] 
PROD007_J 12 [0.0008339600066787457, 0.0008339600066787457, 0.9983320799866425] 
PROD009_DIRECTION I [0.9990900951178329, 0.0009099048821671304] 
PROD009_I 7 [0.0007146801084079247, 0.0007146801084079247, 0.9971412795663683, 0.0007146801084079247, 0.0007146801084079247] 
PROD009_J 43 [0.0006252641136813296, 0.0006252641136813296, 0.0006252641136813296, 0.0006252641136813296, 0.0006252641136813296, 0.9962484153179106, 0.0006252641136827363] 
PROD009_K 1 [0.9983320799866425, 0.0008339600066787457, 0.0008339600066787457] 
PROD010_DIRECTION I [0.9990900951178329, 0.0009099048821671304] 
PROD010_I 36 [0.0005884554581777245, 0.0005884554581777245, 0.0005884554581777245, 0.0005884554581777245, 0.0005884554581777245, 0.0005884554581777245, 0.0005884554581777245, 0.9958808117927559] 
PROD010_J 34 [0.0006252641136815418, 0.0006252641136815418, 0.0006252641136815418, 0.0006252641136815418, 0.9962484153179108, 0.0006252641136815418, 0.0006252641136815418] 
PROD010_K 2 [0.0008339600066787457, 0.9983320799866425, 0.0008339600066787457] 
PROD012_DIRECTION I [0.9990900951178329, 0.0009099048821671304] 
PROD012_I 38 [0.0005557410065629091, 0.9955540719474967, 0.000555741006562909, 0.000555741006562909, 0.000555741006562909, 0.000555741006562909, 0.000555741006562909, 0.000555741006562909, 0.000555741006562909] 
PROD012_J 37 [0.000500135172400132, 0.000500135172400132, 0.000500135172400132, 0.000500135172400132, 0.000500135172400132, 0.000500135172400132, 0.000500135172400132, 0.9949986482759987, 0.0005001351724001322, 0.000500135172400132, 0.000500135172400132] 
PROD012_K 3 [0.0008339600066787457, 0.0008339600066787457, 0.9983320799866425] 
PROD014_DIRECTION I [0.9990900951178329, 0.0009099048821671304] 
PROD014_I 52 [0.0006252641136815418, 0.0006252641136815418, 0.0006252641136815418, 0.0006252641136815418, 0.0006252641136815418, 0.0006252641136815418, 0.9962484153179108] 
PROD014_J 38 [0.000526473459134188, 0.000526473459134188, 0.000526473459134188, 0.000526473459134188, 0.9952617388677923, 0.000526473459134188, 0.000526473459134188, 0.000526473459134188, 0.000526473459134188, 0.000526473459134188] 
PROD014_K 2 [0.0008339600066787457, 0.9983320799866425, 0.0008339600066787457] 
PROD021_DIRECTION J [0.0009099048821671304, 0.9990900951178329] 
PROD021_I 28 [0.000476307236345054, 0.000476307236345054, 0.000476307236345054, 0.000476307236345054, 0.000476307236345054, 0.000476307236345054, 0.000476307236345054, 0.000476307236345054, 0.000476307236345054, 0.9947606204002044, 0.000476307236345054, 0.000476307236345054] 
PROD021_J 36 [0.9962484153179108, 0.0006252641136815418, 0.0006252641136815418, 0.0006252641136815418, 0.0006252641136815418, 0.0006252641136815418, 0.0006252641136815418] 
PROD021_K 1 [0.9983320799866425, 0.0008339600066787457, 0.0008339600066787457] 
PROD023A_DIRECTION I [0.9990900951178329, 0.0009099048821671304] 
PROD023A_I 56 [0.9971412795663682, 0.0007146801084082887, 0.0007146801084078318, 0.0007146801084078318, 0.0007146801084078318] 
PROD023A_J 13 [0.9966650637191907, 0.0006669872561618576, 0.0006669872561618576, 0.0006669872561618576, 0.0006669872561618576, 0.0006669872561618576] 
PROD023A_K 2 [0.0008339600066787457, 0.9983320799866425, 0.0008339600066787457] 
PROD024A_I 56 [0.9962484153179108, 0.0006252641136815418, 0.0006252641136815418, 0.0006252641136815418, 0.0006252641136815418, 0.0006252641136815418, 0.0006252641136815418] 
PROD024A_J 36 [0.0007697234911525731, 0.0007697234911525731, 0.0007697234911525731, 0.9976908295265423] 
PROD024A_K 2 [0.000833956757276788, 0.9983320652059315, 0.0008339780367917077] 
PROD025A_DIRECTION J [0.0009099048821671304, 0.9990900951178329] 
PROD025A_I 54 [0.9966650637191907, 0.0006669872561618576, 0.0006669872561618576, 0.0006669872561618576, 0.0006669872561618576, 0.0006669872561618576] 
PROD025A_J 22 [0.0007146801084079247, 0.9971412795663683, 0.0007146801084079247, 0.0007146801084079247, 0.0007146801084079247] 
PROD025A_K 1 [0.9983320799866425, 0.0008339600066787457, 0.0008339600066787457] 
PROD026_DIRECTION I [0.9909099048821671, 0.009090095117832877] 
PROD026_I 45 [0.9971412795663683, 0.0007146801084079247, 0.0007146801084079247, 0.0007146801084079247, 0.0007146801084079247] 
PROD026_J 4 [0.9962484153179108, 0.0006252641136815418, 0.0006252641136815418, 0.0006252641136815418, 0.0006252641136815418, 0.0006252641136815418, 0.0006252641136815418] 
PROD026_K 1 [0.9983320799866425, 0.0008339600066787457, 0.0008339600066787457] 
INJ006_I 51 [0.0006669872561618576, 0.0006669872561618576, 0.9966650637191907, 0.0006669872561618576, 0.0006669872561618576, 0.0006669872561618576] 
INJ006_J 24 [0.0005884554581777243, 0.0005884554581777243, 0.0005884554581777243, 0.9958808117927559, 0.0005884554581777243, 0.0005884554581777243, 0.0005884554581777243, 0.0005884554581777243] 
INJ006_K 13 [0.000769723491152573, 0.000769723491152573, 0.9976908295265423, 0.000769723491152573] 
INJ010_DIRECTION J [0.0009099048821671304, 0.9990900951178329] 
INJ010_I 66 [0.9971412795663683, 0.0007146801084079894, 0.0007146801084079083, 0.0007146801084079083, 0.0007146801084079083] 
INJ010_J 30 [0.9971412795663683, 0.0007146801084079247, 0.0007146801084079247, 0.0007146801084079247, 0.0007146801084079247] 
INJ010_K 15 [0.000769723491152573, 0.000769723491152573, 0.9976908295265423, 0.000769723491152573] 
INJ017_DIRECTION J [0.0009099048821671304, 0.9990900951178329] 
INJ017_I 28 [0.9966650637191907, 0.0006669872561618576, 0.0006669872561618576, 0.0006669872561618576, 0.0006669872561618576, 0.0006669872561618576] 
INJ017_J 26 [0.0006252632016670066, 0.0006252632016670066, 0.0006252632016670066, 0.0006252632016670066, 0.0006252721865783115, 0.0006252632016670066, 0.9962484118050866] 
INJ017_K 16 [0.0007146801084079249, 0.0007146801084079249, 0.0007146801084079249, 0.0007146801084079249, 0.9971412795663683] 
INJ019_DIRECTION J [0.0009099048821671304, 0.9990900951178329] 
INJ019_I 34 [0.0006669872561618576, 0.0006669872561618576, 0.0006669872561618576, 0.0006669872561618576, 0.0006669872561618576, 0.9966650637191907] 
INJ019_J 49 [0.0007697234911525731, 0.0007697234911525731, 0.0007697234911525731, 0.9976908295265423] 
INJ019_K 6 [0.9976908295265423, 0.0007697234911525731, 0.0007697234911525731, 0.0007697234911525731] 
INJ021_DIRECTION J [0.009090095117832877, 0.9909099048821671] 
INJ021_I 21 [0.9955540719474967, 0.000555741006562909, 0.000555741006562909, 0.000555741006562909, 0.000555741006562909, 0.000555741006562909, 0.000555741006562909, 0.000555741006562909, 0.000555741006562909] 
INJ021_J 31 [0.0006669872561618576, 0.0006669872561618576, 0.0006669872561618576, 0.0006669872561618576, 0.9966650637191907, 0.0006669872561618576] 
INJ021_K 12 [0.000769723491152573, 0.000769723491152573, 0.9976908295265423, 0.000769723491152573] 
INJ022_DIRECTION I [0.9990900951178329, 0.0009099048821671304] 
INJ022_I 73 [0.0007146784677106618, 0.0007146784677106618, 0.0007146784677106618, 0.0007146918744430409, 0.9971412727224249] 
INJ022_J 26 [0.0007697234911525731, 0.0007697234911525731, 0.0007697234911525731, 0.9976908295265423] 
INJ022_K 6 [0.9971412795663683, 0.0007146801084079247, 0.0007146801084079247, 0.0007146801084079247, 0.0007146801084079247] 
INJ023_DIRECTION J [0.0009099048821671304, 0.9990900951178329] 
INJ023_I 44 [0.0006669872561618576, 0.0006669872561618576, 0.0006669872561618576, 0.0006669872561618576, 0.9966650637191907, 0.0006669872561618576] 
INJ023_J 19 [0.0006669872561618576, 0.0006669872561618576, 0.0006669872561618576, 0.0006669872561618576, 0.0006669872561618576, 0.9966650637191907] 
INJ023_K 15 [0.0009099048821671304, 0.9990900951178329] 
NA1A_CONSIDER 1 [0.0009099048821671304, 0.9990900951178329] 

