Elite 1 OF_MAX_VPL 2996692370.84
NA2_CONSIDER 0 [0.9993446165447917, 0.0006553834552082691] 
NA3D_CONSIDER 0 [0.9993446165447917, 0.0006553834552082691] 
PltPRDSTL_PltPRDSTO 23250 [0.9965880125093445, 0.0003791097211839498, 0.0003791097211839498, 0.0003791097211839498, 0.0003791097211839498, 0.0003791097211839498, 0.0003791097211839498, 0.0003791097211839498, 0.0003791097211839498, 0.0003791097211839498] 
PltPRDSTW 11160 [0.00048033044063835166, 0.9975983494475179, 0.0004803300279609345, 0.0004803300279609345, 0.0004803300279609345, 0.0004803300279609345] 
PltINJSTW 27210 [0.0003429773747693556, 0.0003429773747693556, 0.0003429773747693556, 0.0003429773747693556, 0.9962272488775371, 0.0003429773747693556, 0.0003429773747693556, 0.0003429773747693556, 0.0003429773747693556, 0.0003429773747693556, 0.0003429773747693556, 0.0003429773747693556] 
PROD005_DIRECTION J [0.0006553834552082691, 0.9993446165447917] 
PROD005_I 29 [0.000554353447029803, 0.000554353447029803, 0.000554353447029803, 0.9983369396589106] 
PROD005_J 20 [0.00042375610697211385, 0.00042375610697211385, 0.00042375610697211385, 0.00042375610697211385, 0.9970337072511952, 0.00042375610697211385, 0.00042375610697211385, 0.00042375610697211385] 
PROD005_K 2 [0.0006006451892588207, 0.9987987096214823, 0.0006006451892588207] 
PROD006_I 53 [0.0005543534433396705, 0.000554353463667644, 0.998336939649653, 0.0005543534433396705] 
PROD006_J 3 [0.0006553834552082691, 0.9993446165447917] 
PROD007_I 61 [0.0005146917818015002, 0.0005146917818015002, 0.997941232872794, 0.0005146917818015002, 0.0005146917818015002] 
PROD007_J 10 [0.9987987096214823, 0.0006006451892588207, 0.0006006451892588207] 
PROD009_DIRECTION I [0.9993446165447917, 0.0006553834552082691] 
PROD009_I 6 [0.0005146917818015002, 0.997941232872794, 0.0005146917818015002, 0.0005146917818015002, 0.0005146917818015002] 
PROD009_J 41 [0.00045027194313405813, 0.00045027194313405813, 0.00045027194313405813, 0.9972983683411957, 0.00045027194313405813, 0.00045027194313405813, 0.00045027194313405813] 
PROD009_K 1 [0.9987987096214823, 0.0006006451892588207, 0.0006006451892588207] 
PROD010_DIRECTION J [0.0006553834552082691, 0.9993446165447917] 
PROD010_I 32 [0.00042375610697211385, 0.00042375610697211385, 0.00042375610697211385, 0.9970337072511952, 0.00042375610697211385, 0.00042375610697211385, 0.00042375610697211385, 0.00042375610697211385] 
PROD010_J 31 [0.00045027194315212506, 0.9972983683411925, 0.0004502719431310878, 0.0004502719431310878, 0.0004502719431310878, 0.0004502719431310878, 0.0004502719431310878] 
PROD010_K 1 [0.9987987096214823, 0.0006006451892588207, 0.0006006451892588207] 
PROD012_DIRECTION J [0.0006553834552082691, 0.9993446165447917] 
PROD012_I 37 [0.9967984723523368, 0.0004001909559579036, 0.0004001909559579036, 0.0004001909559579036, 0.0004001909559579036, 0.0004001909559579036, 0.0004001909559579036, 0.0004001909559579036, 0.0004001909559579036] 
PROD012_J 30 [0.9963986081046383, 0.00036013918953617353, 0.00036013918953617353, 0.00036013918953617353, 0.00036013918953617353, 0.00036013918953617353, 0.00036013918953617353, 0.00036013918953617353, 0.00036013918953617353, 0.00036013918953617353, 0.00036013918953617353] 
PROD012_K 2 [0.0006006451892588207, 0.9987987096214823, 0.0006006451892588207] 
PROD014_DIRECTION J [0.0006553834552082691, 0.9993446165447917] 
PROD014_I 47 [0.00045027194313405965, 0.9972983683411957, 0.0004502719431340581, 0.0004502719431340581, 0.0004502719431340581, 0.0004502719431340581, 0.0004502719431340581] 
PROD014_J 40 [0.0003791097211566371, 0.0003791097211566371, 0.0003791097211566371, 0.0003791097211566371, 0.0003791097211566371, 0.0003791097211566371, 0.9965880125093239, 0.0003791097214229476, 0.0003791097211566371, 0.0003791097211566371] 
PROD014_K 3 [0.0006006451892588207, 0.0006006451892588207, 0.9987987096214823] 
PROD021_DIRECTION I [0.9993446165447917, 0.0006553834552082691] 
PROD021_I 20 [0.0003429773747693556, 0.0003429773747693556, 0.0003429773747693556, 0.0003429773747693556, 0.0003429773747693556, 0.9962272488775371, 0.0003429773747693556, 0.0003429773747693556, 0.0003429773747693556, 0.0003429773747693556, 0.0003429773747693556, 0.0003429773747693556] 
PROD021_J 40 [0.00045027194313405813, 0.00045027194313405813, 0.00045027194313405813, 0.9972983683411957, 0.00045027194313405813, 0.00045027194313405813, 0.00045027194313405813] 
PROD021_K 1 [0.9987987096214823, 0.0006006451892588207, 0.0006006451892588207] 
PROD023A_DIRECTION J [0.0006553834552082691, 0.9993446165447917] 
PROD023A_I 56 [0.997941232872794, 0.0005146917818015002, 0.0005146917818015002, 0.0005146917818015002, 0.0005146917818015002] 
PROD023A_J 13 [0.997598349569916, 0.00048033008601680046, 0.0004803300860167946, 0.00048033008601678745, 0.00048033008601678745, 0.00048033008601678745] 
PROD023A_K 3 [0.0006006451892588207, 0.0006006451892588207, 0.9987987096214823] 
PROD024A_I 56 [0.9972983683411957, 0.0004502719431340581, 0.0004502719431340581, 0.0004502719431340581, 0.0004502719431340581, 0.0004502719431340581, 0.0004502719431340581] 
PROD024A_J 33 [0.9983369396589106, 0.000554353447029803, 0.000554353447029803, 0.000554353447029803] 
PROD024A_K 3 [0.0006006451892588207, 0.0006006451892588207, 0.9987987096214823] 
PROD025A_DIRECTION J [0.0006553834552082691, 0.9993446165447917] 
PROD025A_I 58 [0.00048033008601679113, 0.00048033008601679113, 0.00048033008601679113, 0.00048033008601679113, 0.997598349569916, 0.00048033008601679113] 
PROD025A_J 21 [0.997941232872794, 0.0005146917818015002, 0.0005146917818015002, 0.0005146917818015002, 0.0005146917818015002] 
PROD025A_K 2 [0.0006006451892588207, 0.9987987096214823, 0.0006006451892588207] 
PROD026_DIRECTION I [0.9993446165447917, 0.0006553834552082691] 
PROD026_I 48 [0.0005146917818015003, 0.0005146917818015003, 0.0005146917818015003, 0.997941232872794, 0.0005146917818015003] 
PROD026_J 5 [0.0004502719431340581, 0.9972983683411957, 0.0004502719431340581, 0.0004502719431340581, 0.0004502719431340581, 0.0004502719431340581, 0.0004502719431340581] 
PROD026_K 1 [0.9987987096214823, 0.0006006451892588207, 0.0006006451892588207] 
INJ006_I 52 [0.00048033008601679113, 0.00048033008601679113, 0.00048033008601679113, 0.997598349569916, 0.00048033008601679113, 0.00048033008601679113] 
INJ006_J 28 [0.00042375610697211385, 0.00042375610697211385, 0.00042375610697211385, 0.00042375610697211385, 0.00042375610697211385, 0.00042375610697211385, 0.00042375610697211385, 0.9970337072511952] 
INJ006_K 13 [0.000554353447029803, 0.000554353447029803, 0.9983369396589106, 0.000554353447029803] 
INJ010_DIRECTION J [0.0006553834552082691, 0.9993446165447917] 
INJ010_I 68 [0.0005146917818015002, 0.997941232872794, 0.0005146917818015002, 0.0005146917818015002, 0.0005146917818015002] 
INJ010_J 38 [0.0005146917818015003, 0.0005146917818015003, 0.0005146917818015003, 0.0005146917818015003, 0.997941232872794] 
INJ010_K 6 [0.9983369396589106, 0.000554353447029803, 0.000554353447029803, 0.000554353447029803] 
INJ017_DIRECTION I [0.9993446165447917, 0.0006553834552082691] 
INJ017_I 36 [0.00048033008601679113, 0.00048033008601679113, 0.00048033008601679113, 0.00048033008601679113, 0.997598349569916, 0.00048033008601679113] 
INJ017_J 14 [0.9972983683411957, 0.0004502719431340581, 0.0004502719431340581, 0.0004502719431340581, 0.0004502719431340581, 0.0004502719431340581, 0.0004502719431340581] 
INJ017_K 7 [0.997941232872794, 0.0005146917818015002, 0.0005146917818015002, 0.0005146917818015002, 0.0005146917818015002] 
INJ019_DIRECTION I [0.9993446165447917, 0.0006553834552082691] 
INJ019_I 32 [0.00048033008601679113, 0.00048033008601679113, 0.00048033008601679113, 0.00048033008601679113, 0.997598349569916, 0.00048033008601679113] 
INJ019_J 49 [0.000554353447029803, 0.000554353447029803, 0.000554353447029803, 0.9983369396589106] 
INJ019_K 6 [0.9983369396589106, 0.000554353447029803, 0.000554353447029803, 0.000554353447029803] 
INJ021_DIRECTION J [0.0006553834552082691, 0.9993446165447917] 
INJ021_I 24 [0.0004001909559579036, 0.0004001909559579036, 0.0004001909559579036, 0.9967984723523368, 0.0004001909559579036, 0.0004001909559579036, 0.0004001909559579036, 0.0004001909559579036, 0.0004001909559579036] 
INJ021_J 25 [0.00048033008601679113, 0.997598349569916, 0.00048033008601679113, 0.00048033008601679113, 0.00048033008601679113, 0.00048033008601679113] 
INJ021_K 16 [0.000554353447029803, 0.000554353447029803, 0.000554353447029803, 0.9983369396589106] 
INJ022_DIRECTION I [0.9993446165447917, 0.0006553834552082691] 
INJ022_I 73 [0.0005146917818015003, 0.0005146917818015003, 0.0005146917818015003, 0.0005146917818015003, 0.997941232872794] 
INJ022_J 24 [0.000554353447029803, 0.000554353447029803, 0.9983369396589106, 0.000554353447029803] 
INJ022_K 6 [0.997941232872794, 0.0005146917818015002, 0.0005146917818015002, 0.0005146917818015002, 0.0005146917818015002] 
INJ023_DIRECTION J [0.0006553834552082691, 0.9993446165447917] 
INJ023_I 45 [0.00048033008601679113, 0.00048033008601679113, 0.00048033008601679113, 0.00048033008601679113, 0.00048033008601679113, 0.997598349569916] 
INJ023_J 19 [0.00048033008601679113, 0.00048033008601679113, 0.00048033008601679113, 0.00048033008601679113, 0.00048033008601679113, 0.997598349569916] 
INJ023_K 15 [0.0006553834552082691, 0.9993446165447917] 
NA1A_CONSIDER 1 [0.0006553834552082691, 0.9993446165447917] 

Elite 2 OF_MAX_VPL 2996692370.84
NA2_CONSIDER 0 [0.9993446165447917, 0.0006553834552082691] 
NA3D_CONSIDER 0 [0.9993446165447917, 0.0006553834552082691] 
PltPRDSTL_PltPRDSTO 23250 [0.9965880125093445, 0.0003791097211839498, 0.0003791097211839498, 0.0003791097211839498, 0.0003791097211839498, 0.0003791097211839498, 0.0003791097211839498, 0.0003791097211839498, 0.0003791097211839498, 0.0003791097211839498] 
PltPRDSTW 11160 [0.00048033200451352994, 0.9975983489077442, 0.0004803297719355731, 0.0004803297719355731, 0.0004803297719355731, 0.0004803297719355731] 
PltINJSTW 27210 [0.0003429773747693556, 0.0003429773747693556, 0.0003429773747693556, 0.0003429773747693556, 0.9962272488775371, 0.0003429773747693556, 0.0003429773747693556, 0.0003429773747693556, 0.0003429773747693556, 0.0003429773747693556, 0.0003429773747693556, 0.0003429773747693556] 
PROD005_DIRECTION J [0.0006553834552082691, 0.9993446165447917] 
PROD005_I 29 [0.000554353447029803, 0.000554353447029803, 0.000554353447029803, 0.9983369396589106] 
PROD005_J 20 [0.00042375610697211385, 0.00042375610697211385, 0.00042375610697211385, 0.00042375610697211385, 0.9970337072511952, 0.00042375610697211385, 0.00042375610697211385, 0.00042375610697211385] 
PROD005_K 2 [0.0006006451892588207, 0.9987987096214823, 0.0006006451892588207] 
PROD006_I 53 [0.0005543534433396705, 0.000554353463667644, 0.998336939649653, 0.0005543534433396705] 
PROD006_J 3 [0.0006553834552082691, 0.9993446165447917] 
PROD007_I 61 [0.0005146917818015002, 0.0005146917818015002, 0.997941232872794, 0.0005146917818015002, 0.0005146917818015002] 
PROD007_J 10 [0.9987987096214823, 0.0006006451892588207, 0.0006006451892588207] 
PROD009_DIRECTION I [0.9993446165447917, 0.0006553834552082691] 
PROD009_I 6 [0.0005146917818015002, 0.997941232872794, 0.0005146917818015002, 0.0005146917818015002, 0.0005146917818015002] 
PROD009_J 41 [0.00045027194313405813, 0.00045027194313405813, 0.00045027194313405813, 0.9972983683411957, 0.00045027194313405813, 0.00045027194313405813, 0.00045027194313405813] 
PROD009_K 1 [0.9987987096214823, 0.0006006451892588207, 0.0006006451892588207] 
PROD010_DIRECTION J [0.0006553834552082691, 0.9993446165447917] 
PROD010_I 32 [0.00042375610697211385, 0.00042375610697211385, 0.00042375610697211385, 0.9970337072511952, 0.00042375610697211385, 0.00042375610697211385, 0.00042375610697211385, 0.00042375610697211385] 
PROD010_J 31 [0.00045027194315212506, 0.9972983683411925, 0.0004502719431310878, 0.0004502719431310878, 0.0004502719431310878, 0.0004502719431310878, 0.0004502719431310878] 
PROD010_K 1 [0.9987987096214823, 0.0006006451892588207, 0.0006006451892588207] 
PROD012_DIRECTION J [0.0006553834552082691, 0.9993446165447917] 
PROD012_I 37 [0.9967984723523368, 0.0004001909559579036, 0.0004001909559579036, 0.0004001909559579036, 0.0004001909559579036, 0.0004001909559579036, 0.0004001909559579036, 0.0004001909559579036, 0.0004001909559579036] 
PROD012_J 30 [0.9963986081046383, 0.00036013918953617353, 0.00036013918953617353, 0.00036013918953617353, 0.00036013918953617353, 0.00036013918953617353, 0.00036013918953617353, 0.00036013918953617353, 0.00036013918953617353, 0.00036013918953617353, 0.00036013918953617353] 
PROD012_K 2 [0.0006006451892588207, 0.9987987096214823, 0.0006006451892588207] 
PROD014_DIRECTION J [0.0006553834552082691, 0.9993446165447917] 
PROD014_I 47 [0.00045027194313405965, 0.9972983683411957, 0.0004502719431340581, 0.0004502719431340581, 0.0004502719431340581, 0.0004502719431340581, 0.0004502719431340581] 
PROD014_J 40 [0.0003791097211566371, 0.0003791097211566371, 0.0003791097211566371, 0.0003791097211566371, 0.0003791097211566371, 0.0003791097211566371, 0.9965880125093239, 0.0003791097214229476, 0.0003791097211566371, 0.0003791097211566371] 
PROD014_K 3 [0.0006006451892588207, 0.0006006451892588207, 0.9987987096214823] 
PROD021_DIRECTION I [0.9993446165447917, 0.0006553834552082691] 
PROD021_I 20 [0.0003429773747693556, 0.0003429773747693556, 0.0003429773747693556, 0.0003429773747693556, 0.0003429773747693556, 0.9962272488775371, 0.0003429773747693556, 0.0003429773747693556, 0.0003429773747693556, 0.0003429773747693556, 0.0003429773747693556, 0.0003429773747693556] 
PROD021_J 40 [0.00045027194313405813, 0.00045027194313405813, 0.00045027194313405813, 0.9972983683411957, 0.00045027194313405813, 0.00045027194313405813, 0.00045027194313405813] 
PROD021_K 1 [0.9987987096214823, 0.0006006451892588207, 0.0006006451892588207] 
PROD023A_DIRECTION J [0.0006553834552082691, 0.9993446165447917] 
PROD023A_I 56 [0.997941232872794, 0.0005146917818015002, 0.0005146917818015002, 0.0005146917818015002, 0.0005146917818015002] 
PROD023A_J 13 [0.997598349569916, 0.00048033008601680046, 0.0004803300860167946, 0.00048033008601678745, 0.00048033008601678745, 0.00048033008601678745] 
PROD023A_K 3 [0.0006006451892588207, 0.0006006451892588207, 0.9987987096214823] 
PROD024A_I 56 [0.9972983683411957, 0.0004502719431340581, 0.0004502719431340581, 0.0004502719431340581, 0.0004502719431340581, 0.0004502719431340581, 0.0004502719431340581] 
PROD024A_J 33 [0.9983369396589106, 0.000554353447029803, 0.000554353447029803, 0.000554353447029803] 
PROD024A_K 3 [0.0006006451892588207, 0.0006006451892588207, 0.9987987096214823] 
PROD025A_DIRECTION J [0.0006553834552082691, 0.9993446165447917] 
PROD025A_I 58 [0.00048033008601679113, 0.00048033008601679113, 0.00048033008601679113, 0.00048033008601679113, 0.997598349569916, 0.00048033008601679113] 
PROD025A_J 21 [0.997941232872794, 0.0005146917818015002, 0.0005146917818015002, 0.0005146917818015002, 0.0005146917818015002] 
PROD025A_K 2 [0.0006006451892588207, 0.9987987096214823, 0.0006006451892588207] 
PROD026_DIRECTION I [0.9993446165447917, 0.0006553834552082691] 
PROD026_I 48 [0.0005146917818015003, 0.0005146917818015003, 0.0005146917818015003, 0.997941232872794, 0.0005146917818015003] 
PROD026_J 5 [0.0004502719431340581, 0.9972983683411957, 0.0004502719431340581, 0.0004502719431340581, 0.0004502719431340581, 0.0004502719431340581, 0.0004502719431340581] 
PROD026_K 1 [0.9987987096214823, 0.0006006451892588207, 0.0006006451892588207] 
INJ006_I 52 [0.00048033008601679113, 0.00048033008601679113, 0.00048033008601679113, 0.997598349569916, 0.00048033008601679113, 0.00048033008601679113] 
INJ006_J 28 [0.00042375610697211385, 0.00042375610697211385, 0.00042375610697211385, 0.00042375610697211385, 0.00042375610697211385, 0.00042375610697211385, 0.00042375610697211385, 0.9970337072511952] 
INJ006_K 13 [0.000554353447029803, 0.000554353447029803, 0.9983369396589106, 0.000554353447029803] 
INJ010_DIRECTION J [0.0006553834552082691, 0.9993446165447917] 
INJ010_I 68 [0.0005146917818015002, 0.997941232872794, 0.0005146917818015002, 0.0005146917818015002, 0.0005146917818015002] 
INJ010_J 38 [0.0005146917818015003, 0.0005146917818015003, 0.0005146917818015003, 0.0005146917818015003, 0.997941232872794] 
INJ010_K 6 [0.9983369396589106, 0.000554353447029803, 0.000554353447029803, 0.000554353447029803] 
INJ017_DIRECTION I [0.9993446165447917, 0.0006553834552082691] 
INJ017_I 36 [0.00048033008601679113, 0.00048033008601679113, 0.00048033008601679113, 0.00048033008601679113, 0.997598349569916, 0.00048033008601679113] 
INJ017_J 14 [0.9972983683411957, 0.0004502719431340581, 0.0004502719431340581, 0.0004502719431340581, 0.0004502719431340581, 0.0004502719431340581, 0.0004502719431340581] 
INJ017_K 7 [0.997941232872794, 0.0005146917818015002, 0.0005146917818015002, 0.0005146917818015002, 0.0005146917818015002] 
INJ019_DIRECTION I [0.9993446165447917, 0.0006553834552082691] 
INJ019_I 32 [0.00048033008601679113, 0.00048033008601679113, 0.00048033008601679113, 0.00048033008601679113, 0.997598349569916, 0.00048033008601679113] 
INJ019_J 49 [0.000554353447029803, 0.000554353447029803, 0.000554353447029803, 0.9983369396589106] 
INJ019_K 6 [0.9983369396589106, 0.000554353447029803, 0.000554353447029803, 0.000554353447029803] 
INJ021_DIRECTION J [0.0006553834552082691, 0.9993446165447917] 
INJ021_I 24 [0.0004001909559579036, 0.0004001909559579036, 0.0004001909559579036, 0.9967984723523368, 0.0004001909559579036, 0.0004001909559579036, 0.0004001909559579036, 0.0004001909559579036, 0.0004001909559579036] 
INJ021_J 25 [0.00048033008601679113, 0.997598349569916, 0.00048033008601679113, 0.00048033008601679113, 0.00048033008601679113, 0.00048033008601679113] 
INJ021_K 16 [0.000554353447029803, 0.000554353447029803, 0.000554353447029803, 0.9983369396589106] 
INJ022_DIRECTION I [0.9993446165447917, 0.0006553834552082691] 
INJ022_I 73 [0.0005146917818015003, 0.0005146917818015003, 0.0005146917818015003, 0.0005146917818015003, 0.997941232872794] 
INJ022_J 24 [0.000554353447029803, 0.000554353447029803, 0.9983369396589106, 0.000554353447029803] 
INJ022_K 6 [0.997941232872794, 0.0005146917818015002, 0.0005146917818015002, 0.0005146917818015002, 0.0005146917818015002] 
INJ023_DIRECTION J [0.0006553834552082691, 0.9993446165447917] 
INJ023_I 45 [0.00048033008601679113, 0.00048033008601679113, 0.00048033008601679113, 0.00048033008601679113, 0.00048033008601679113, 0.997598349569916] 
INJ023_J 19 [0.00048033008601679113, 0.00048033008601679113, 0.00048033008601679113, 0.00048033008601679113, 0.00048033008601679113, 0.997598349569916] 
INJ023_K 15 [0.0006553834552082691, 0.9993446165447917] 
NA1A_CONSIDER 1 [0.0006553834552082691, 0.9993446165447917] 

