Elite 1 OF_MAX_VPL 3015803847.42
NA2_CONSIDER 0 [0.9090773651772442, 0.09092263482275571] 
NA3D_CONSIDER 1 [0.09092263482275571, 0.9090773651772442] 
PltPRDSTL_PltPRDSTO 23250 [0.5262921578925442, 0.05263420467860616, 0.05263420467860616, 0.05263420467860616, 0.05263420467860616, 0.05263420467860616, 0.05263420467860616, 0.05263420467860616, 0.05263420467860616, 0.05263420467860616] 
PltPRDSTW 10462.5 [0.06667199482902661, 0.0666720811665987, 0.6666399395172948, 0.06667199482902661, 0.06667199482902661, 0.06667199482902661] 
PltINJSTW 27210 [0.04762099216480503, 0.04762099216480503, 0.04762099216480503, 0.04762099216480503, 0.4761690861871445, 0.04762099216480503, 0.04762099216480503, 0.04762099216480503, 0.04762099216480503, 0.04762099216480503, 0.04762099216480503, 0.04762099216480503] 
PROD005_DIRECTION I [0.9090773651772442, 0.09092263482275571] 
PROD005_I 26 [0.7692061636489588, 0.0769312787836804, 0.0769312787836804, 0.0769312787836804] 
PROD005_J 19 [0.05882719558996359, 0.05882719558996359, 0.05882719558996359, 0.5882096308702549, 0.05882719558996359, 0.05882719558996359, 0.05882719558996359, 0.05882719558996359] 
PROD005_K 2 [0.08334376315457157, 0.8333124736908568, 0.08334376315457157] 
PROD006_I 53 [0.0769312787836804, 0.0769312787836804, 0.7692061636489588, 0.0769312787836804] 
PROD006_J 3 [0.09092263482275571, 0.9090773651772442] 
PROD007_I 59 [0.7142594505180865, 0.07143513737047841, 0.07143513737047841, 0.07143513737047841, 0.07143513737047841] 
PROD007_J 12 [0.08334376315457157, 0.08334376315457157, 0.8333124736908568] 
PROD009_DIRECTION I [0.9090773651772442, 0.09092263482275571] 
PROD009_I 6 [0.07143513737047841, 0.7142594505180865, 0.07143513737047841, 0.07143513737047841, 0.07143513737047841] 
PROD009_J 40 [0.06250439777266827, 0.06250439777266827, 0.6249736133639902, 0.06250439777266827, 0.06250439777266827, 0.06250439777266827, 0.06250439777266827] 
PROD009_K 1 [0.8333124736908568, 0.08334376315457157, 0.08334376315457157] 
PROD010_DIRECTION J [0.09092263482275571, 0.9090773651772442] 
PROD010_I 32 [0.05882719558996359, 0.05882719558996359, 0.05882719558996359, 0.5882096308702549, 0.05882719558996359, 0.05882719558996359, 0.05882719558996359, 0.05882719558996359] 
PROD010_J 31 [0.06250439777266827, 0.6249736133639902, 0.06250439777266827, 0.06250439777266827, 0.06250439777266827, 0.06250439777266827, 0.06250439777266827] 
PROD010_K 1 [0.8333124736908568, 0.08334376315457157, 0.08334376315457157] 
PROD012_DIRECTION J [0.09092263482275571, 0.9090773651772442] 
PROD012_I 37 [0.5555308493539539, 0.05555864383075574, 0.05555864383075574, 0.05555864383075574, 0.05555864383075574, 0.05555864383075574, 0.05555864383075574, 0.05555864383075574, 0.05555864383075574] 
PROD012_J 34 [0.0500022511382051, 0.0500022511382051, 0.0500022511382051, 0.0500022511382051, 0.49997748861794894, 0.05000225113820518, 0.0500022511382051, 0.0500022511382051, 0.0500022511382051, 0.0500022511382051, 0.0500022511382051] 
PROD012_K 2 [0.08334376315457157, 0.8333124736908568, 0.08334376315457157] 
PROD014_DIRECTION I [0.9090773651772442, 0.09092263482275571] 
PROD014_I 47 [0.6215132377472374, 0.06769480969967201, 0.062158390510618056, 0.062158390510618056, 0.062158390510618056, 0.062158390510618056, 0.062158390510618056] 
PROD014_J 41 [0.05263420467859894, 0.05263420467859894, 0.05263420467859894, 0.05263420467859894, 0.05263420467859894, 0.05263420467859894, 0.05263420467866956, 0.526292157892539, 0.05263420467859894, 0.05263420467859894] 
PROD014_K 2 [0.08334376315457157, 0.8333124736908568, 0.08334376315457157] 
PROD021_DIRECTION I [0.9090773651772442, 0.09092263482275571] 
PROD021_I 20 [0.04762099216480503, 0.04762099216480503, 0.04762099216480503, 0.04762099216480503, 0.04762099216480503, 0.4761690861871445, 0.04762099216480503, 0.04762099216480503, 0.04762099216480503, 0.04762099216480503, 0.04762099216480503, 0.04762099216480503] 
PROD021_J 40 [0.06250439777266828, 0.06250439777266828, 0.06250439777266828, 0.6249736133639903, 0.06250439777266828, 0.06250439777266828, 0.06250439777266828] 
PROD021_K 1 [0.8333124736908568, 0.08334376315457157, 0.08334376315457157] 
PROD023A_DIRECTION I [0.9090773651772442, 0.09092263482275571] 
PROD023A_I 56 [0.7142594505180865, 0.07143513737047841, 0.07143513737047841, 0.07143513737047841, 0.07143513737047841] 
PROD023A_J 14 [0.06667200441983365, 0.666639977900832, 0.06667200441983365, 0.06667200441983365, 0.06667200441983365, 0.06667200441983365] 
PROD023A_K 2 [0.08334376315457157, 0.8333124736908568, 0.08334376315457157] 
PROD024A_I 56 [0.6249736133639902, 0.06250439777266827, 0.06250439777266827, 0.06250439777266827, 0.06250439777266827, 0.06250439777266827, 0.06250439777266827] 
PROD024A_J 33 [0.7692061636489588, 0.0769312787836804, 0.0769312787836804, 0.0769312787836804] 
PROD024A_K 2 [0.08334376315457157, 0.8333124736908568, 0.08334376315457157] 
PROD025A_DIRECTION J [0.09092263482275571, 0.9090773651772442] 
PROD025A_I 54 [0.666639977900832, 0.06667200441983365, 0.06667200441983365, 0.06667200441983365, 0.06667200441983365, 0.06667200441983365] 
PROD025A_J 22 [0.07143513737047841, 0.7142594505180865, 0.07143513737047841, 0.07143513737047841, 0.07143513737047841] 
PROD025A_K 1 [0.8333124736908568, 0.08334376315457157, 0.08334376315457157] 
PROD026_DIRECTION J [0.09092263482275571, 0.9090773651772442] 
PROD026_I 45 [0.7142594505180865, 0.07143513737047841, 0.07143513737047841, 0.07143513737047841, 0.07143513737047841] 
PROD026_J 5 [0.06250439777266827, 0.6249736133639902, 0.06250439777266828, 0.06250439777266827, 0.06250439777266827, 0.06250439777266827, 0.06250439777266827] 
PROD026_K 1 [0.8333124736908568, 0.08334376315457157, 0.08334376315457157] 
INJ006_I 52 [0.0666720035723854, 0.0666720035723854, 0.06667200959637072, 0.6666399761140877, 0.0666720035723854, 0.0666720035723854] 
INJ006_J 28 [0.05882719558996359, 0.05882719558996359, 0.05882719558996359, 0.05882719558996359, 0.05882719558996359, 0.05882719558996359, 0.05882719558996359, 0.5882096308702549] 
INJ006_K 13 [0.07693127878366376, 0.0769312787837321, 0.7692061636489402, 0.07693127878366376] 
INJ010_DIRECTION J [0.09092263482275571, 0.9090773651772442] 
INJ010_I 68 [0.07143513737047841, 0.7142594505180865, 0.07143513737047841, 0.07143513737047841, 0.07143513737047841] 
INJ010_J 30 [0.7142594505077895, 0.07143513740269264, 0.07143513736317264, 0.07143513736317264, 0.07143513736317264] 
INJ010_K 15 [0.0769312787836804, 0.0769312787836804, 0.7692061636489588, 0.0769312787836804] 
INJ017_DIRECTION J [0.09092263482275571, 0.9090773651772442] 
INJ017_I 28 [0.666639977900832, 0.06667200441983365, 0.06667200441983365, 0.06667200441983365, 0.06667200441983365, 0.06667200441983365] 
INJ017_J 24 [0.06250439777266828, 0.06250439777266828, 0.06250439777266828, 0.06250439777266828, 0.06250439777266828, 0.6249736133639903, 0.06250439777266828] 
INJ017_K 15 [0.07143513737047841, 0.07143513737047841, 0.07143513737047841, 0.7142594505180865, 0.07143513737047841] 
INJ019_DIRECTION J [0.09092263482275571, 0.9090773651772442] 
INJ019_I 24 [0.666639977900832, 0.06667200441983365, 0.06667200441983365, 0.06667200441983365, 0.06667200441983365, 0.06667200441983365] 
INJ019_J 49 [0.0769312787836804, 0.0769312787836804, 0.0769312787836804, 0.7692061636489588] 
INJ019_K 15 [0.0769312787836804, 0.0769312787836804, 0.7692061636489588, 0.0769312787836804] 
INJ021_DIRECTION J [0.09092263482275571, 0.9090773651772442] 
INJ021_I 22 [0.05555864383075574, 0.5555308493539539, 0.05555864383075574, 0.05555864383075574, 0.05555864383075574, 0.05555864383075574, 0.05555864383075574, 0.05555864383075574, 0.05555864383075574] 
INJ021_J 25 [0.06667200441983365, 0.666639977900832, 0.06667200441983365, 0.06667200441983365, 0.06667200441983365, 0.06667200441983365] 
INJ021_K 16 [0.0769312787836804, 0.0769312787836804, 0.0769312787836804, 0.7692061636489588] 
INJ022_DIRECTION I [0.9090773651772442, 0.09092263482275571] 
INJ022_I 73 [0.07143513737041836, 0.07143513737041836, 0.07143513737041836, 0.07143513737074313, 0.7142594505180018] 
INJ022_J 26 [0.07640040925458197, 0.07640040925458197, 0.08330204019099229, 0.7638971412998439] 
INJ022_K 6 [0.7142594505180865, 0.07143513737047841, 0.07143513737047841, 0.07143513737047841, 0.07143513737047841] 
INJ023_DIRECTION J [0.09092263482275571, 0.9090773651772442] 
INJ023_I 45 [0.06667200441983363, 0.06667200441983363, 0.06667200441983363, 0.06667200441983363, 0.06667200441983363, 0.6666399779008317] 
INJ023_J 19 [0.06667200441983363, 0.06667200441983363, 0.06667200441983363, 0.06667200441983363, 0.06667200441983363, 0.6666399779008317] 
INJ023_K 15 [0.09092263482275571, 0.9090773651772442] 
NA1A_CONSIDER 1 [0.09092263482275571, 0.9090773651772442] 

Elite 2 OF_MAX_VPL 3015651759.82
NA2_CONSIDER 0 [0.9090773651772442, 0.09092263482275571] 
NA3D_CONSIDER 1 [0.09092263482275571, 0.9090773651772442] 
PltPRDSTL_PltPRDSTO 23250 [0.5262921578925442, 0.05263420467860616, 0.05263420467860616, 0.05263420467860616, 0.05263420467860616, 0.05263420467860616, 0.05263420467860616, 0.05263420467860616, 0.05263420467860616, 0.05263420467860616] 
PltPRDSTW 10462.5 [0.06667199482902661, 0.0666720811665987, 0.6666399395172948, 0.06667199482902661, 0.06667199482902661, 0.06667199482902661] 
PltINJSTW 27210 [0.04762099216480503, 0.04762099216480503, 0.04762099216480503, 0.04762099216480503, 0.4761690861871445, 0.04762099216480503, 0.04762099216480503, 0.04762099216480503, 0.04762099216480503, 0.04762099216480503, 0.04762099216480503, 0.04762099216480503] 
PROD005_DIRECTION I [0.9090773651772442, 0.09092263482275571] 
PROD005_I 26 [0.7692061636489588, 0.0769312787836804, 0.0769312787836804, 0.0769312787836804] 
PROD005_J 19 [0.05882719558996359, 0.05882719558996359, 0.05882719558996359, 0.5882096308702549, 0.05882719558996359, 0.05882719558996359, 0.05882719558996359, 0.05882719558996359] 
PROD005_K 2 [0.08334376315457157, 0.8333124736908568, 0.08334376315457157] 
PROD006_I 53 [0.0769312787836804, 0.0769312787836804, 0.7692061636489588, 0.0769312787836804] 
PROD006_J 3 [0.09092263482275571, 0.9090773651772442] 
PROD007_I 59 [0.7142594505180865, 0.07143513737047841, 0.07143513737047841, 0.07143513737047841, 0.07143513737047841] 
PROD007_J 12 [0.08334376315457157, 0.08334376315457157, 0.8333124736908568] 
PROD009_DIRECTION I [0.9090773651772442, 0.09092263482275571] 
PROD009_I 6 [0.07143513737047841, 0.7142594505180865, 0.07143513737047841, 0.07143513737047841, 0.07143513737047841] 
PROD009_J 40 [0.06250439777266827, 0.06250439777266827, 0.6249736133639902, 0.06250439777266827, 0.06250439777266827, 0.06250439777266827, 0.06250439777266827] 
PROD009_K 1 [0.8333124736908568, 0.08334376315457157, 0.08334376315457157] 
PROD010_DIRECTION J [0.09092263482275571, 0.9090773651772442] 
PROD010_I 32 [0.05882719558996359, 0.05882719558996359, 0.05882719558996359, 0.5882096308702549, 0.05882719558996359, 0.05882719558996359, 0.05882719558996359, 0.05882719558996359] 
PROD010_J 31 [0.06250439777266827, 0.6249736133639902, 0.06250439777266827, 0.06250439777266827, 0.06250439777266827, 0.06250439777266827, 0.06250439777266827] 
PROD010_K 1 [0.8333124736908568, 0.08334376315457157, 0.08334376315457157] 
PROD012_DIRECTION J [0.09092263482275571, 0.9090773651772442] 
PROD012_I 37 [0.5555308493539539, 0.05555864383075574, 0.05555864383075574, 0.05555864383075574, 0.05555864383075574, 0.05555864383075574, 0.05555864383075574, 0.05555864383075574, 0.05555864383075574] 
PROD012_J 34 [0.0500022511382051, 0.0500022511382051, 0.0500022511382051, 0.0500022511382051, 0.49997748861794894, 0.05000225113820518, 0.0500022511382051, 0.0500022511382051, 0.0500022511382051, 0.0500022511382051, 0.0500022511382051] 
PROD012_K 2 [0.08334376315457157, 0.8333124736908568, 0.08334376315457157] 
PROD014_DIRECTION I [0.9090773651772442, 0.09092263482275571] 
PROD014_I 46 [0.6249736133639902, 0.06250439777266827, 0.06250439777266827, 0.06250439777266827, 0.06250439777266827, 0.06250439777266827, 0.06250439777266827] 
PROD014_J 41 [0.05263420467859894, 0.05263420467859894, 0.05263420467859894, 0.05263420467859894, 0.05263420467859894, 0.05263420467859894, 0.05263420467866956, 0.526292157892539, 0.05263420467859894, 0.05263420467859894] 
PROD014_K 2 [0.08334376315457157, 0.8333124736908568, 0.08334376315457157] 
PROD021_DIRECTION I [0.9090773651772442, 0.09092263482275571] 
PROD021_I 20 [0.04762099216480503, 0.04762099216480503, 0.04762099216480503, 0.04762099216480503, 0.04762099216480503, 0.4761690861871445, 0.04762099216480503, 0.04762099216480503, 0.04762099216480503, 0.04762099216480503, 0.04762099216480503, 0.04762099216480503] 
PROD021_J 40 [0.06250439777266828, 0.06250439777266828, 0.06250439777266828, 0.6249736133639903, 0.06250439777266828, 0.06250439777266828, 0.06250439777266828] 
PROD021_K 1 [0.8333124736908568, 0.08334376315457157, 0.08334376315457157] 
PROD023A_DIRECTION I [0.9090773651772442, 0.09092263482275571] 
PROD023A_I 56 [0.7142594505180865, 0.07143513737047841, 0.07143513737047841, 0.07143513737047841, 0.07143513737047841] 
PROD023A_J 14 [0.06667200441983365, 0.666639977900832, 0.06667200441983365, 0.06667200441983365, 0.06667200441983365, 0.06667200441983365] 
PROD023A_K 2 [0.08334376315457157, 0.8333124736908568, 0.08334376315457157] 
PROD024A_I 56 [0.6249736133639902, 0.06250439777266827, 0.06250439777266827, 0.06250439777266827, 0.06250439777266827, 0.06250439777266827, 0.06250439777266827] 
PROD024A_J 33 [0.7692061636489588, 0.0769312787836804, 0.0769312787836804, 0.0769312787836804] 
PROD024A_K 2 [0.08334376315457157, 0.8333124736908568, 0.08334376315457157] 
PROD025A_DIRECTION J [0.09092263482275571, 0.9090773651772442] 
PROD025A_I 54 [0.666639977900832, 0.06667200441983365, 0.06667200441983365, 0.06667200441983365, 0.06667200441983365, 0.06667200441983365] 
PROD025A_J 22 [0.07143513737047841, 0.7142594505180865, 0.07143513737047841, 0.07143513737047841, 0.07143513737047841] 
PROD025A_K 1 [0.8333124736908568, 0.08334376315457157, 0.08334376315457157] 
PROD026_DIRECTION J [0.09092263482275571, 0.9090773651772442] 
PROD026_I 45 [0.7142594505180865, 0.07143513737047841, 0.07143513737047841, 0.07143513737047841, 0.07143513737047841] 
PROD026_J 5 [0.06250439777266827, 0.6249736133639902, 0.06250439777266828, 0.06250439777266827, 0.06250439777266827, 0.06250439777266827, 0.06250439777266827] 
PROD026_K 1 [0.8333124736908568, 0.08334376315457157, 0.08334376315457157] 
INJ006_I 52 [0.0666720035723854, 0.0666720035723854, 0.06667200959637072, 0.6666399761140877, 0.0666720035723854, 0.0666720035723854] 
INJ006_J 28 [0.05882719558996359, 0.05882719558996359, 0.05882719558996359, 0.05882719558996359, 0.05882719558996359, 0.05882719558996359, 0.05882719558996359, 0.5882096308702549] 
INJ006_K 13 [0.07693127878366376, 0.0769312787837321, 0.7692061636489402, 0.07693127878366376] 
INJ010_DIRECTION J [0.09092263482275571, 0.9090773651772442] 
INJ010_I 68 [0.07143513737047841, 0.7142594505180865, 0.07143513737047841, 0.07143513737047841, 0.07143513737047841] 
INJ010_J 30 [0.7142594505077895, 0.07143513740269264, 0.07143513736317264, 0.07143513736317264, 0.07143513736317264] 
INJ010_K 15 [0.0769312787836804, 0.0769312787836804, 0.7692061636489588, 0.0769312787836804] 
INJ017_DIRECTION J [0.09092263482275571, 0.9090773651772442] 
INJ017_I 28 [0.666639977900832, 0.06667200441983365, 0.06667200441983365, 0.06667200441983365, 0.06667200441983365, 0.06667200441983365] 
INJ017_J 24 [0.06250439777266828, 0.06250439777266828, 0.06250439777266828, 0.06250439777266828, 0.06250439777266828, 0.6249736133639903, 0.06250439777266828] 
INJ017_K 15 [0.07143513737047841, 0.07143513737047841, 0.07143513737047841, 0.7142594505180865, 0.07143513737047841] 
INJ019_DIRECTION J [0.09092263482275571, 0.9090773651772442] 
INJ019_I 24 [0.666639977900832, 0.06667200441983365, 0.06667200441983365, 0.06667200441983365, 0.06667200441983365, 0.06667200441983365] 
INJ019_J 49 [0.0769312787836804, 0.0769312787836804, 0.0769312787836804, 0.7692061636489588] 
INJ019_K 15 [0.0769312787836804, 0.0769312787836804, 0.7692061636489588, 0.0769312787836804] 
INJ021_DIRECTION J [0.09092263482275571, 0.9090773651772442] 
INJ021_I 22 [0.05555864383075574, 0.5555308493539539, 0.05555864383075574, 0.05555864383075574, 0.05555864383075574, 0.05555864383075574, 0.05555864383075574, 0.05555864383075574, 0.05555864383075574] 
INJ021_J 23 [0.666591998702491, 0.06673917376094539, 0.06666720688414098, 0.06666720688414098, 0.06666720688414098, 0.06666720688414098] 
INJ021_K 16 [0.0769312787836804, 0.0769312787836804, 0.0769312787836804, 0.7692061636489588] 
INJ022_DIRECTION I [0.9090773651772442, 0.09092263482275571] 
INJ022_I 73 [0.07143513737041836, 0.07143513737041836, 0.07143513737041836, 0.07143513737074313, 0.7142594505180018] 
INJ022_J 26 [0.07692390852434174, 0.07692390852434174, 0.07701972643641447, 0.7691324565149021] 
INJ022_K 6 [0.7142594505180865, 0.07143513737047841, 0.07143513737047841, 0.07143513737047841, 0.07143513737047841] 
INJ023_DIRECTION J [0.09092263482275571, 0.9090773651772442] 
INJ023_I 45 [0.06667200441983363, 0.06667200441983363, 0.06667200441983363, 0.06667200441983363, 0.06667200441983363, 0.6666399779008317] 
INJ023_J 19 [0.06667200441983363, 0.06667200441983363, 0.06667200441983363, 0.06667200441983363, 0.06667200441983363, 0.6666399779008317] 
INJ023_K 15 [0.09092263482275571, 0.9090773651772442] 
NA1A_CONSIDER 1 [0.09092263482275571, 0.9090773651772442] 

