Elite 1 OF_MAX_VPL 3021554169.43
NA2_CONSIDER 0 [0.9090502471041156, 0.09094975289588436] 
NA3D_CONSIDER 0 [0.9090502471041156, 0.09094975289588436] 
PltPRDSTL_PltPRDSTO 20150 [0.05214359293372709, 0.05214359293372709, 0.061566613634293166, 0.05214359293379535, 0.5212846428958217, 0.05214359293372709, 0.05214359293372709, 0.05214359293372709, 0.05214359293372709, 0.05214359293372709] 
PltPRDSTW 11857.5 [0.06668268716306779, 0.6665865641846606, 0.06668268716306844, 0.06668268716306779, 0.06668268716306779, 0.06668268716306779] 
PltINJSTW 32550 [0.4761262854031478, 0.04762488314516835, 0.04762488314516835, 0.04762488314516835, 0.04762488314516835, 0.04762488314516835, 0.04762488314516835, 0.04762488314516835, 0.04762488314516835, 0.04762488314516835, 0.04762488314516835, 0.04762488314516835] 
PROD005_DIRECTION J [0.09094975289588436, 0.9090502471041156] 
PROD005_I 29 [0.0769476962365754, 0.0769476962365754, 0.0769476962365754, 0.7691569112902739] 
PROD005_J 17 [0.05883453221680933, 0.5881582744823344, 0.05883453221680932, 0.05883453221680932, 0.05883453221680932, 0.05883453221680932, 0.05883453221680932, 0.05883453221680932] 
PROD005_K 2 [0.08336464274502293, 0.8332707145099542, 0.08336464274502293] 
PROD006_I 52 [0.07694769623657541, 0.769156911290274, 0.07694769623657541, 0.07694769623657541] 
PROD006_J 3 [0.09094975289588436, 0.9090502471041156] 
PROD007_I 62 [0.07143058064044079, 0.07167839893682044, 0.7140298595846223, 0.07143058041905818, 0.07143058041905818] 
PROD007_J 12 [0.08336464274502293, 0.08336464274502293, 0.8332707145099542] 
PROD009_DIRECTION J [0.09094975289588436, 0.9090502471041156] 
PROD009_I 9 [0.07144827906363538, 0.07144827906363538, 0.07144827906363538, 0.07144827906363538, 0.7142068837454585] 
PROD009_J 38 [0.6249208071440565, 0.06251319880932385, 0.06251319880932385, 0.06251319880932385, 0.06251319880932385, 0.06251319880932385, 0.06251319880932385] 
PROD009_K 1 [0.8332707145099542, 0.08336464274502293, 0.08336464274502293] 
PROD010_DIRECTION J [0.09094975289588436, 0.9090502471041156] 
PROD010_I 36 [0.05883453221680934, 0.05883453221680934, 0.05883453221680934, 0.05883453221680934, 0.05883453221680934, 0.05883453221680934, 0.05883453221680934, 0.5881582744823346] 
PROD010_J 32 [0.06251319880932386, 0.06251319880932386, 0.6249208071440566, 0.06251319880932386, 0.06251319880932386, 0.06251319880932386, 0.06251319880932386] 
PROD010_K 2 [0.08336464274502293, 0.8332707145099542, 0.08336464274502293] 
PROD012_DIRECTION I [0.9090502471041156, 0.09094975289588436] 
PROD012_I 45 [0.05556482377435131, 0.05556482377435131, 0.05556482377435131, 0.05556482377435131, 0.05556482377435131, 0.05556482377435131, 0.05556482377435131, 0.05556482377435131, 0.5554814098051893] 
PROD012_J 38 [0.05000675567619158, 0.05000675567619158, 0.05000675567619158, 0.05000675567619158, 0.05000675567619158, 0.05000675567619158, 0.05000675567619158, 0.05000675567619158, 0.05000675567619158, 0.49993244323808417, 0.05000675567619158] 
PROD012_K 2 [0.08336464274502293, 0.8332707145099542, 0.08336464274502293] 
PROD014_DIRECTION I [0.9090502471041156, 0.09094975289588436] 
PROD014_I 46 [0.6249208071440565, 0.06251319880932385, 0.06251319880932385, 0.06251319880932385, 0.06251319880932385, 0.06251319880932385, 0.06251319880932385] 
PROD014_J 35 [0.052639458888493786, 0.5262448700035556, 0.052639458888493786, 0.052639458888493786, 0.052639458888493786, 0.052639458888493786, 0.052639458888493786, 0.052639458888493786, 0.052639458888493786, 0.052639458888493786] 
PROD014_K 2 [0.08336464274502293, 0.8332707145099542, 0.08336464274502293] 
PROD021_DIRECTION J [0.09094975289588436, 0.9090502471041156] 
PROD021_I 22 [0.047624883145168356, 0.047624883145168356, 0.047624883145168356, 0.047624883145168356, 0.047624883145168356, 0.047624883145168356, 0.4761262854031479, 0.047624883145168356, 0.047624883145168356, 0.047624883145168356, 0.047624883145168356, 0.047624883145168356] 
PROD021_J 39 [0.06251319880932386, 0.06251319880932386, 0.6249208071440566, 0.06251319880932386, 0.06251319880932386, 0.06251319880932386, 0.06251319880932386] 
PROD021_K 1 [0.8332707145099542, 0.08336464274502293, 0.08336464274502293] 
PROD023A_DIRECTION I [0.9090502471041156, 0.09094975289588436] 
PROD023A_I 56 [0.7142068837453777, 0.07144827906388869, 0.07144827906357794, 0.07144827906357794, 0.07144827906357794] 
PROD023A_J 13 [0.6665865641846607, 0.0666826871630679, 0.0666826871630679, 0.0666826871630679, 0.0666826871630679, 0.0666826871630679] 
PROD023A_K 3 [0.08336464274502293, 0.08336464274502293, 0.8332707145099542] 
PROD024A_I 56 [0.6249208071440565, 0.06251319880932385, 0.06251319880932385, 0.06251319880932385, 0.06251319880932385, 0.06251319880932385, 0.06251319880932385] 
PROD024A_J 33 [0.7691569112902739, 0.07694769623657545, 0.07694769623657538, 0.07694769623657538] 
PROD024A_K 2 [0.08336464274502293, 0.8332707145099542, 0.08336464274502293] 
PROD025A_DIRECTION J [0.09094975289588436, 0.9090502471041156] 
PROD025A_I 54 [0.6665865641846607, 0.0666826871630679, 0.0666826871630679, 0.0666826871630679, 0.0666826871630679, 0.0666826871630679] 
PROD025A_J 22 [0.07144827908611677, 0.7142068837382743, 0.07144827905853632, 0.07144827905853632, 0.07144827905853632] 
PROD025A_K 1 [0.8332707145099542, 0.08336464274502293, 0.08336464274502293] 
PROD026_DIRECTION I [0.9090502471041156, 0.09094975289588436] 
PROD026_I 49 [0.07144827906363538, 0.07144827906363538, 0.07144827906363538, 0.07144827906363538, 0.7142068837454585] 
PROD026_J 7 [0.06251319880932386, 0.06251319880932386, 0.06251319880932386, 0.6249208071440566, 0.06251319880932386, 0.06251319880932386, 0.06251319880932386] 
PROD026_K 1 [0.8332707145099542, 0.08336464274502293, 0.08336464274502293] 
INJ006_I 52 [0.06668268716306788, 0.06668268716306788, 0.06668268716306788, 0.6665865641846606, 0.06668268716306788, 0.06668268716306788] 
INJ006_J 27 [0.05883453221680934, 0.05883453221680934, 0.05883453221680934, 0.05883453221680934, 0.05883453221680934, 0.05883453221680934, 0.5881582744823346, 0.05883453221680934] 
INJ006_K 15 [0.0769476962365754, 0.0769476962365754, 0.0769476962365754, 0.7691569112902739] 
INJ010_DIRECTION I [0.9090502471041156, 0.09094975289588436] 
INJ010_I 72 [0.07144827906363538, 0.07144827906363538, 0.07144827906363538, 0.07144827906363538, 0.7142068837454585] 
INJ010_J 34 [0.07144827906363538, 0.07144827906363538, 0.7142068837454585, 0.07144827906363538, 0.07144827906363538] 
INJ010_K 6 [0.769156911290274, 0.07694769623657541, 0.07694769623657541, 0.07694769623657541] 
INJ017_DIRECTION I [0.9090502471041156, 0.09094975289588436] 
INJ017_I 38 [0.06668268716306788, 0.06668268716306788, 0.06668268716306788, 0.06668268716306788, 0.06668268716306788, 0.6665865641846606] 
INJ017_J 22 [0.06251319880932386, 0.06251319880932386, 0.06251319880932386, 0.06251319880932386, 0.6249208071440566, 0.06251319880932386, 0.06251319880932386] 
INJ017_K 15 [0.07144827906363538, 0.07144827906363538, 0.07144827906363538, 0.7142068837454585, 0.07144827906363538] 
INJ019_DIRECTION J [0.09094975289588436, 0.9090502471041156] 
INJ019_I 32 [0.06668268716306777, 0.06668268716306777, 0.06668268716306777, 0.06668268716306777, 0.6665865641846604, 0.06668268716306842] 
INJ019_J 49 [0.0769476962365754, 0.0769476962365754, 0.0769476962365754, 0.7691569112902739] 
INJ019_K 6 [0.769156911290274, 0.07694769623657541, 0.07694769623657541, 0.07694769623657541] 
INJ021_DIRECTION I [0.9090502471041156, 0.09094975289588436] 
INJ021_I 22 [0.05556482377435133, 0.5554814098051896, 0.05556482377435133, 0.05556482377435133, 0.05556482377435133, 0.05556482377435133, 0.05556482377435133, 0.05556482377435133, 0.05556482377435133] 
INJ021_J 31 [0.06668268716306788, 0.06668268716306788, 0.06668268716306788, 0.06668268716306788, 0.6665865641846606, 0.06668268716306788] 
INJ021_K 16 [0.0769476962365754, 0.0769476962365754, 0.0769476962365754, 0.7691569112902739] 
INJ022_DIRECTION I [0.9090502471041156, 0.09094975289588436] 
INJ022_I 73 [0.07144827906363538, 0.07144827906363538, 0.07144827906363538, 0.07144827906363538, 0.7142068837454585] 
INJ022_J 26 [0.0769476962365754, 0.0769476962365754, 0.0769476962365754, 0.7691569112902739] 
INJ022_K 6 [0.7142068837454585, 0.07144827906363538, 0.07144827906363538, 0.07144827906363538, 0.07144827906363538] 
INJ023_DIRECTION I [0.9090502471041156, 0.09094975289588436] 
INJ023_I 44 [0.06668268716306788, 0.06668268716306788, 0.06668268716306788, 0.06668268716306788, 0.6665865641846606, 0.06668268716306788] 
INJ023_J 17 [0.06668268716306788, 0.06668268716306788, 0.06668268716306788, 0.06668268716306788, 0.6665865641846606, 0.06668268716306788] 
INJ023_K 7 [0.9090502471041156, 0.09094975289588436] 
NA1A_CONSIDER 1 [0.09094975289588436, 0.9090502471041156] 

Elite 2 OF_MAX_VPL 3020553931.64
NA2_CONSIDER 0 [0.9090502471041156, 0.09094975289588436] 
NA3D_CONSIDER 0 [0.9090502471041156, 0.09094975289588436] 
PltPRDSTL_PltPRDSTO 20150 [0.05214359293372709, 0.05214359293372709, 0.061566613634293166, 0.05214359293379535, 0.5212846428958217, 0.05214359293372709, 0.05214359293372709, 0.05214359293372709, 0.05214359293372709, 0.05214359293372709] 
PltPRDSTW 11160 [0.06668268716306779, 0.6665865641846606, 0.06668268716306844, 0.06668268716306779, 0.06668268716306779, 0.06668268716306779] 
PltINJSTW 32550 [0.4761262854031478, 0.04762488314516835, 0.04762488314516835, 0.04762488314516835, 0.04762488314516835, 0.04762488314516835, 0.04762488314516835, 0.04762488314516835, 0.04762488314516835, 0.04762488314516835, 0.04762488314516835, 0.04762488314516835] 
PROD005_DIRECTION J [0.09094975289588436, 0.9090502471041156] 
PROD005_I 29 [0.0769476962365754, 0.0769476962365754, 0.0769476962365754, 0.7691569112902739] 
PROD005_J 17 [0.05883453221680933, 0.5881582744823344, 0.05883453221680932, 0.05883453221680932, 0.05883453221680932, 0.05883453221680932, 0.05883453221680932, 0.05883453221680932] 
PROD005_K 2 [0.08336464274502293, 0.8332707145099542, 0.08336464274502293] 
PROD006_I 52 [0.07694769623657541, 0.769156911290274, 0.07694769623657541, 0.07694769623657541] 
PROD006_J 3 [0.09094975289588436, 0.9090502471041156] 
PROD007_I 62 [0.07143058064044079, 0.07167839893682044, 0.7140298595846223, 0.07143058041905818, 0.07143058041905818] 
PROD007_J 12 [0.08336464274502293, 0.08336464274502293, 0.8332707145099542] 
PROD009_DIRECTION J [0.09094975289588436, 0.9090502471041156] 
PROD009_I 9 [0.07144827906363538, 0.07144827906363538, 0.07144827906363538, 0.07144827906363538, 0.7142068837454585] 
PROD009_J 38 [0.6249208071440565, 0.06251319880932385, 0.06251319880932385, 0.06251319880932385, 0.06251319880932385, 0.06251319880932385, 0.06251319880932385] 
PROD009_K 1 [0.8332707145099542, 0.08336464274502293, 0.08336464274502293] 
PROD010_DIRECTION J [0.09094975289588436, 0.9090502471041156] 
PROD010_I 36 [0.05883453221680934, 0.05883453221680934, 0.05883453221680934, 0.05883453221680934, 0.05883453221680934, 0.05883453221680934, 0.05883453221680934, 0.5881582744823346] 
PROD010_J 32 [0.06251319880932386, 0.06251319880932386, 0.6249208071440566, 0.06251319880932386, 0.06251319880932386, 0.06251319880932386, 0.06251319880932386] 
PROD010_K 2 [0.08336464274502293, 0.8332707145099542, 0.08336464274502293] 
PROD012_DIRECTION I [0.9090502471041156, 0.09094975289588436] 
PROD012_I 45 [0.05556482377435131, 0.05556482377435131, 0.05556482377435131, 0.05556482377435131, 0.05556482377435131, 0.05556482377435131, 0.05556482377435131, 0.05556482377435131, 0.5554814098051893] 
PROD012_J 39 [0.05000675567619158, 0.05000675567619158, 0.05000675567619158, 0.05000675567619158, 0.05000675567619158, 0.05000675567619158, 0.05000675567619158, 0.05000675567619158, 0.05000675567619158, 0.49993244323808417, 0.05000675567619158] 
PROD012_K 2 [0.08336464274502293, 0.8332707145099542, 0.08336464274502293] 
PROD014_DIRECTION I [0.9090502471041156, 0.09094975289588436] 
PROD014_I 46 [0.6249208071440565, 0.06251319880932385, 0.06251319880932385, 0.06251319880932385, 0.06251319880932385, 0.06251319880932385, 0.06251319880932385] 
PROD014_J 35 [0.052639458888493786, 0.5262448700035556, 0.052639458888493786, 0.052639458888493786, 0.052639458888493786, 0.052639458888493786, 0.052639458888493786, 0.052639458888493786, 0.052639458888493786, 0.052639458888493786] 
PROD014_K 2 [0.08336464274502293, 0.8332707145099542, 0.08336464274502293] 
PROD021_DIRECTION J [0.09094975289588436, 0.9090502471041156] 
PROD021_I 22 [0.047624883145168356, 0.047624883145168356, 0.047624883145168356, 0.047624883145168356, 0.047624883145168356, 0.047624883145168356, 0.4761262854031479, 0.047624883145168356, 0.047624883145168356, 0.047624883145168356, 0.047624883145168356, 0.047624883145168356] 
PROD021_J 39 [0.06251319880932386, 0.06251319880932386, 0.6249208071440566, 0.06251319880932386, 0.06251319880932386, 0.06251319880932386, 0.06251319880932386] 
PROD021_K 1 [0.8332707145099542, 0.08336464274502293, 0.08336464274502293] 
PROD023A_DIRECTION I [0.9090502471041156, 0.09094975289588436] 
PROD023A_I 56 [0.7142068837453777, 0.07144827906388869, 0.07144827906357794, 0.07144827906357794, 0.07144827906357794] 
PROD023A_J 13 [0.6665865641846607, 0.0666826871630679, 0.0666826871630679, 0.0666826871630679, 0.0666826871630679, 0.0666826871630679] 
PROD023A_K 3 [0.08336464274502293, 0.08336464274502293, 0.8332707145099542] 
PROD024A_I 56 [0.6249208071440565, 0.06251319880932385, 0.06251319880932385, 0.06251319880932385, 0.06251319880932385, 0.06251319880932385, 0.06251319880932385] 
PROD024A_J 33 [0.7691569112902739, 0.07694769623657545, 0.07694769623657538, 0.07694769623657538] 
PROD024A_K 2 [0.08336464274502293, 0.8332707145099542, 0.08336464274502293] 
PROD025A_DIRECTION J [0.09094975289588436, 0.9090502471041156] 
PROD025A_I 54 [0.6665865641846607, 0.0666826871630679, 0.0666826871630679, 0.0666826871630679, 0.0666826871630679, 0.0666826871630679] 
PROD025A_J 22 [0.07144827908611677, 0.7142068837382743, 0.07144827905853632, 0.07144827905853632, 0.07144827905853632] 
PROD025A_K 1 [0.8332707145099542, 0.08336464274502293, 0.08336464274502293] 
PROD026_DIRECTION I [0.9090502471041156, 0.09094975289588436] 
PROD026_I 49 [0.07144827906363538, 0.07144827906363538, 0.07144827906363538, 0.07144827906363538, 0.7142068837454585] 
PROD026_J 7 [0.06251319880932386, 0.06251319880932386, 0.06251319880932386, 0.6249208071440566, 0.06251319880932386, 0.06251319880932386, 0.06251319880932386] 
PROD026_K 1 [0.8332707145099542, 0.08336464274502293, 0.08336464274502293] 
INJ006_I 52 [0.06668268716306788, 0.06668268716306788, 0.06668268716306788, 0.6665865641846606, 0.06668268716306788, 0.06668268716306788] 
INJ006_J 27 [0.05883453221680934, 0.05883453221680934, 0.05883453221680934, 0.05883453221680934, 0.05883453221680934, 0.05883453221680934, 0.5881582744823346, 0.05883453221680934] 
INJ006_K 15 [0.0769476962365754, 0.0769476962365754, 0.0769476962365754, 0.7691569112902739] 
INJ010_DIRECTION I [0.9090502471041156, 0.09094975289588436] 
INJ010_I 72 [0.07144827906363538, 0.07144827906363538, 0.07144827906363538, 0.07144827906363538, 0.7142068837454585] 
INJ010_J 34 [0.07144827906363538, 0.07144827906363538, 0.7142068837454585, 0.07144827906363538, 0.07144827906363538] 
INJ010_K 6 [0.769156911290274, 0.07694769623657541, 0.07694769623657541, 0.07694769623657541] 
INJ017_DIRECTION I [0.9090502471041156, 0.09094975289588436] 
INJ017_I 38 [0.06668268716306788, 0.06668268716306788, 0.06668268716306788, 0.06668268716306788, 0.06668268716306788, 0.6665865641846606] 
INJ017_J 22 [0.06251319880932386, 0.06251319880932386, 0.06251319880932386, 0.06251319880932386, 0.6249208071440566, 0.06251319880932386, 0.06251319880932386] 
INJ017_K 15 [0.07144827906363538, 0.07144827906363538, 0.07144827906363538, 0.7142068837454585, 0.07144827906363538] 
INJ019_DIRECTION J [0.09094975289588436, 0.9090502471041156] 
INJ019_I 32 [0.06668268716306777, 0.06668268716306777, 0.06668268716306777, 0.06668268716306777, 0.6665865641846604, 0.06668268716306842] 
INJ019_J 49 [0.0769476962365754, 0.0769476962365754, 0.0769476962365754, 0.7691569112902739] 
INJ019_K 6 [0.769156911290274, 0.07694769623657541, 0.07694769623657541, 0.07694769623657541] 
INJ021_DIRECTION I [0.9090502471041156, 0.09094975289588436] 
INJ021_I 22 [0.05556482377435133, 0.5554814098051896, 0.05556482377435133, 0.05556482377435133, 0.05556482377435133, 0.05556482377435133, 0.05556482377435133, 0.05556482377435133, 0.05556482377435133] 
INJ021_J 31 [0.06668268716306788, 0.06668268716306788, 0.06668268716306788, 0.06668268716306788, 0.6665865641846606, 0.06668268716306788] 
INJ021_K 16 [0.0769476962365754, 0.0769476962365754, 0.0769476962365754, 0.7691569112902739] 
INJ022_DIRECTION I [0.9090502471041156, 0.09094975289588436] 
INJ022_I 73 [0.07144827906363538, 0.07144827906363538, 0.07144827906363538, 0.07144827906363538, 0.7142068837454585] 
INJ022_J 26 [0.0769476962365754, 0.0769476962365754, 0.0769476962365754, 0.7691569112902739] 
INJ022_K 6 [0.7142068837454585, 0.07144827906363538, 0.07144827906363538, 0.07144827906363538, 0.07144827906363538] 
INJ023_DIRECTION I [0.9090502471041156, 0.09094975289588436] 
INJ023_I 44 [0.06668268716306788, 0.06668268716306788, 0.06668268716306788, 0.06668268716306788, 0.6665865641846606, 0.06668268716306788] 
INJ023_J 17 [0.06668268716306788, 0.06668268716306788, 0.06668268716306788, 0.06668268716306788, 0.6665865641846606, 0.06668268716306788] 
INJ023_K 7 [0.9090502471041156, 0.09094975289588436] 
NA1A_CONSIDER 1 [0.09094975289588436, 0.9090502471041156] 

