Elite 1 OF_MAX_VPL 2994026923.71
NA2_CONSIDER 0 [0.9090773651772446, 0.09092263482275555] 
NA3D_CONSIDER 0 [0.9090773651772446, 0.09092263482275555] 
PltPRDSTL_PltPRDSTO 23250 [0.5262921578925442, 0.05263420467860616, 0.05263420467860616, 0.05263420467860616, 0.05263420467860616, 0.05263420467860616, 0.05263420467860616, 0.05263420467860616, 0.05263420467860616, 0.05263420467860616] 
PltPRDSTW 10462.5 [0.06667200441983365, 0.06667200441983365, 0.666639977900832, 0.06667200441983365, 0.06667200441983365, 0.06667200441983365] 
PltINJSTW 27125 [0.04762099216480447, 0.04762099216480447, 0.04762099216480447, 0.04762099216480447, 0.04762099216480447, 0.4761690861871444, 0.04762099216481097, 0.04762099216480447, 0.04762099216480447, 0.04762099216480447, 0.04762099216480447, 0.04762099216480447] 
PROD005_DIRECTION I [0.9090773651772446, 0.09092263482275555] 
PROD005_I 26 [0.7692061636489587, 0.07693127878368038, 0.07693127878368038, 0.07693127878368038] 
PROD005_J 16 [0.5882096308702549, 0.05882719558996359, 0.05882719558996359, 0.05882719558996359, 0.05882719558996359, 0.05882719558996359, 0.05882719558996359, 0.05882719558996359] 
PROD005_K 3 [0.08334376315457151, 0.08334376315457151, 0.8333124736908569] 
PROD006_I 54 [0.07693127878368, 0.07693127878368, 0.07693127878368151, 0.7692061636489584] 
PROD006_J 3 [0.09092263482275555, 0.9090773651772446] 
PROD007_I 61 [0.07143513737047838, 0.07143513737047838, 0.7142594505180865, 0.07143513737047838, 0.07143513737047838] 
PROD007_J 11 [0.08334376315457151, 0.8333124736908569, 0.08334376315457151] 
PROD009_DIRECTION J [0.09092263482275555, 0.9090773651772446] 
PROD009_I 8 [0.07143513737047838, 0.07143513737047838, 0.07143513737047838, 0.7142594505180865, 0.07143513737047838] 
PROD009_J 38 [0.6249736133639902, 0.06250439777266827, 0.06250439777266827, 0.06250439777266827, 0.06250439777266827, 0.06250439777266827, 0.06250439777266827] 
PROD009_K 1 [0.8333124736908569, 0.08334376315457151, 0.08334376315457151] 
PROD010_DIRECTION J [0.09092263482275555, 0.9090773651772446] 
PROD010_I 34 [0.05882719558996359, 0.05882719558996359, 0.05882719558996359, 0.05882719558996359, 0.05882719558996359, 0.5882096308702549, 0.05882719558996359, 0.05882719558996359] 
PROD010_J 30 [0.6249736133639902, 0.06250439777266827, 0.06250439777266827, 0.06250439777266827, 0.06250439777266827, 0.06250439777266827, 0.06250439777266827] 
PROD010_K 2 [0.08334376315509184, 0.8333124736905183, 0.08334376315438984] 
PROD012_DIRECTION I [0.9090773651772446, 0.09092263482275555] 
PROD012_I 45 [0.05555864383075573, 0.05555864383075573, 0.05555864383075573, 0.05555864383075573, 0.05555864383075573, 0.05555864383075573, 0.05555864383075573, 0.05555864383075573, 0.5555308493539539] 
PROD012_J 39 [0.05000225113820511, 0.05000225113820511, 0.05000225113820511, 0.05000225113820511, 0.05000225113820511, 0.05000225113820511, 0.05000225113820511, 0.05000225113820511, 0.05000225113820511, 0.499977488617949, 0.05000225113820511] 
PROD012_K 2 [0.08334376315457151, 0.8333124736908569, 0.08334376315457151] 
PROD014_DIRECTION I [0.9090773651772446, 0.09092263482275555] 
PROD014_I 46 [0.6249736133639902, 0.06250439777266827, 0.06250439777266827, 0.06250439777266827, 0.06250439777266827, 0.06250439777266827, 0.06250439777266827] 
PROD014_J 35 [0.0526358465780216, 0.5262916630818848, 0.05263406129251166, 0.05263406129251166, 0.05263406129251166, 0.05263406129251166, 0.05263406129251166, 0.05263406129251166, 0.05263406129251166, 0.05263406129251166] 
PROD014_K 2 [0.08334376315457151, 0.8333124736908569, 0.08334376315457151] 
PROD021_DIRECTION I [0.9090773651772446, 0.09092263482275555] 
PROD021_I 20 [0.04762099216480503, 0.04762099216480503, 0.04762099216480503, 0.04762099216480503, 0.04762099216480503, 0.4761690861871445, 0.04762099216480503, 0.04762099216480503, 0.04762099216480503, 0.04762099216480503, 0.04762099216480503, 0.04762099216480503] 
PROD021_J 40 [0.06250439777266828, 0.06250439777266828, 0.06250439777266828, 0.6249736133639903, 0.06250439777266828, 0.06250439777266828, 0.06250439777266828] 
PROD021_K 1 [0.8333124736908569, 0.08334376315457151, 0.08334376315457151] 
PROD023A_DIRECTION I [0.9090773651772446, 0.09092263482275555] 
PROD023A_I 56 [0.7142594505180866, 0.0714351373704784, 0.0714351373704784, 0.0714351373704784, 0.0714351373704784] 
PROD023A_J 13 [0.6666399779008321, 0.06667200441983365, 0.06667200441983365, 0.06667200441983365, 0.06667200441983365, 0.06667200441983365] 
PROD023A_K 3 [0.08334307758682097, 0.08334756587759472, 0.8333093565355844] 
PROD024A_I 56 [0.6249736133639902, 0.06250439777266827, 0.06250439777266827, 0.06250439777266827, 0.06250439777266827, 0.06250439777266827, 0.06250439777266827] 
PROD024A_J 33 [0.7692061636489587, 0.07693127878368038, 0.07693127878368038, 0.07693127878368038] 
PROD024A_K 2 [0.08334376082812009, 0.8333124672945654, 0.08334377187731441] 
PROD025A_DIRECTION J [0.09092263482275555, 0.9090773651772446] 
PROD025A_I 54 [0.6666399779008321, 0.06667200441983365, 0.06667200441983365, 0.06667200441983365, 0.06667200441983365, 0.06667200441983365] 
PROD025A_J 22 [0.0714351373704784, 0.7142594505180866, 0.0714351373704784, 0.0714351373704784, 0.0714351373704784] 
PROD025A_K 1 [0.8333124736908569, 0.08334376315457151, 0.08334376315457151] 
PROD026_DIRECTION J [0.09092263482275555, 0.9090773651772446] 
PROD026_I 45 [0.7142594505180866, 0.0714351373704784, 0.0714351373704784, 0.0714351373704784, 0.0714351373704784] 
PROD026_J 5 [0.06250666172625219, 0.6249726287060967, 0.06250414191353022, 0.06250414191353022, 0.06250414191353022, 0.06250414191353022, 0.06250414191353022] 
PROD026_K 2 [0.08334376315457151, 0.8333124736908569, 0.08334376315457151] 
INJ006_I 52 [0.06667200441983365, 0.06667200441983365, 0.06667200441983365, 0.666639977900832, 0.06667200441983365, 0.06667200441983365] 
INJ006_J 26 [0.0588271955876529, 0.0588271955876529, 0.0588271955876529, 0.05882719560603213, 0.058827195587652904, 0.5882096308680503, 0.0588271955876529, 0.0588271955876529] 
INJ006_K 15 [0.07693127878368039, 0.07693127878368039, 0.07693127878368039, 0.7692061636489588] 
INJ010_DIRECTION I [0.9090773651772446, 0.09092263482275555] 
INJ010_I 72 [0.07143513737047838, 0.07143513737047838, 0.07143513737047838, 0.07143513737047838, 0.7142594505180865] 
INJ010_J 34 [0.07143513737047838, 0.07143513737047838, 0.7142594505180865, 0.07143513737047838, 0.07143513737047838] 
INJ010_K 6 [0.7692061636489587, 0.07693127878368038, 0.07693127878368038, 0.07693127878368038] 
INJ017_DIRECTION I [0.9090773651772446, 0.09092263482275555] 
INJ017_I 28 [0.6666399779008321, 0.06667200441983365, 0.06667200441983365, 0.06667200441983365, 0.06667200441983365, 0.06667200441983365] 
INJ017_J 26 [0.06250439777266828, 0.06250439777266828, 0.06250439777266828, 0.06250439777266828, 0.06250439777266828, 0.06250439777266828, 0.6249736133639903] 
INJ017_K 7 [0.7142594505180866, 0.0714351373704784, 0.0714351373704784, 0.0714351373704784, 0.0714351373704784] 
INJ019_DIRECTION J [0.09092263482275555, 0.9090773651772446] 
INJ019_I 32 [0.06667200441983363, 0.06667200441983363, 0.06667200441983363, 0.06667200441983363, 0.6666399779008318, 0.06667200441983363] 
INJ019_J 49 [0.07693127878368039, 0.07693127878368039, 0.07693127878368039, 0.7692061636489588] 
INJ019_K 6 [0.7692061636489587, 0.07693127878368038, 0.07693127878368038, 0.07693127878368038] 
INJ021_DIRECTION J [0.09092263482275555, 0.9090773651772446] 
INJ021_I 21 [0.5555308493539539, 0.05555864383075573, 0.05555864383075573, 0.05555864383075573, 0.05555864383075573, 0.05555864383075573, 0.05555864383075573, 0.05555864383075573, 0.05555864383075573] 
INJ021_J 25 [0.06667200441983351, 0.6666399779008316, 0.06667200441983423, 0.06667200441983351, 0.06667200441983351, 0.06667200441983351] 
INJ021_K 12 [0.07693127878368039, 0.07693127878368039, 0.7692061636489588, 0.07693127878368039] 
INJ022_DIRECTION J [0.09092263482275555, 0.9090773651772446] 
INJ022_I 73 [0.07143513737047838, 0.07143513737047838, 0.07143513737047838, 0.07143513737047838, 0.7142594505180865] 
INJ022_J 26 [0.07693127878368039, 0.07693127878368039, 0.07693127878368039, 0.7692061636489588] 
INJ022_K 6 [0.7142594505180866, 0.0714351373704784, 0.0714351373704784, 0.0714351373704784, 0.0714351373704784] 
INJ023_DIRECTION J [0.09092263482275555, 0.9090773651772446] 
INJ023_I 43 [0.06667200437867803, 0.06667200438173868, 0.06667200466773703, 0.66663997781449, 0.06667200437867803, 0.06667200437867803] 
INJ023_J 19 [0.06667200441983363, 0.06667200441983363, 0.06667200441983363, 0.06667200441983363, 0.06667200441983365, 0.6666399779008318] 
INJ023_K 15 [0.09092263482275555, 0.9090773651772446] 
NA1A_CONSIDER 1 [0.09092263482275555, 0.9090773651772446] 

Elite 2 OF_MAX_VPL 2994026923.71
NA2_CONSIDER 0 [0.9090773651772446, 0.09092263482275555] 
NA3D_CONSIDER 0 [0.9090773651772446, 0.09092263482275555] 
PltPRDSTL_PltPRDSTO 23250 [0.5262921578925442, 0.05263420467860616, 0.05263420467860616, 0.05263420467860616, 0.05263420467860616, 0.05263420467860616, 0.05263420467860616, 0.05263420467860616, 0.05263420467860616, 0.05263420467860616] 
PltPRDSTW 10462.5 [0.06667200441983365, 0.06667200441983365, 0.666639977900832, 0.06667200441983365, 0.06667200441983365, 0.06667200441983365] 
PltINJSTW 27125 [0.04762099216480447, 0.04762099216480447, 0.04762099216480447, 0.04762099216480447, 0.04762099216480447, 0.4761690861871444, 0.04762099216481097, 0.04762099216480447, 0.04762099216480447, 0.04762099216480447, 0.04762099216480447, 0.04762099216480447] 
PROD005_DIRECTION I [0.9090773651772446, 0.09092263482275555] 
PROD005_I 26 [0.7692061636489587, 0.07693127878368038, 0.07693127878368038, 0.07693127878368038] 
PROD005_J 16 [0.5882096308702549, 0.05882719558996359, 0.05882719558996359, 0.05882719558996359, 0.05882719558996359, 0.05882719558996359, 0.05882719558996359, 0.05882719558996359] 
PROD005_K 3 [0.08334376315457151, 0.08334376315457151, 0.8333124736908569] 
PROD006_I 54 [0.07693127878368, 0.07693127878368, 0.07693127878368151, 0.7692061636489584] 
PROD006_J 3 [0.09092263482275555, 0.9090773651772446] 
PROD007_I 61 [0.07143513737047838, 0.07143513737047838, 0.7142594505180865, 0.07143513737047838, 0.07143513737047838] 
PROD007_J 11 [0.08334376315457151, 0.8333124736908569, 0.08334376315457151] 
PROD009_DIRECTION J [0.09092263482275555, 0.9090773651772446] 
PROD009_I 8 [0.07143513737047838, 0.07143513737047838, 0.07143513737047838, 0.7142594505180865, 0.07143513737047838] 
PROD009_J 38 [0.6249736133639902, 0.06250439777266827, 0.06250439777266827, 0.06250439777266827, 0.06250439777266827, 0.06250439777266827, 0.06250439777266827] 
PROD009_K 1 [0.8333124736908569, 0.08334376315457151, 0.08334376315457151] 
PROD010_DIRECTION J [0.09092263482275555, 0.9090773651772446] 
PROD010_I 34 [0.05882719558996359, 0.05882719558996359, 0.05882719558996359, 0.05882719558996359, 0.05882719558996359, 0.5882096308702549, 0.05882719558996359, 0.05882719558996359] 
PROD010_J 30 [0.6249736133639902, 0.06250439777266827, 0.06250439777266827, 0.06250439777266827, 0.06250439777266827, 0.06250439777266827, 0.06250439777266827] 
PROD010_K 2 [0.08334376315509184, 0.8333124736905183, 0.08334376315438984] 
PROD012_DIRECTION I [0.9090773651772446, 0.09092263482275555] 
PROD012_I 45 [0.05555864383075573, 0.05555864383075573, 0.05555864383075573, 0.05555864383075573, 0.05555864383075573, 0.05555864383075573, 0.05555864383075573, 0.05555864383075573, 0.5555308493539539] 
PROD012_J 39 [0.05000225113820511, 0.05000225113820511, 0.05000225113820511, 0.05000225113820511, 0.05000225113820511, 0.05000225113820511, 0.05000225113820511, 0.05000225113820511, 0.05000225113820511, 0.499977488617949, 0.05000225113820511] 
PROD012_K 2 [0.08334376315457151, 0.8333124736908569, 0.08334376315457151] 
PROD014_DIRECTION I [0.9090773651772446, 0.09092263482275555] 
PROD014_I 46 [0.6249736133639902, 0.06250439777266827, 0.06250439777266827, 0.06250439777266827, 0.06250439777266827, 0.06250439777266827, 0.06250439777266827] 
PROD014_J 35 [0.0526358465780216, 0.5262916630818848, 0.05263406129251166, 0.05263406129251166, 0.05263406129251166, 0.05263406129251166, 0.05263406129251166, 0.05263406129251166, 0.05263406129251166, 0.05263406129251166] 
PROD014_K 2 [0.08334376315457151, 0.8333124736908569, 0.08334376315457151] 
PROD021_DIRECTION I [0.9090773651772446, 0.09092263482275555] 
PROD021_I 20 [0.04762099216480503, 0.04762099216480503, 0.04762099216480503, 0.04762099216480503, 0.04762099216480503, 0.4761690861871445, 0.04762099216480503, 0.04762099216480503, 0.04762099216480503, 0.04762099216480503, 0.04762099216480503, 0.04762099216480503] 
PROD021_J 40 [0.06250439777266828, 0.06250439777266828, 0.06250439777266828, 0.6249736133639903, 0.06250439777266828, 0.06250439777266828, 0.06250439777266828] 
PROD021_K 1 [0.8333124736908569, 0.08334376315457151, 0.08334376315457151] 
PROD023A_DIRECTION I [0.9090773651772446, 0.09092263482275555] 
PROD023A_I 56 [0.7142594505180866, 0.0714351373704784, 0.0714351373704784, 0.0714351373704784, 0.0714351373704784] 
PROD023A_J 13 [0.6666399779008321, 0.06667200441983365, 0.06667200441983365, 0.06667200441983365, 0.06667200441983365, 0.06667200441983365] 
PROD023A_K 3 [0.08334307758682097, 0.08334756587759472, 0.8333093565355844] 
PROD024A_I 56 [0.6249736133639902, 0.06250439777266827, 0.06250439777266827, 0.06250439777266827, 0.06250439777266827, 0.06250439777266827, 0.06250439777266827] 
PROD024A_J 33 [0.7692061636489587, 0.07693127878368038, 0.07693127878368038, 0.07693127878368038] 
PROD024A_K 2 [0.08334376082812009, 0.8333124672945654, 0.08334377187731441] 
PROD025A_DIRECTION J [0.09092263482275555, 0.9090773651772446] 
PROD025A_I 54 [0.6666399779008321, 0.06667200441983365, 0.06667200441983365, 0.06667200441983365, 0.06667200441983365, 0.06667200441983365] 
PROD025A_J 22 [0.0714351373704784, 0.7142594505180866, 0.0714351373704784, 0.0714351373704784, 0.0714351373704784] 
PROD025A_K 1 [0.8333124736908569, 0.08334376315457151, 0.08334376315457151] 
PROD026_DIRECTION J [0.09092263482275555, 0.9090773651772446] 
PROD026_I 45 [0.7142594505180866, 0.0714351373704784, 0.0714351373704784, 0.0714351373704784, 0.0714351373704784] 
PROD026_J 5 [0.06250666172625219, 0.6249726287060967, 0.06250414191353022, 0.06250414191353022, 0.06250414191353022, 0.06250414191353022, 0.06250414191353022] 
PROD026_K 2 [0.08334376315457151, 0.8333124736908569, 0.08334376315457151] 
INJ006_I 52 [0.06667200441983365, 0.06667200441983365, 0.06667200441983365, 0.666639977900832, 0.06667200441983365, 0.06667200441983365] 
INJ006_J 26 [0.0588271955876529, 0.0588271955876529, 0.0588271955876529, 0.05882719560603213, 0.058827195587652904, 0.5882096308680503, 0.0588271955876529, 0.0588271955876529] 
INJ006_K 15 [0.07693127878368039, 0.07693127878368039, 0.07693127878368039, 0.7692061636489588] 
INJ010_DIRECTION I [0.9090773651772446, 0.09092263482275555] 
INJ010_I 72 [0.07143513737047838, 0.07143513737047838, 0.07143513737047838, 0.07143513737047838, 0.7142594505180865] 
INJ010_J 34 [0.07143513737047838, 0.07143513737047838, 0.7142594505180865, 0.07143513737047838, 0.07143513737047838] 
INJ010_K 6 [0.7692061636489587, 0.07693127878368038, 0.07693127878368038, 0.07693127878368038] 
INJ017_DIRECTION I [0.9090773651772446, 0.09092263482275555] 
INJ017_I 28 [0.6666399779008321, 0.06667200441983365, 0.06667200441983365, 0.06667200441983365, 0.06667200441983365, 0.06667200441983365] 
INJ017_J 26 [0.06250439777266828, 0.06250439777266828, 0.06250439777266828, 0.06250439777266828, 0.06250439777266828, 0.06250439777266828, 0.6249736133639903] 
INJ017_K 7 [0.7142594505180866, 0.0714351373704784, 0.0714351373704784, 0.0714351373704784, 0.0714351373704784] 
INJ019_DIRECTION J [0.09092263482275555, 0.9090773651772446] 
INJ019_I 32 [0.06667200441983363, 0.06667200441983363, 0.06667200441983363, 0.06667200441983363, 0.6666399779008318, 0.06667200441983363] 
INJ019_J 49 [0.07693127878368039, 0.07693127878368039, 0.07693127878368039, 0.7692061636489588] 
INJ019_K 6 [0.7692061636489587, 0.07693127878368038, 0.07693127878368038, 0.07693127878368038] 
INJ021_DIRECTION J [0.09092263482275555, 0.9090773651772446] 
INJ021_I 21 [0.5555308493539539, 0.05555864383075573, 0.05555864383075573, 0.05555864383075573, 0.05555864383075573, 0.05555864383075573, 0.05555864383075573, 0.05555864383075573, 0.05555864383075573] 
INJ021_J 25 [0.06667200441983351, 0.6666399779008316, 0.06667200441983423, 0.06667200441983351, 0.06667200441983351, 0.06667200441983351] 
INJ021_K 12 [0.07693127878368039, 0.07693127878368039, 0.7692061636489588, 0.07693127878368039] 
INJ022_DIRECTION J [0.09092263482275555, 0.9090773651772446] 
INJ022_I 73 [0.07143513737047838, 0.07143513737047838, 0.07143513737047838, 0.07143513737047838, 0.7142594505180865] 
INJ022_J 26 [0.07693127878368039, 0.07693127878368039, 0.07693127878368039, 0.7692061636489588] 
INJ022_K 6 [0.7142594505180866, 0.0714351373704784, 0.0714351373704784, 0.0714351373704784, 0.0714351373704784] 
INJ023_DIRECTION J [0.09092263482275555, 0.9090773651772446] 
INJ023_I 43 [0.06667200437867803, 0.06667200438173868, 0.06667200466773703, 0.66663997781449, 0.06667200437867803, 0.06667200437867803] 
INJ023_J 19 [0.06667200441983363, 0.06667200441983363, 0.06667200441983363, 0.06667200441983363, 0.06667200441983365, 0.6666399779008318] 
INJ023_K 15 [0.09092263482275555, 0.9090773651772446] 
NA1A_CONSIDER 1 [0.09092263482275555, 0.9090773651772446] 

