Elite 1 OF_MAX_VPL 2927075200.8
NA2_CONSIDER 0 [0.9090773652535854, 0.09092263474641465] 
NA3D_CONSIDER 0 [0.9090773652535854, 0.09092263474641465] 
PltPRDSTL_PltPRDSTO 18600 [0.0526318440213818, 0.0526318440213818, 0.0526318440213818, 0.0526318440213818, 0.0526318440213818, 0.0526318440213818, 0.5262685488655775, 0.0526766989633682, 0.0526318440213818, 0.0526318440213818] 
PltPRDSTW 10462.5 [0.06667200434532103, 0.06667200434532103, 0.6666399778058062, 0.06667200434532103, 0.06667200481290961, 0.06667200434532103] 
PltINJSTW 27125 [0.0476192421788, 0.0476192421788, 0.0476192421788, 0.0476192421788, 0.0476192421788, 0.47615159934665596, 0.0476192421788, 0.04765594734504915, 0.047619273699094765, 0.0476192421788, 0.0476192421788, 0.0476192421788] 
PROD005_DIRECTION J [0.09092263474641465, 0.9090773652535854] 
PROD005_I 29 [0.07693126069232965, 0.07693126069232965, 0.07693139348024766, 0.7692060851350931] 
PROD005_J 17 [0.0588292185773331, 0.5882088584503093, 0.05882698716205965, 0.05882698716205965, 0.05882698716205965, 0.05882698716205965, 0.05882698716205965, 0.05882698716205965] 
PROD005_K 2 [0.08334376311302752, 0.8333124737738629, 0.08334376311310958] 
PROD006_I 54 [0.0769312787599648, 0.0769312787599648, 0.0769312787599648, 0.7692061637201056] 
PROD006_J 3 [0.09092263474641465, 0.9090773652535854] 
PROD007_I 59 [0.7142594505745673, 0.07143513735635813, 0.07143513735635813, 0.07143513735635813, 0.07143513735635813] 
PROD007_J 12 [0.08334376311304875, 0.08334376311304875, 0.8333124737739024] 
PROD009_DIRECTION I [0.9090773652535854, 0.09092263474641465] 
PROD009_I 5 [0.7142594505745673, 0.07143513735635813, 0.07143513735635813, 0.07143513735635813, 0.07143513735635813] 
PROD009_J 38 [0.6249736133972773, 0.06250439776712048, 0.06250439776712048, 0.06250439776712048, 0.06250439776712048, 0.06250439776712048, 0.06250439776712048] 
PROD009_K 3 [0.08334376311304875, 0.08334376311304875, 0.8333124737739024] 
PROD010_DIRECTION J [0.09092263474641465, 0.9090773652535854] 
PROD010_I 31 [0.05882719558633339, 0.05882719558633339, 0.5882096308956665, 0.05882719558633339, 0.05882719558633339, 0.05882719558633339, 0.05882719558633339, 0.05882719558633339] 
PROD010_J 33 [0.06250439776712048, 0.06250439776712048, 0.06250439776712048, 0.6249736133972773, 0.06250439776712048, 0.06250439776712048, 0.06250439776712048] 
PROD010_K 1 [0.8333124737739026, 0.08334376311304877, 0.08334376311304877] 
PROD012_DIRECTION J [0.09092263474641465, 0.9090773652535854] 
PROD012_I 43 [0.05555864382830426, 0.05555864382830426, 0.05555864382830426, 0.05555864382830426, 0.05555864382830426, 0.055558643828460874, 0.5555308493734091, 0.05555864382830426, 0.05555864382830426] 
PROD012_J 35 [0.05000225113704048, 0.05000225113704048, 0.05000225113704048, 0.05000225113704048, 0.05000225113704048, 0.49997748862959523, 0.05000225113704048, 0.05000225113704048, 0.05000225113704048, 0.05000225113704048, 0.05000225113704048] 
PROD012_K 3 [0.08334376311304875, 0.08334376311304875, 0.8333124737739024] 
PROD014_DIRECTION J [0.09092263474641465, 0.9090773652535854] 
PROD014_I 47 [0.06250439776712048, 0.6249736133972773, 0.06250439776712048, 0.06250439776712048, 0.06250439776712048, 0.06250439776712048, 0.06250439776712048] 
PROD014_J 42 [0.052634204676938856, 0.052634204676938856, 0.052634204676938856, 0.052634204676938856, 0.052634204676938856, 0.052634204676938856, 0.052634204676938856, 0.052634204676938856, 0.5262921579075504, 0.052634204676938856] 
PROD014_K 2 [0.08334376311304877, 0.8333124737739026, 0.08334376311304877] 
PROD021_DIRECTION I [0.9090773652535854, 0.09092263474641465] 
PROD021_I 20 [0.047619243750384274, 0.047619243750384274, 0.047619243750384274, 0.047619243750384274, 0.04765596243506684, 0.4761516000610904, 0.047619243750384274, 0.047619243750384274, 0.047619243750384274, 0.047619243750384274, 0.047619243750384274, 0.047619243750384274] 
PROD021_J 39 [0.06250439776712048, 0.06250439776712048, 0.6249736133972773, 0.06250439776712048, 0.06250439776712048, 0.06250439776712048, 0.06250439776712048] 
PROD021_K 1 [0.8332187577752426, 0.08333439198234871, 0.08344685024240882] 
PROD023A_DIRECTION J [0.09092263474641465, 0.9090773652535854] 
PROD023A_I 56 [0.7142594505745673, 0.07143513735635813, 0.07143513735635813, 0.07143513735635813, 0.07143513735635813] 
PROD023A_J 13 [0.666639977944401, 0.0666720044111198, 0.0666720044111198, 0.0666720044111198, 0.0666720044111198, 0.0666720044111198] 
PROD023A_K 3 [0.08334376311304875, 0.08334376311304875, 0.8333124737739024] 
PROD024A_I 56 [0.6249736133972773, 0.06250439776712048, 0.06250439776712048, 0.06250439776712048, 0.06250439776712048, 0.06250439776712048, 0.06250439776712048] 
PROD024A_J 33 [0.7692061637201055, 0.07693127875996479, 0.07693127875996479, 0.07693127875996479] 
PROD024A_K 2 [0.08334376311304877, 0.8333124737739026, 0.08334376311304877] 
PROD025A_DIRECTION J [0.09092263474641465, 0.9090773652535854] 
PROD025A_I 57 [0.0666720044111198, 0.0666720044111198, 0.0666720044111198, 0.666639977944401, 0.0666720044111198, 0.0666720044111198] 
PROD025A_J 21 [0.7142594505745673, 0.07143513735635813, 0.07143513735635813, 0.07143513735635813, 0.07143513735635813] 
PROD025A_K 2 [0.08334376311304877, 0.8333124737739026, 0.08334376311304877] 
PROD026_DIRECTION I [0.9090773652535854, 0.09092263474641465] 
PROD026_I 49 [0.07143513735635815, 0.07143513735635815, 0.07143513735635815, 0.07143513735635815, 0.7142594505745674] 
PROD026_J 9 [0.06250439776712048, 0.06250439776712048, 0.06250439776712048, 0.06250439776712048, 0.06250439776712048, 0.6249736133972773, 0.06250439776712048] 
PROD026_K 3 [0.08334376311304875, 0.08334376311304875, 0.8333124737739024] 
INJ006_I 54 [0.0666720044111198, 0.0666720044111198, 0.0666720044111198, 0.0666720044111198, 0.0666720044111198, 0.666639977944401] 
INJ006_J 28 [0.05882719558633338, 0.05882719558633338, 0.05882719558633338, 0.05882719558633338, 0.05882719558633338, 0.05882719558633338, 0.05882719558633338, 0.5882096308956664] 
INJ006_K 13 [0.07693127875996479, 0.07693127875996479, 0.7692061637201055, 0.07693127875996479] 
INJ010_DIRECTION J [0.09092263474641465, 0.9090773652535854] 
INJ010_I 70 [0.07143513735635813, 0.07143513735635813, 0.7142594505745673, 0.07143513735635813, 0.07143513735635813] 
INJ010_J 38 [0.07143513735635815, 0.07143513735635815, 0.07143513735635815, 0.07143513735635815, 0.7142594505745674] 
INJ010_K 8 [0.0769312787599656, 0.7692061637201053, 0.07693127875996465, 0.0769312787599645] 
INJ017_DIRECTION I [0.9090773652535854, 0.09092263474641465] 
INJ017_I 38 [0.0666720044111198, 0.0666720044111198, 0.0666720044111198, 0.0666720044111198, 0.0666720044111198, 0.666639977944401] 
INJ017_J 22 [0.06250439776712048, 0.06250439776712048, 0.06250439776712048, 0.06250439776712048, 0.6249736133972773, 0.06250439776712048, 0.06250439776712048] 
INJ017_K 15 [0.07143513735635815, 0.07143513735635815, 0.07143513735635815, 0.7142594505745674, 0.07143513735635815] 
INJ019_DIRECTION J [0.09092263474641465, 0.9090773652535854] 
INJ019_I 24 [0.666639977944401, 0.0666720044111198, 0.0666720044111198, 0.0666720044111198, 0.0666720044111198, 0.0666720044111198] 
INJ019_J 49 [0.0769312787599648, 0.0769312787599648, 0.0769312787599648, 0.7692061637201056] 
INJ019_K 15 [0.07693127875996479, 0.07693127875996479, 0.7692061637201055, 0.07693127875996479] 
INJ021_DIRECTION J [0.09104431191663603, 0.9089556880833639] 
INJ021_I 25 [0.055558643828321985, 0.055558643828321985, 0.055558643828321985, 0.055558643828321985, 0.5555308493734242, 0.055558643828321985, 0.055558643828321985, 0.055558643828321985, 0.055558643828321985] 
INJ021_J 27 [0.06667200441111981, 0.06667200441111981, 0.666639977944401, 0.06667200441111981, 0.06667200441111981, 0.06667200441111981] 
INJ021_K 16 [0.0769312787599648, 0.0769312787599648, 0.0769312787599648, 0.7692061637201056] 
INJ022_DIRECTION J [0.09092263474641465, 0.9090773652535854] 
INJ022_I 73 [0.07143513735635815, 0.07143513735635815, 0.07143513735635815, 0.07143513735635815, 0.7142594505745674] 
INJ022_J 20 [0.7692061637201055, 0.07693127875996479, 0.07693127875996479, 0.07693127875996479] 
INJ022_K 6 [0.7142594505745673, 0.07143513735635813, 0.07143513735635813, 0.07143513735635813, 0.07143513735635813] 
INJ023_DIRECTION I [0.9090773652535854, 0.09092263474641465] 
INJ023_I 41 [0.06667200441106705, 0.0666720044113958, 0.6666399779443362, 0.06667200441106705, 0.06667200441106705, 0.06667200441106705] 
INJ023_J 19 [0.0666720044111198, 0.0666720044111198, 0.0666720044111198, 0.0666720044111198, 0.0666720044111198, 0.666639977944401] 
INJ023_K 7 [0.9090773652535854, 0.09092263474641465] 
NA1A_CONSIDER 1 [0.09092263474641465, 0.9090773652535854] 

Elite 2 OF_MAX_VPL 2927075200.8
NA2_CONSIDER 0 [0.9090773652535854, 0.09092263474641465] 
NA3D_CONSIDER 0 [0.9090773652535854, 0.09092263474641465] 
PltPRDSTL_PltPRDSTO 18600 [0.0526318440213818, 0.0526318440213818, 0.0526318440213818, 0.0526318440213818, 0.0526318440213818, 0.0526318440213818, 0.5262685488655775, 0.0526766989633682, 0.0526318440213818, 0.0526318440213818] 
PltPRDSTW 10462.5 [0.06667200434532103, 0.06667200434532103, 0.6666399778058062, 0.06667200434532103, 0.06667200481290961, 0.06667200434532103] 
PltINJSTW 27125 [0.0476192421788, 0.0476192421788, 0.0476192421788, 0.0476192421788, 0.0476192421788, 0.47615159934665596, 0.0476192421788, 0.04765594734504915, 0.047619273699094765, 0.0476192421788, 0.0476192421788, 0.0476192421788] 
PROD005_DIRECTION J [0.09092263474641465, 0.9090773652535854] 
PROD005_I 29 [0.07693126069232965, 0.07693126069232965, 0.07693139348024766, 0.7692060851350931] 
PROD005_J 17 [0.0588292185773331, 0.5882088584503093, 0.05882698716205965, 0.05882698716205965, 0.05882698716205965, 0.05882698716205965, 0.05882698716205965, 0.05882698716205965] 
PROD005_K 2 [0.08334376311302752, 0.8333124737738629, 0.08334376311310958] 
PROD006_I 54 [0.0769312787599648, 0.0769312787599648, 0.0769312787599648, 0.7692061637201056] 
PROD006_J 3 [0.09092263474641465, 0.9090773652535854] 
PROD007_I 59 [0.7142594505745673, 0.07143513735635813, 0.07143513735635813, 0.07143513735635813, 0.07143513735635813] 
PROD007_J 12 [0.08334376311304875, 0.08334376311304875, 0.8333124737739024] 
PROD009_DIRECTION I [0.9090773652535854, 0.09092263474641465] 
PROD009_I 5 [0.7142594505745673, 0.07143513735635813, 0.07143513735635813, 0.07143513735635813, 0.07143513735635813] 
PROD009_J 38 [0.6249736133972773, 0.06250439776712048, 0.06250439776712048, 0.06250439776712048, 0.06250439776712048, 0.06250439776712048, 0.06250439776712048] 
PROD009_K 3 [0.08334376311304875, 0.08334376311304875, 0.8333124737739024] 
PROD010_DIRECTION J [0.09092263474641465, 0.9090773652535854] 
PROD010_I 31 [0.05882719558633339, 0.05882719558633339, 0.5882096308956665, 0.05882719558633339, 0.05882719558633339, 0.05882719558633339, 0.05882719558633339, 0.05882719558633339] 
PROD010_J 33 [0.06250439776712048, 0.06250439776712048, 0.06250439776712048, 0.6249736133972773, 0.06250439776712048, 0.06250439776712048, 0.06250439776712048] 
PROD010_K 1 [0.8333124737739026, 0.08334376311304877, 0.08334376311304877] 
PROD012_DIRECTION J [0.09092263474641465, 0.9090773652535854] 
PROD012_I 43 [0.05555864382830426, 0.05555864382830426, 0.05555864382830426, 0.05555864382830426, 0.05555864382830426, 0.055558643828460874, 0.5555308493734091, 0.05555864382830426, 0.05555864382830426] 
PROD012_J 35 [0.05000225113704048, 0.05000225113704048, 0.05000225113704048, 0.05000225113704048, 0.05000225113704048, 0.49997748862959523, 0.05000225113704048, 0.05000225113704048, 0.05000225113704048, 0.05000225113704048, 0.05000225113704048] 
PROD012_K 3 [0.08334376311304875, 0.08334376311304875, 0.8333124737739024] 
PROD014_DIRECTION J [0.09092263474641465, 0.9090773652535854] 
PROD014_I 47 [0.06250439776712048, 0.6249736133972773, 0.06250439776712048, 0.06250439776712048, 0.06250439776712048, 0.06250439776712048, 0.06250439776712048] 
PROD014_J 42 [0.052634204676938856, 0.052634204676938856, 0.052634204676938856, 0.052634204676938856, 0.052634204676938856, 0.052634204676938856, 0.052634204676938856, 0.052634204676938856, 0.5262921579075504, 0.052634204676938856] 
PROD014_K 2 [0.08334376311304877, 0.8333124737739026, 0.08334376311304877] 
PROD021_DIRECTION I [0.9090773652535854, 0.09092263474641465] 
PROD021_I 20 [0.047619243750384274, 0.047619243750384274, 0.047619243750384274, 0.047619243750384274, 0.04765596243506684, 0.4761516000610904, 0.047619243750384274, 0.047619243750384274, 0.047619243750384274, 0.047619243750384274, 0.047619243750384274, 0.047619243750384274] 
PROD021_J 39 [0.06250439776712048, 0.06250439776712048, 0.6249736133972773, 0.06250439776712048, 0.06250439776712048, 0.06250439776712048, 0.06250439776712048] 
PROD021_K 1 [0.8332187577752426, 0.08333439198234871, 0.08344685024240882] 
PROD023A_DIRECTION J [0.09092263474641465, 0.9090773652535854] 
PROD023A_I 56 [0.7142594505745673, 0.07143513735635813, 0.07143513735635813, 0.07143513735635813, 0.07143513735635813] 
PROD023A_J 13 [0.666639977944401, 0.0666720044111198, 0.0666720044111198, 0.0666720044111198, 0.0666720044111198, 0.0666720044111198] 
PROD023A_K 3 [0.08334376311304875, 0.08334376311304875, 0.8333124737739024] 
PROD024A_I 56 [0.6249736133972773, 0.06250439776712048, 0.06250439776712048, 0.06250439776712048, 0.06250439776712048, 0.06250439776712048, 0.06250439776712048] 
PROD024A_J 33 [0.7692061637201055, 0.07693127875996479, 0.07693127875996479, 0.07693127875996479] 
PROD024A_K 2 [0.08334376311304877, 0.8333124737739026, 0.08334376311304877] 
PROD025A_DIRECTION J [0.09092263474641465, 0.9090773652535854] 
PROD025A_I 57 [0.0666720044111198, 0.0666720044111198, 0.0666720044111198, 0.666639977944401, 0.0666720044111198, 0.0666720044111198] 
PROD025A_J 21 [0.7142594505745673, 0.07143513735635813, 0.07143513735635813, 0.07143513735635813, 0.07143513735635813] 
PROD025A_K 2 [0.08334376311304877, 0.8333124737739026, 0.08334376311304877] 
PROD026_DIRECTION I [0.9090773652535854, 0.09092263474641465] 
PROD026_I 49 [0.07143513735635815, 0.07143513735635815, 0.07143513735635815, 0.07143513735635815, 0.7142594505745674] 
PROD026_J 9 [0.06250439776712048, 0.06250439776712048, 0.06250439776712048, 0.06250439776712048, 0.06250439776712048, 0.6249736133972773, 0.06250439776712048] 
PROD026_K 3 [0.08334376311304875, 0.08334376311304875, 0.8333124737739024] 
INJ006_I 54 [0.0666720044111198, 0.0666720044111198, 0.0666720044111198, 0.0666720044111198, 0.0666720044111198, 0.666639977944401] 
INJ006_J 28 [0.05882719558633338, 0.05882719558633338, 0.05882719558633338, 0.05882719558633338, 0.05882719558633338, 0.05882719558633338, 0.05882719558633338, 0.5882096308956664] 
INJ006_K 13 [0.07693127875996479, 0.07693127875996479, 0.7692061637201055, 0.07693127875996479] 
INJ010_DIRECTION J [0.09092263474641465, 0.9090773652535854] 
INJ010_I 70 [0.07143513735635813, 0.07143513735635813, 0.7142594505745673, 0.07143513735635813, 0.07143513735635813] 
INJ010_J 38 [0.07143513735635815, 0.07143513735635815, 0.07143513735635815, 0.07143513735635815, 0.7142594505745674] 
INJ010_K 8 [0.0769312787599656, 0.7692061637201053, 0.07693127875996465, 0.0769312787599645] 
INJ017_DIRECTION I [0.9090773652535854, 0.09092263474641465] 
INJ017_I 38 [0.0666720044111198, 0.0666720044111198, 0.0666720044111198, 0.0666720044111198, 0.0666720044111198, 0.666639977944401] 
INJ017_J 22 [0.06250439776712048, 0.06250439776712048, 0.06250439776712048, 0.06250439776712048, 0.6249736133972773, 0.06250439776712048, 0.06250439776712048] 
INJ017_K 15 [0.07143513735635815, 0.07143513735635815, 0.07143513735635815, 0.7142594505745674, 0.07143513735635815] 
INJ019_DIRECTION J [0.09092263474641465, 0.9090773652535854] 
INJ019_I 24 [0.666639977944401, 0.0666720044111198, 0.0666720044111198, 0.0666720044111198, 0.0666720044111198, 0.0666720044111198] 
INJ019_J 49 [0.0769312787599648, 0.0769312787599648, 0.0769312787599648, 0.7692061637201056] 
INJ019_K 15 [0.07693127875996479, 0.07693127875996479, 0.7692061637201055, 0.07693127875996479] 
INJ021_DIRECTION J [0.09104431191663603, 0.9089556880833639] 
INJ021_I 25 [0.055558643828321985, 0.055558643828321985, 0.055558643828321985, 0.055558643828321985, 0.5555308493734242, 0.055558643828321985, 0.055558643828321985, 0.055558643828321985, 0.055558643828321985] 
INJ021_J 27 [0.06667200441111981, 0.06667200441111981, 0.666639977944401, 0.06667200441111981, 0.06667200441111981, 0.06667200441111981] 
INJ021_K 16 [0.0769312787599648, 0.0769312787599648, 0.0769312787599648, 0.7692061637201056] 
INJ022_DIRECTION J [0.09092263474641465, 0.9090773652535854] 
INJ022_I 73 [0.07143513735635815, 0.07143513735635815, 0.07143513735635815, 0.07143513735635815, 0.7142594505745674] 
INJ022_J 20 [0.7692061637201055, 0.07693127875996479, 0.07693127875996479, 0.07693127875996479] 
INJ022_K 6 [0.7142594505745673, 0.07143513735635813, 0.07143513735635813, 0.07143513735635813, 0.07143513735635813] 
INJ023_DIRECTION I [0.9090773652535854, 0.09092263474641465] 
INJ023_I 41 [0.06667200441106705, 0.0666720044113958, 0.6666399779443362, 0.06667200441106705, 0.06667200441106705, 0.06667200441106705] 
INJ023_J 19 [0.0666720044111198, 0.0666720044111198, 0.0666720044111198, 0.0666720044111198, 0.0666720044111198, 0.666639977944401] 
INJ023_K 7 [0.9090773652535854, 0.09092263474641465] 
NA1A_CONSIDER 1 [0.09092263474641465, 0.9090773652535854] 

