Elite 1 OF_MAX_VPL 2988389443.95
NA2_CONSIDER 0 [0.9090773651772442, 0.09092263482275571] 
NA3D_CONSIDER 0 [0.9090773651772442, 0.09092263482275571] 
PltPRDSTL_PltPRDSTO 20150 [0.05263420467860617, 0.05263420467860617, 0.05263420467860617, 0.05263420467860617, 0.5262921578925442, 0.05263420467860617, 0.05263420467860617, 0.05263420467860617, 0.05263420467860617, 0.05263420467860617] 
PltPRDSTW 11160 [0.06667200441983365, 0.06667200441983365, 0.666639977900832, 0.06667200441983365, 0.06667200441983365, 0.06667200441983365] 
PltINJSTW 32550 [0.47615160006191837, 0.04765596241602595, 0.04761924375220557, 0.04761924375220557, 0.04761924375220557, 0.04761924375220557, 0.04761924375220557, 0.04761924375220557, 0.04761924375220557, 0.04761924375220557, 0.04761924375220557, 0.04761924375220557] 
PROD005_DIRECTION J [0.09092263482275571, 0.9090773651772442] 
PROD005_I 29 [0.0769312787836804, 0.0769312787836804, 0.0769312787836804, 0.7692061636489588] 
PROD005_J 16 [0.5882096308702549, 0.05882719558996359, 0.05882719558996359, 0.05882719558996359, 0.05882719558996359, 0.05882719558996359, 0.05882719558996359, 0.05882719558996359] 
PROD005_K 2 [0.08334376315457157, 0.8333124736908568, 0.08334376315457157] 
PROD006_I 53 [0.0769312787836804, 0.0769312787836804, 0.7692061636489588, 0.0769312787836804] 
PROD006_J 2 [0.9090773651772442, 0.09092263482275571] 
PROD007_I 59 [0.7142594505180865, 0.07143513737047841, 0.07143513737047841, 0.07143513737047841, 0.07143513737047841] 
PROD007_J 12 [0.08334376315457157, 0.08334376315457157, 0.8333124736908568] 
PROD009_DIRECTION I [0.9090773651772442, 0.09092263482275571] 
PROD009_I 6 [0.07143513737047841, 0.7142594505180865, 0.07143513737047841, 0.07143513737047841, 0.07143513737047841] 
PROD009_J 40 [0.06250439777266827, 0.06250439777266827, 0.6249736133639902, 0.06250439777266827, 0.06250439777266827, 0.06250439777266827, 0.06250439777266827] 
PROD009_K 1 [0.8333124736908568, 0.08334376315457157, 0.08334376315457157] 
PROD010_DIRECTION J [0.09092263482275571, 0.9090773651772442] 
PROD010_I 36 [0.05882719558996359, 0.05882719558996359, 0.05882719558996359, 0.05882719558996359, 0.05882719558996359, 0.05882719558996359, 0.05882719558996359, 0.5882096308702549] 
PROD010_J 30 [0.6249736133639902, 0.06250439777266827, 0.06250439777266827, 0.06250439777266827, 0.06250439777266827, 0.06250439777266827, 0.06250439777266827] 
PROD010_K 2 [0.08334376315457159, 0.8333124736908568, 0.08334376315457154] 
PROD012_DIRECTION I [0.9090773651772442, 0.09092263482275571] 
PROD012_I 37 [0.5555308493539539, 0.05555864383075574, 0.05555864383075574, 0.05555864383075574, 0.05555864383075574, 0.05555864383075574, 0.05555864383075574, 0.05555864383075574, 0.05555864383075574] 
PROD012_J 36 [0.05000225113820511, 0.05000225113820511, 0.05000225113820511, 0.05000225113820511, 0.05000225113820511, 0.05000225113820511, 0.499977488617949, 0.05000225113820511, 0.05000225113820511, 0.05000225113820511, 0.05000225113820511] 
PROD012_K 2 [0.08334376315457157, 0.8333124736908568, 0.08334376315457157] 
PROD014_DIRECTION J [0.09092263482275571, 0.9090773651772442] 
PROD014_I 48 [0.06250439777266827, 0.06250439777266827, 0.6249736133639902, 0.06250439777266827, 0.06250439777266827, 0.06250439777266827, 0.06250439777266827] 
PROD014_J 42 [0.05263420467860618, 0.05263420467860618, 0.05263420467860618, 0.05263420467860618, 0.05263420467860618, 0.05263420467860618, 0.05263420467860618, 0.05263420467860618, 0.5262921578925444, 0.05263420467860618] 
PROD014_K 1 [0.8333124736908568, 0.08334376315457157, 0.08334376315457157] 
PROD021_DIRECTION I [0.9090773651772442, 0.09092263482275571] 
PROD021_I 18 [0.04762099216480503, 0.04762099216480503, 0.04762099216480503, 0.04762099216480503, 0.4761690861871445, 0.04762099216480503, 0.04762099216480503, 0.04762099216480503, 0.04762099216480503, 0.04762099216480503, 0.04762099216480503, 0.04762099216480503] 
PROD021_J 41 [0.06250439777266828, 0.06250439777266828, 0.06250439777266828, 0.06250439777266828, 0.6249736133639903, 0.06250439777266828, 0.06250439777266828] 
PROD021_K 1 [0.8333124736908568, 0.08334376315457157, 0.08334376315457157] 
PROD023A_DIRECTION I [0.9090773651772442, 0.09092263482275571] 
PROD023A_I 56 [0.7142594505180865, 0.07143513737047841, 0.07143513737047841, 0.07143513737047841, 0.07143513737047841] 
PROD023A_J 15 [0.06667200441983365, 0.06667200441983365, 0.666639977900832, 0.06667200441983365, 0.06667200441983365, 0.06667200441983365] 
PROD023A_K 2 [0.08334376315457157, 0.8333124736908568, 0.08334376315457157] 
PROD024A_I 56 [0.6249736133639902, 0.06250439777266827, 0.06250439777266827, 0.06250439777266827, 0.06250439777266827, 0.06250439777266827, 0.06250439777266827] 
PROD024A_J 33 [0.7692061636489584, 0.07693127878368013, 0.07693127878368013, 0.07693127878368124] 
PROD024A_K 2 [0.08334376315457157, 0.8333124736908568, 0.08334376315457157] 
PROD025A_DIRECTION I [0.9090773651772442, 0.09092263482275571] 
PROD025A_I 59 [0.06667200441983363, 0.06667200441983363, 0.06667200441983363, 0.06667200441983363, 0.06667200441983363, 0.6666399779008317] 
PROD025A_J 21 [0.7142594505180865, 0.07143513737047841, 0.07143513737047841, 0.07143513737047841, 0.07143513737047841] 
PROD025A_K 1 [0.8333124736908568, 0.08334376315457157, 0.08334376315457157] 
PROD026_DIRECTION I [0.9090773651772442, 0.09092263482275571] 
PROD026_I 45 [0.7142594505180865, 0.07143513737047841, 0.07143513737047841, 0.07143513737047841, 0.07143513737047841] 
PROD026_J 6 [0.06250439777266827, 0.06250439777266827, 0.6249736133639902, 0.06250439777266827, 0.06250439777266827, 0.06250439777266827, 0.06250439777266827] 
PROD026_K 2 [0.08334376315457157, 0.8333124736908568, 0.08334376315457157] 
INJ006_I 51 [0.06667200441983365, 0.06667200441983365, 0.666639977900832, 0.06667200441983365, 0.06667200441983365, 0.06667200441983365] 
INJ006_J 25 [0.05882719558996117, 0.05882719558996117, 0.05882719558996117, 0.05882719558996117, 0.5882096308702535, 0.058827195589979425, 0.05882719558996117, 0.05882719558996117] 
INJ006_K 15 [0.0769312787836804, 0.0769312787836804, 0.0769312787836804, 0.7692061636489588] 
INJ010_DIRECTION J [0.09092263482275571, 0.9090773651772442] 
INJ010_I 71 [0.07142923651088864, 0.07142923651088864, 0.0715118527642281, 0.7142004377031059, 0.07142923651088864] 
INJ010_J 36 [0.07143513737047825, 0.07143513737047825, 0.07143513737047896, 0.7142594505180864, 0.07143513737047825] 
INJ010_K 6 [0.7692061636489588, 0.0769312787836804, 0.0769312787836804, 0.0769312787836804] 
INJ017_DIRECTION I [0.9090773651772442, 0.09092263482275571] 
INJ017_I 38 [0.06667200441983363, 0.06667200441983363, 0.06667200441983363, 0.06667200441983363, 0.06667200441983363, 0.6666399779008317] 
INJ017_J 22 [0.06250439777266828, 0.06250439777266828, 0.06250439777266828, 0.06250439777266828, 0.6249736133639903, 0.06250439777266828, 0.06250439777266828] 
INJ017_K 16 [0.07143513737047841, 0.07143513737047841, 0.07143513737047841, 0.07143513737047841, 0.7142594505180864] 
INJ019_DIRECTION I [0.9090773651772442, 0.09092263482275571] 
INJ019_I 28 [0.06667200441983365, 0.06667200441983365, 0.666639977900832, 0.06667200441983365, 0.06667200441983365, 0.06667200441983365] 
INJ019_J 49 [0.0769312787836804, 0.0769312787836804, 0.0769312787836804, 0.7692061636489588] 
INJ019_K 11 [0.0769312787836804, 0.7692061636489588, 0.0769312787836804, 0.0769312787836804] 
INJ021_DIRECTION I [0.9090773651772442, 0.09092263482275571] 
INJ021_I 23 [0.05555864383075574, 0.05555864383075574, 0.5555308493539539, 0.05555864383075574, 0.05555864383075574, 0.05555864383075574, 0.05555864383075574, 0.05555864383075574, 0.05555864383075574] 
INJ021_J 33 [0.06667200441983363, 0.06667200441983363, 0.06667200441983363, 0.06667200441983363, 0.06667200441983363, 0.6666399779008317] 
INJ021_K 16 [0.0769312787836804, 0.0769312787836804, 0.0769312787836804, 0.7692061636489588] 
INJ022_DIRECTION I [0.9090773651772442, 0.09092263482275571] 
INJ022_I 65 [0.7142594505180865, 0.07143513737047841, 0.07143513737047841, 0.07143513737047841, 0.07143513737047841] 
INJ022_J 26 [0.0769312787836804, 0.0769312787836804, 0.0769312787836804, 0.7692061636489588] 
INJ022_K 12 [0.07143513737047841, 0.07143513737047841, 0.07143513737047841, 0.7142594505180865, 0.07143513737047841] 
INJ023_DIRECTION I [0.9090773651772442, 0.09092263482275571] 
INJ023_I 41 [0.06667200441983365, 0.06667200441983365, 0.666639977900832, 0.06667200441983365, 0.06667200441983365, 0.06667200441983365] 
INJ023_J 19 [0.06667200441983363, 0.06667200441983363, 0.06667200441983363, 0.06667200441983363, 0.06667200441983363, 0.6666399779008317] 
INJ023_K 7 [0.9090773651772442, 0.09092263482275571] 
NA1A_CONSIDER 1 [0.09092263482275571, 0.9090773651772442] 

Elite 2 OF_MAX_VPL 2988335552.39
NA2_CONSIDER 0 [0.9090773651772442, 0.09092263482275571] 
NA3D_CONSIDER 0 [0.9090773651772442, 0.09092263482275571] 
PltPRDSTL_PltPRDSTO 20925 [0.05263420467860617, 0.05263420467860617, 0.05263420467860617, 0.05263420467860617, 0.5262921578925442, 0.05263420467860617, 0.05263420467860617, 0.05263420467860617, 0.05263420467860617, 0.05263420467860617] 
PltPRDSTW 10462.5 [0.06667200441983365, 0.06667200441983365, 0.666639977900832, 0.06667200441983365, 0.06667200441983365, 0.06667200441983365] 
PltINJSTW 32550 [0.47615160006191837, 0.04765596241602595, 0.04761924375220557, 0.04761924375220557, 0.04761924375220557, 0.04761924375220557, 0.04761924375220557, 0.04761924375220557, 0.04761924375220557, 0.04761924375220557, 0.04761924375220557, 0.04761924375220557] 
PROD005_DIRECTION J [0.09092263482275571, 0.9090773651772442] 
PROD005_I 29 [0.0769312787836804, 0.0769312787836804, 0.0769312787836804, 0.7692061636489588] 
PROD005_J 16 [0.5882096308702549, 0.05882719558996359, 0.05882719558996359, 0.05882719558996359, 0.05882719558996359, 0.05882719558996359, 0.05882719558996359, 0.05882719558996359] 
PROD005_K 2 [0.08334376315457157, 0.8333124736908568, 0.08334376315457157] 
PROD006_I 53 [0.0769312787836804, 0.0769312787836804, 0.7692061636489588, 0.0769312787836804] 
PROD006_J 2 [0.9090773651772442, 0.09092263482275571] 
PROD007_I 59 [0.7142594505180865, 0.07143513737047841, 0.07143513737047841, 0.07143513737047841, 0.07143513737047841] 
PROD007_J 12 [0.08334376315457157, 0.08334376315457157, 0.8333124736908568] 
PROD009_DIRECTION I [0.9090773651772442, 0.09092263482275571] 
PROD009_I 6 [0.07143513737047841, 0.7142594505180865, 0.07143513737047841, 0.07143513737047841, 0.07143513737047841] 
PROD009_J 40 [0.06250439777266827, 0.06250439777266827, 0.6249736133639902, 0.06250439777266827, 0.06250439777266827, 0.06250439777266827, 0.06250439777266827] 
PROD009_K 1 [0.8333124736908568, 0.08334376315457157, 0.08334376315457157] 
PROD010_DIRECTION J [0.09092263482275571, 0.9090773651772442] 
PROD010_I 36 [0.05882719558996359, 0.05882719558996359, 0.05882719558996359, 0.05882719558996359, 0.05882719558996359, 0.05882719558996359, 0.05882719558996359, 0.5882096308702549] 
PROD010_J 30 [0.6249736133639902, 0.06250439777266827, 0.06250439777266827, 0.06250439777266827, 0.06250439777266827, 0.06250439777266827, 0.06250439777266827] 
PROD010_K 2 [0.08334376315457159, 0.8333124736908568, 0.08334376315457154] 
PROD012_DIRECTION I [0.9090773651772442, 0.09092263482275571] 
PROD012_I 37 [0.5555308493539539, 0.05555864383075574, 0.05555864383075574, 0.05555864383075574, 0.05555864383075574, 0.05555864383075574, 0.05555864383075574, 0.05555864383075574, 0.05555864383075574] 
PROD012_J 36 [0.05000225113820511, 0.05000225113820511, 0.05000225113820511, 0.05000225113820511, 0.05000225113820511, 0.05000225113820511, 0.499977488617949, 0.05000225113820511, 0.05000225113820511, 0.05000225113820511, 0.05000225113820511] 
PROD012_K 2 [0.08334376315457157, 0.8333124736908568, 0.08334376315457157] 
PROD014_DIRECTION J [0.09092263482275571, 0.9090773651772442] 
PROD014_I 48 [0.06250439777266827, 0.06250439777266827, 0.6249736133639902, 0.06250439777266827, 0.06250439777266827, 0.06250439777266827, 0.06250439777266827] 
PROD014_J 42 [0.05263420467860618, 0.05263420467860618, 0.05263420467860618, 0.05263420467860618, 0.05263420467860618, 0.05263420467860618, 0.05263420467860618, 0.05263420467860618, 0.5262921578925444, 0.05263420467860618] 
PROD014_K 1 [0.8333124736908568, 0.08334376315457157, 0.08334376315457157] 
PROD021_DIRECTION I [0.9090773651772442, 0.09092263482275571] 
PROD021_I 18 [0.04762099216480503, 0.04762099216480503, 0.04762099216480503, 0.04762099216480503, 0.4761690861871445, 0.04762099216480503, 0.04762099216480503, 0.04762099216480503, 0.04762099216480503, 0.04762099216480503, 0.04762099216480503, 0.04762099216480503] 
PROD021_J 41 [0.06250439777266828, 0.06250439777266828, 0.06250439777266828, 0.06250439777266828, 0.6249736133639903, 0.06250439777266828, 0.06250439777266828] 
PROD021_K 1 [0.8333124736908568, 0.08334376315457157, 0.08334376315457157] 
PROD023A_DIRECTION I [0.9090773651772442, 0.09092263482275571] 
PROD023A_I 56 [0.7142594505180865, 0.07143513737047841, 0.07143513737047841, 0.07143513737047841, 0.07143513737047841] 
PROD023A_J 15 [0.06667200441983365, 0.06667200441983365, 0.666639977900832, 0.06667200441983365, 0.06667200441983365, 0.06667200441983365] 
PROD023A_K 2 [0.08334376315457157, 0.8333124736908568, 0.08334376315457157] 
PROD024A_I 56 [0.6249736133639902, 0.06250439777266827, 0.06250439777266827, 0.06250439777266827, 0.06250439777266827, 0.06250439777266827, 0.06250439777266827] 
PROD024A_J 33 [0.7692061636489584, 0.07693127878368013, 0.07693127878368013, 0.07693127878368124] 
PROD024A_K 2 [0.08334376315457157, 0.8333124736908568, 0.08334376315457157] 
PROD025A_DIRECTION I [0.9090773651772442, 0.09092263482275571] 
PROD025A_I 59 [0.06667200441983363, 0.06667200441983363, 0.06667200441983363, 0.06667200441983363, 0.06667200441983363, 0.6666399779008317] 
PROD025A_J 21 [0.7142594505180865, 0.07143513737047841, 0.07143513737047841, 0.07143513737047841, 0.07143513737047841] 
PROD025A_K 1 [0.8333124736908568, 0.08334376315457157, 0.08334376315457157] 
PROD026_DIRECTION I [0.9090773651772442, 0.09092263482275571] 
PROD026_I 45 [0.7142594505180865, 0.07143513737047841, 0.07143513737047841, 0.07143513737047841, 0.07143513737047841] 
PROD026_J 6 [0.06250439777266827, 0.06250439777266827, 0.6249736133639902, 0.06250439777266827, 0.06250439777266827, 0.06250439777266827, 0.06250439777266827] 
PROD026_K 2 [0.08334376315457157, 0.8333124736908568, 0.08334376315457157] 
INJ006_I 51 [0.06667200441983365, 0.06667200441983365, 0.666639977900832, 0.06667200441983365, 0.06667200441983365, 0.06667200441983365] 
INJ006_J 25 [0.05882719558996117, 0.05882719558996117, 0.05882719558996117, 0.05882719558996117, 0.5882096308702535, 0.058827195589979425, 0.05882719558996117, 0.05882719558996117] 
INJ006_K 15 [0.0769312787836804, 0.0769312787836804, 0.0769312787836804, 0.7692061636489588] 
INJ010_DIRECTION J [0.09092263482275571, 0.9090773651772442] 
INJ010_I 71 [0.07142923651088864, 0.07142923651088864, 0.0715118527642281, 0.7142004377031059, 0.07142923651088864] 
INJ010_J 36 [0.07143513737047825, 0.07143513737047825, 0.07143513737047896, 0.7142594505180864, 0.07143513737047825] 
INJ010_K 6 [0.7692061636489588, 0.0769312787836804, 0.0769312787836804, 0.0769312787836804] 
INJ017_DIRECTION I [0.9090773651772442, 0.09092263482275571] 
INJ017_I 38 [0.06667200441983363, 0.06667200441983363, 0.06667200441983363, 0.06667200441983363, 0.06667200441983363, 0.6666399779008317] 
INJ017_J 22 [0.06250439777266828, 0.06250439777266828, 0.06250439777266828, 0.06250439777266828, 0.6249736133639903, 0.06250439777266828, 0.06250439777266828] 
INJ017_K 16 [0.07143513737047841, 0.07143513737047841, 0.07143513737047841, 0.07143513737047841, 0.7142594505180864] 
INJ019_DIRECTION I [0.9090773651772442, 0.09092263482275571] 
INJ019_I 28 [0.06667200441983365, 0.06667200441983365, 0.666639977900832, 0.06667200441983365, 0.06667200441983365, 0.06667200441983365] 
INJ019_J 49 [0.0769312787836804, 0.0769312787836804, 0.0769312787836804, 0.7692061636489588] 
INJ019_K 11 [0.0769312787836804, 0.7692061636489588, 0.0769312787836804, 0.0769312787836804] 
INJ021_DIRECTION I [0.9090773651772442, 0.09092263482275571] 
INJ021_I 23 [0.05555864383075574, 0.05555864383075574, 0.5555308493539539, 0.05555864383075574, 0.05555864383075574, 0.05555864383075574, 0.05555864383075574, 0.05555864383075574, 0.05555864383075574] 
INJ021_J 33 [0.06667200441983363, 0.06667200441983363, 0.06667200441983363, 0.06667200441983363, 0.06667200441983363, 0.6666399779008317] 
INJ021_K 16 [0.0769312787836804, 0.0769312787836804, 0.0769312787836804, 0.7692061636489588] 
INJ022_DIRECTION I [0.9090773651772442, 0.09092263482275571] 
INJ022_I 65 [0.7142594505180865, 0.07143513737047841, 0.07143513737047841, 0.07143513737047841, 0.07143513737047841] 
INJ022_J 26 [0.0769312787836804, 0.0769312787836804, 0.0769312787836804, 0.7692061636489588] 
INJ022_K 12 [0.07143513737047841, 0.07143513737047841, 0.07143513737047841, 0.7142594505180865, 0.07143513737047841] 
INJ023_DIRECTION I [0.9090773651772442, 0.09092263482275571] 
INJ023_I 41 [0.06667200441983365, 0.06667200441983365, 0.666639977900832, 0.06667200441983365, 0.06667200441983365, 0.06667200441983365] 
INJ023_J 19 [0.06667200441983363, 0.06667200441983363, 0.06667200441983363, 0.06667200441983363, 0.06667200441983363, 0.6666399779008317] 
INJ023_K 7 [0.9090773651772442, 0.09092263482275571] 
NA1A_CONSIDER 1 [0.09092263482275571, 0.9090773651772442] 

