Elite 1 OF_MAX_VPL 3046744275.0
NA2_CONSIDER 0 [0.9990900951178329, 0.0009099048821671304] 
NA3D_CONSIDER 1 [0.0009099048821671304, 0.9990900951178329] 
PltPRDSTL_PltPRDSTO 23250 [0.9952617388677923, 0.000526473459134188, 0.000526473459134188, 0.000526473459134188, 0.000526473459134188, 0.000526473459134188, 0.000526473459134188, 0.000526473459134188, 0.000526473459134188, 0.000526473459134188] 
PltPRDSTW 11160 [0.0006669872561634521, 0.9966650637191905, 0.0006669872561615228, 0.0006669872561615228, 0.0006669872561615228, 0.0006669872561615228] 
PltINJSTW 29295 [0.0004763069575503762, 0.0004763069575503762, 0.0004763069575503762, 0.9947606195039101, 0.0004763069575503762, 0.0004763069575503762, 0.0004763069575503762, 0.0004763109205861442, 0.0004763069575503762, 0.0004763069575503762, 0.0004763069575503762, 0.0004763069575503762] 
PROD005_DIRECTION I [0.9990900951178329, 0.0009099048821671304] 
PROD005_I 27 [0.0007697234911525731, 0.9976908295265423, 0.0007697234911525731, 0.0007697234911525731] 
PROD005_J 21 [0.0005884554581777244, 0.0005884554581777244, 0.0005884554581777244, 0.0005884554581777246, 0.0005884554581777244, 0.9958808117927559, 0.0005884554581777244, 0.0005884554581777244] 
PROD005_K 2 [0.0008339600066787457, 0.9983320799866425, 0.0008339600066787457] 
PROD006_I 53 [0.000769723491152573, 0.000769723491152573, 0.9976908295265423, 0.000769723491152573] 
PROD006_J 3 [0.0009099048821671304, 0.9990900951178329] 
PROD007_I 59 [0.9971412795663683, 0.0007146801084079247, 0.0007146801084079247, 0.0007146801084079247, 0.0007146801084079247] 
PROD007_J 12 [0.0008339600066787457, 0.0008339600066787457, 0.9983320799866425] 
PROD009_DIRECTION I [0.9990900951178329, 0.0009099048821671304] 
PROD009_I 5 [0.9971412795663683, 0.0007146801084079326, 0.0007146801084079231, 0.0007146801084079231, 0.0007146801084079231] 
PROD009_J 40 [0.0006252641136815418, 0.0006252641136815418, 0.9962484153179108, 0.0006252641136815418, 0.0006252641136815418, 0.0006252641136815418, 0.0006252641136815418] 
PROD009_K 1 [0.9983320799866425, 0.0008339600066787457, 0.0008339600066787457] 
PROD010_DIRECTION I [0.9990900951178329, 0.0009099048821671304] 
PROD010_I 29 [0.9958808117927559, 0.0005884554581777243, 0.0005884554581777243, 0.0005884554581777243, 0.0005884554581777243, 0.0005884554581777243, 0.0005884554581777243, 0.0005884554581777243] 
PROD010_J 36 [0.0006252641136815418, 0.0006252641136815418, 0.0006252641136815418, 0.0006252641136815418, 0.0006252641136815418, 0.0006252641136815418, 0.9962484153179108] 
PROD010_K 1 [0.9983320799866425, 0.0008339600066787457, 0.0008339600066787457] 
PROD012_DIRECTION J [0.0009099048821671304, 0.9990900951178329] 
PROD012_I 39 [0.0005557415365293282, 0.000555740945355063, 0.9955540718459852, 0.000555740945355063, 0.000555740945355063, 0.000555740945355063, 0.000555740945355063, 0.000555740945355063, 0.000555740945355063] 
PROD012_J 33 [0.0005000137769148543, 0.0005000137769148543, 0.0005024424891189489, 0.9949974335186473, 0.0005000137769148543, 0.0005000137769148543, 0.0005000137769148543, 0.0005000137769148543, 0.0005000137769148543, 0.0005000137769148543, 0.0005000137769148543] 
PROD012_K 3 [0.0008339600066787457, 0.008332079986642517, 0.9908339600066788] 
PROD014_DIRECTION I [0.9990900951178329, 0.0009099048821671304] 
PROD014_I 46 [0.9962484153179108, 0.0006252641136815418, 0.0006252641136815418, 0.0006252641136815418, 0.0006252641136815418, 0.0006252641136815418, 0.0006252641136815418] 
PROD014_J 40 [0.0005264734591341776, 0.0005264734591341776, 0.0005264734591341776, 0.0005264734591341776, 0.0005264734591341776, 0.0005264734591342769, 0.9952617388677923, 0.0005264734591341776, 0.0005264734591341776, 0.0005264734591341776] 
PROD014_K 2 [0.0008339600066787457, 0.9983320799866425, 0.0008339600066787457] 
PROD021_DIRECTION I [0.9990900951178329, 0.0009099048821671304] 
PROD021_I 18 [0.00047630723634505386, 0.00047630723634505386, 0.00047630723634505386, 0.00047630723634505386, 0.9947606204002044, 0.00047630723634505386, 0.00047630723634505386, 0.00047630723634505386, 0.00047630723634505386, 0.00047630723634505386, 0.00047630723634505386, 0.00047630723634505386] 
PROD021_J 41 [0.0006252641136815418, 0.0006252641136815418, 0.0006252641136815418, 0.0006252641136815418, 0.9962484153179108, 0.0006252641136815418, 0.0006252641136815418] 
PROD021_K 3 [0.0008339600066787457, 0.0008339600066787457, 0.9983320799866425] 
PROD023A_DIRECTION I [0.9990900951178329, 0.0009099048821671304] 
PROD023A_I 57 [0.0007146801989434541, 0.9971412795271186, 0.0007146800913126466, 0.0007146800913126354, 0.0007146800913126354] 
PROD023A_J 13 [0.9966650637191907, 0.0006669872561618576, 0.0006669872561618576, 0.0006669872561618576, 0.0006669872561618576, 0.0006669872561618576] 
PROD023A_K 3 [0.0008339600066787457, 0.0008339600066787457, 0.9983320799866425] 
PROD024A_I 56 [0.9962484153179108, 0.0006252641136815418, 0.0006252641136815418, 0.0006252641136815418, 0.0006252641136815418, 0.0006252641136815418, 0.0006252641136815418] 
PROD024A_J 36 [0.0007697234911092256, 0.0007697234911092256, 0.0007697234913093999, 0.9976908295264721] 
PROD024A_K 2 [0.0008339600066787435, 0.9983320799866425, 0.0008339600066787502] 
PROD025A_DIRECTION J [0.0009099048821671304, 0.9990900951178329] 
PROD025A_I 54 [0.9966650637191907, 0.0006669872561618576, 0.0006669872561618576, 0.0006669872561618576, 0.0006669872561618576, 0.0006669872561618576] 
PROD025A_J 21 [0.9971412791138368, 0.0007146811522429821, 0.000714679911306743, 0.000714679911306743, 0.000714679911306743] 
PROD025A_K 1 [0.9983320799866425, 0.0008339600066787457, 0.0008339600066787457] 
PROD026_DIRECTION J [0.000909904898964713, 0.9990900951010353] 
PROD026_I 45 [0.9971412795663683, 0.0007146801084079247, 0.0007146801084079247, 0.0007146801084079247, 0.0007146801084079247] 
PROD026_J 6 [0.000625264176154952, 0.0006252641039578534, 0.9962484152990402, 0.0006252641039578534, 0.0006252641039578534, 0.0006252641039578534, 0.0006252641089734241] 
PROD026_K 2 [0.0008339600066787457, 0.9983320799866425, 0.0008339600066787457] 
INJ006_I 51 [0.0006669872561618576, 0.0006669872561618576, 0.9966650637191907, 0.0006669872561618576, 0.0006669872561618576, 0.0006669872561618576] 
INJ006_J 28 [0.0005791611326132011, 0.0005791611326132011, 0.0005791611326132011, 0.0005791611326132011, 0.0005791611326132011, 0.0005791611326132011, 0.995787815953048, 0.0007372172512728238] 
INJ006_K 15 [0.0007697234911525731, 0.0007697234911525731, 0.0007697234911525731, 0.9976908295265423] 
INJ010_DIRECTION J [0.0009099048821671304, 0.9990900951178329] 
INJ010_I 66 [0.9971412795663683, 0.0007146801084079247, 0.0007146801084079247, 0.0007146801084079247, 0.0007146801084079247] 
INJ010_J 30 [0.9971412795663683, 0.0007146801084079247, 0.0007146801084079247, 0.0007146801084079247, 0.0007146801084079247] 
INJ010_K 15 [0.000769723491152573, 0.000769723491152573, 0.9976908295265423, 0.000769723491152573] 
INJ017_DIRECTION J [0.0009099048821671304, 0.9990900951178329] 
INJ017_I 28 [0.9966650637191907, 0.0006669872561618576, 0.0006669872561618576, 0.0006669872561618576, 0.0006669872561618576, 0.0006669872561618576] 
INJ017_J 26 [0.0006252641136815418, 0.0006252641136815418, 0.0006252641136815418, 0.0006252641136815418, 0.0006252641136815418, 0.0006252641136815418, 0.9962484153179108] 
INJ017_K 16 [0.0007146801084079249, 0.0007146801084079249, 0.0007146801084079249, 0.0007146801084079249, 0.9971412795663683] 
INJ019_DIRECTION I [0.9990900951178329, 0.0009099048821671304] 
INJ019_I 24 [0.9966650637191907, 0.0006669872561618576, 0.0006669872561618576, 0.0006669872561618576, 0.0006669872561618576, 0.0006669872561618576] 
INJ019_J 49 [0.0007697234911525731, 0.0007697234911525731, 0.0007697234911525731, 0.9976908295265423] 
INJ019_K 11 [0.0007697234911525731, 0.9976908295265423, 0.0007697234911525731, 0.0007697234911525731] 
INJ021_DIRECTION I [0.9990900951178329, 0.0009099048821671304] 
INJ021_I 21 [0.9955540719474967, 0.000555741006562909, 0.000555741006562909, 0.000555741006562909, 0.000555741006562909, 0.000555741006562909, 0.000555741006562909, 0.000555741006562909, 0.000555741006562909] 
INJ021_J 29 [0.0006669872561618576, 0.0006669872561618576, 0.0006669872561618576, 0.9966650637191907, 0.0006669872561618576, 0.0006669872561618576] 
INJ021_K 12 [0.000769723491152573, 0.000769723491152573, 0.9976908295265423, 0.000769723491152573] 
INJ022_DIRECTION I [0.9990900951178329, 0.0009099048821671304] 
INJ022_I 73 [0.0007146801084079249, 0.0007146801084079249, 0.0007146801084079249, 0.0007146801084079249, 0.9971412795663683] 
INJ022_J 26 [0.0007697234911525731, 0.0007697234911525731, 0.0007697234911525731, 0.9976908295265423] 
INJ022_K 6 [0.9971412795663683, 0.0007146801084079247, 0.0007146801084079247, 0.0007146801084079247, 0.0007146801084079247] 
INJ023_DIRECTION J [0.0009099048821671304, 0.9990900951178329] 
INJ023_I 45 [0.0006669872561618576, 0.0006669872561618576, 0.0006669872561618576, 0.0006669872561618576, 0.0006669872561618576, 0.9966650637191907] 
INJ023_J 19 [0.0006669872561618576, 0.0006669872561618576, 0.0006669872561618576, 0.0006669872561618576, 0.0006669872561618576, 0.9966650637191907] 
INJ023_K 15 [0.0009099048821671304, 0.9990900951178329] 
NA1A_CONSIDER 1 [0.0009099048821671304, 0.9990900951178329] 

Elite 2 OF_MAX_VPL 3046429825.22
NA2_CONSIDER 0 [0.9990900951178329, 0.0009099048821671304] 
NA3D_CONSIDER 1 [0.0009099048821671304, 0.9990900951178329] 
PltPRDSTL_PltPRDSTO 23250 [0.9952617388677923, 0.000526473459134188, 0.000526473459134188, 0.000526473459134188, 0.000526473459134188, 0.000526473459134188, 0.000526473459134188, 0.000526473459134188, 0.000526473459134188, 0.000526473459134188] 
PltPRDSTW 11160 [0.0006669872561634521, 0.9966650637191905, 0.0006669872561615228, 0.0006669872561615228, 0.0006669872561615228, 0.0006669872561615228] 
PltINJSTW 29295 [0.0004763069575503762, 0.0004763069575503762, 0.0004763069575503762, 0.9947606195039101, 0.0004763069575503762, 0.0004763069575503762, 0.0004763069575503762, 0.0004763109205861442, 0.0004763069575503762, 0.0004763069575503762, 0.0004763069575503762, 0.0004763069575503762] 
PROD005_DIRECTION I [0.9990900951178329, 0.0009099048821671304] 
PROD005_I 27 [0.0007697234911525731, 0.9976908295265423, 0.0007697234911525731, 0.0007697234911525731] 
PROD005_J 21 [0.0005884554581777244, 0.0005884554581777244, 0.0005884554581777244, 0.0005884554581777246, 0.0005884554581777244, 0.9958808117927559, 0.0005884554581777244, 0.0005884554581777244] 
PROD005_K 2 [0.0008339600066787457, 0.9983320799866425, 0.0008339600066787457] 
PROD006_I 53 [0.000769723491152573, 0.000769723491152573, 0.9976908295265423, 0.000769723491152573] 
PROD006_J 3 [0.0009099048821671304, 0.9990900951178329] 
PROD007_I 59 [0.9971412795663683, 0.0007146801084079247, 0.0007146801084079247, 0.0007146801084079247, 0.0007146801084079247] 
PROD007_J 12 [0.0008339600066787457, 0.0008339600066787457, 0.9983320799866425] 
PROD009_DIRECTION I [0.9990900951178329, 0.0009099048821671304] 
PROD009_I 5 [0.9971412795663683, 0.0007146801084079326, 0.0007146801084079231, 0.0007146801084079231, 0.0007146801084079231] 
PROD009_J 40 [0.0006252641136815418, 0.0006252641136815418, 0.9962484153179108, 0.0006252641136815418, 0.0006252641136815418, 0.0006252641136815418, 0.0006252641136815418] 
PROD009_K 1 [0.9983320799866425, 0.0008339600066787457, 0.0008339600066787457] 
PROD010_DIRECTION I [0.9990900951178329, 0.0009099048821671304] 
PROD010_I 29 [0.9958808117927559, 0.0005884554581777243, 0.0005884554581777243, 0.0005884554581777243, 0.0005884554581777243, 0.0005884554581777243, 0.0005884554581777243, 0.0005884554581777243] 
PROD010_J 36 [0.0006252641136815418, 0.0006252641136815418, 0.0006252641136815418, 0.0006252641136815418, 0.0006252641136815418, 0.0006252641136815418, 0.9962484153179108] 
PROD010_K 1 [0.9983320799866425, 0.0008339600066787457, 0.0008339600066787457] 
PROD012_DIRECTION J [0.0009099048821671304, 0.9990900951178329] 
PROD012_I 39 [0.0005557415365293282, 0.000555740945355063, 0.9955540718459852, 0.000555740945355063, 0.000555740945355063, 0.000555740945355063, 0.000555740945355063, 0.000555740945355063, 0.000555740945355063] 
PROD012_J 33 [0.0005000137769148543, 0.0005000137769148543, 0.0005024424891189489, 0.9949974335186473, 0.0005000137769148543, 0.0005000137769148543, 0.0005000137769148543, 0.0005000137769148543, 0.0005000137769148543, 0.0005000137769148543, 0.0005000137769148543] 
PROD012_K 3 [0.0008339600066787457, 0.008332079986642517, 0.9908339600066788] 
PROD014_DIRECTION I [0.9990900951178329, 0.0009099048821671304] 
PROD014_I 46 [0.9962484153179108, 0.0006252641136815418, 0.0006252641136815418, 0.0006252641136815418, 0.0006252641136815418, 0.0006252641136815418, 0.0006252641136815418] 
PROD014_J 40 [0.0005264734591341776, 0.0005264734591341776, 0.0005264734591341776, 0.0005264734591341776, 0.0005264734591341776, 0.0005264734591342769, 0.9952617388677923, 0.0005264734591341776, 0.0005264734591341776, 0.0005264734591341776] 
PROD014_K 2 [0.0008339600066787457, 0.9983320799866425, 0.0008339600066787457] 
PROD021_DIRECTION I [0.9990900951178329, 0.0009099048821671304] 
PROD021_I 18 [0.00047630723634505386, 0.00047630723634505386, 0.00047630723634505386, 0.00047630723634505386, 0.9947606204002044, 0.00047630723634505386, 0.00047630723634505386, 0.00047630723634505386, 0.00047630723634505386, 0.00047630723634505386, 0.00047630723634505386, 0.00047630723634505386] 
PROD021_J 41 [0.0006252641136815418, 0.0006252641136815418, 0.0006252641136815418, 0.0006252641136815418, 0.9962484153179108, 0.0006252641136815418, 0.0006252641136815418] 
PROD021_K 3 [0.0008339600066787457, 0.0008339600066787457, 0.9983320799866425] 
PROD023A_DIRECTION I [0.9990900951178329, 0.0009099048821671304] 
PROD023A_I 57 [0.0007146801989434541, 0.9971412795271186, 0.0007146800913126466, 0.0007146800913126354, 0.0007146800913126354] 
PROD023A_J 13 [0.9966650637191907, 0.0006669872561618576, 0.0006669872561618576, 0.0006669872561618576, 0.0006669872561618576, 0.0006669872561618576] 
PROD023A_K 3 [0.0008339600066787457, 0.0008339600066787457, 0.9983320799866425] 
PROD024A_I 56 [0.9962484153179108, 0.0006252641136815418, 0.0006252641136815418, 0.0006252641136815418, 0.0006252641136815418, 0.0006252641136815418, 0.0006252641136815418] 
PROD024A_J 35 [0.0007697234911092256, 0.0007697234911092256, 0.0007697234913093999, 0.9976908295264721] 
PROD024A_K 2 [0.0008339600066787435, 0.9983320799866425, 0.0008339600066787502] 
PROD025A_DIRECTION J [0.0009099048821671304, 0.9990900951178329] 
PROD025A_I 54 [0.9966650637191907, 0.0006669872561618576, 0.0006669872561618576, 0.0006669872561618576, 0.0006669872561618576, 0.0006669872561618576] 
PROD025A_J 21 [0.9971412791138368, 0.0007146811522429821, 0.000714679911306743, 0.000714679911306743, 0.000714679911306743] 
PROD025A_K 1 [0.9983320799866425, 0.0008339600066787457, 0.0008339600066787457] 
PROD026_DIRECTION J [0.000909904898964713, 0.9990900951010353] 
PROD026_I 45 [0.9971412795663683, 0.0007146801084079247, 0.0007146801084079247, 0.0007146801084079247, 0.0007146801084079247] 
PROD026_J 6 [0.000625264176154952, 0.0006252641039578534, 0.9962484152990402, 0.0006252641039578534, 0.0006252641039578534, 0.0006252641039578534, 0.0006252641089734241] 
PROD026_K 2 [0.0008339600066787457, 0.9983320799866425, 0.0008339600066787457] 
INJ006_I 51 [0.0006669872561618576, 0.0006669872561618576, 0.9966650637191907, 0.0006669872561618576, 0.0006669872561618576, 0.0006669872561618576] 
INJ006_J 27 [0.0005791611326132011, 0.0005791611326132011, 0.0005791611326132011, 0.0005791611326132011, 0.0005791611326132011, 0.0005791611326132011, 0.995787815953048, 0.0007372172512728238] 
INJ006_K 15 [0.0007697234911525731, 0.0007697234911525731, 0.0007697234911525731, 0.9976908295265423] 
INJ010_DIRECTION J [0.0009099048821671304, 0.9990900951178329] 
INJ010_I 66 [0.9971412795663683, 0.0007146801084079247, 0.0007146801084079247, 0.0007146801084079247, 0.0007146801084079247] 
INJ010_J 30 [0.9971412795663683, 0.0007146801084079247, 0.0007146801084079247, 0.0007146801084079247, 0.0007146801084079247] 
INJ010_K 15 [0.000769723491152573, 0.000769723491152573, 0.9976908295265423, 0.000769723491152573] 
INJ017_DIRECTION J [0.0009099048821671304, 0.9990900951178329] 
INJ017_I 28 [0.9966650637191907, 0.0006669872561618576, 0.0006669872561618576, 0.0006669872561618576, 0.0006669872561618576, 0.0006669872561618576] 
INJ017_J 26 [0.0006252641136815418, 0.0006252641136815418, 0.0006252641136815418, 0.0006252641136815418, 0.0006252641136815418, 0.0006252641136815418, 0.9962484153179108] 
INJ017_K 16 [0.0007146801084079249, 0.0007146801084079249, 0.0007146801084079249, 0.0007146801084079249, 0.9971412795663683] 
INJ019_DIRECTION I [0.9990900951178329, 0.0009099048821671304] 
INJ019_I 24 [0.9966650637191907, 0.0006669872561618576, 0.0006669872561618576, 0.0006669872561618576, 0.0006669872561618576, 0.0006669872561618576] 
INJ019_J 49 [0.0007697234911525731, 0.0007697234911525731, 0.0007697234911525731, 0.9976908295265423] 
INJ019_K 11 [0.0007697234911525731, 0.9976908295265423, 0.0007697234911525731, 0.0007697234911525731] 
INJ021_DIRECTION I [0.9990900951178329, 0.0009099048821671304] 
INJ021_I 21 [0.9955540719474967, 0.000555741006562909, 0.000555741006562909, 0.000555741006562909, 0.000555741006562909, 0.000555741006562909, 0.000555741006562909, 0.000555741006562909, 0.000555741006562909] 
INJ021_J 29 [0.0006669872561618576, 0.0006669872561618576, 0.0006669872561618576, 0.9966650637191907, 0.0006669872561618576, 0.0006669872561618576] 
INJ021_K 12 [0.000769723491152573, 0.000769723491152573, 0.9976908295265423, 0.000769723491152573] 
INJ022_DIRECTION I [0.9990900951178329, 0.0009099048821671304] 
INJ022_I 73 [0.0007146801084079249, 0.0007146801084079249, 0.0007146801084079249, 0.0007146801084079249, 0.9971412795663683] 
INJ022_J 26 [0.0007697234911525731, 0.0007697234911525731, 0.0007697234911525731, 0.9976908295265423] 
INJ022_K 6 [0.9971412795663683, 0.0007146801084079247, 0.0007146801084079247, 0.0007146801084079247, 0.0007146801084079247] 
INJ023_DIRECTION J [0.0009099048821671304, 0.9990900951178329] 
INJ023_I 45 [0.0006669872561618576, 0.0006669872561618576, 0.0006669872561618576, 0.0006669872561618576, 0.0006669872561618576, 0.9966650637191907] 
INJ023_J 19 [0.0006669872561618576, 0.0006669872561618576, 0.0006669872561618576, 0.0006669872561618576, 0.0006669872561618576, 0.9966650637191907] 
INJ023_K 15 [0.0009099048821671304, 0.9990900951178329] 
NA1A_CONSIDER 1 [0.0009099048821671304, 0.9990900951178329] 

