Elite 1 OF_MAX_VPL 3087973909.9
nWWcat 1 [0.09092263482336053, 0.9090773651766395] 
nWPr05 0 [0.9090773651766395, 0.09092263482336053] 
nWPr11 0 [0.9090773651766395, 0.09092263482336053] 
nWPr12 0 [0.9090773651766395, 0.09092263482336053] 
nWPr13 0 [0.9090773651766395, 0.09092263482336053] 
nWPr18 0 [0.9090773651766395, 0.09092263482336053] 
nWPr19 0 [0.9090773651766395, 0.09092263482336053] 
nWPr20 0 [0.9090773651766395, 0.09092263482336053] 
nWPr24 0 [0.9090773651766395, 0.09092263482336053] 
nWPr25 0 [0.9090773651766395, 0.09092263482336053] 
nWPr26 0 [0.9090773651766395, 0.09092263482336053] 
nWPr27 0 [0.9090773651766395, 0.09092263482336053] 
nWPr29 0 [0.9090773651766395, 0.09092263482336053] 
nWPr30 0 [0.9090773651766395, 0.09092263482336053] 
nWPr31 0 [0.9090773651766395, 0.09092263482336053] 
nWPr32 1 [0.09092263482346022, 0.9090773651765398] 
nWPr33 0 [0.9090773651766395, 0.09092263482336053] 
nWPr34 0 [0.9090773651766395, 0.09092263482336053] 
nWPr35 1 [0.09092263482336053, 0.9090773651766395] 
nWPr36 0 [0.9090773651766395, 0.09092263482336053] 
nWPr37 0 [0.9090773651766395, 0.09092263482336053] 
nWPr38 0 [0.9090773651766395, 0.09092263482336053] 
nWPr39 0 [0.9090773536761655, 0.09092264632383444] 
nWPr40 1 [0.09092263482336053, 0.9090773651766395] 
nWPr41 1 [0.09092263482336053, 0.9090773651766395] 
nWPr42 0 [0.9090773651766395, 0.09092263482336053] 
nWPr43 0 [0.9090773651766395, 0.09092263482336053] 
nWPr44 0 [0.9090773651766395, 0.09092263482336053] 
nWPr45 0 [0.9090773651766395, 0.09092263482336053] 
nWPr46 0 [0.9090773651766395, 0.09092263482336053] 
nWPr47 0 [0.9090773651766395, 0.09092263482336053] 
nWPr48 0 [0.9090773651766395, 0.09092263482336053] 
nWPr49 0 [0.9090773651766395, 0.09092263482336053] 
nWPr50 0 [0.9090773651766395, 0.09092263482336053] 
nWPr51 0 [0.9090773651766395, 0.09092263482336053] 
nWPr52 0 [0.9090773651766395, 0.09092263482336053] 
nWPr53 0 [0.9090773651766395, 0.09092263482336053] 
nWPr54 0 [0.9090773651766395, 0.09092263482336053] 
nWPr55 0 [0.9090773651766395, 0.09092263482336053] 
nWPr56 0 [0.9090773651766395, 0.09092263482336053] 
nWPr57 0 [0.9090773651766395, 0.09092263482336053] 
nWPr58 1 [0.09092263482336053, 0.9090773651766395] 
nWPr59 1 [0.09092263482336053, 0.9090773651766395] 
nWPr60 0 [0.9090773651766395, 0.09092263482336053] 
nWPr61 0 [0.9090773651766395, 0.09092263482336053] 
nWPr62 0 [0.9090773651766395, 0.09092263482336053] 
nWPr63 0 [0.9090773651766395, 0.09092263482336053] 
nWPr64 0 [0.9090773651766395, 0.09092263482336053] 
nWPr65 0 [0.9090773651766395, 0.09092263482336053] 
nWPr66 0 [0.9090773651766395, 0.09092263482336053] 
nWPr67 1 [0.09092263482336053, 0.9090773651766395] 
nWPr68 0 [0.9090773651766395, 0.09092263482336053] 
nWPr69 1 [0.09092263482336053, 0.9090773651766395] 
nWPr70 0 [0.9090773651766395, 0.09092263482336053] 
nWPr72 0 [0.9090773651766395, 0.09092263482336053] 
nWPr73 0 [0.9090773651766395, 0.09092263482336053] 
nWPr74 0 [0.9090773651766395, 0.09092263482336053] 
nWPr75 1 [0.09092263482336053, 0.9090773651766395] 
nWPr76 0 [0.9090773651766395, 0.09092263482336053] 
nWPr79 0 [0.9090773651766395, 0.09092263482336053] 
nWPr80 0 [0.9090773651766395, 0.09092263482336053] 
nWPr81 0 [0.9090773651766395, 0.09092263482336053] 
nWPr82 0 [0.9090773651766395, 0.09092263482336053] 
nWPr83 0 [0.9090773651766395, 0.09092263482336053] 
nWPr84 0 [0.9090773651766395, 0.09092263482336053] 
nWIn04 0 [0.9090773651766395, 0.09092263482336053] 
nWIn05 1 [0.09092263482336053, 0.9090773651766395] 
nWIn10 0 [0.9090773651766395, 0.09092263482336053] 
nWIn11 0 [0.9090773651766395, 0.09092263482336053] 
nWIn12 0 [0.9090773651766395, 0.09092263482336053] 
nWIn13 0 [0.9090773651766395, 0.09092263482336053] 
nWIn17 0 [0.9090773651766395, 0.09092263482336053] 
nWIn18 0 [0.9090773651766395, 0.09092263482336053] 
nWIn19 0 [0.9090773651766395, 0.09092263482336053] 
nWIn20 0 [0.9090773651766395, 0.09092263482336053] 
nWIn24 0 [0.9090773651766395, 0.09092263482336053] 
nWIn25 0 [0.9090773651766395, 0.09092263482336053] 
nWIn26 0 [0.9090773651766395, 0.09092263482336053] 
nWIn27 0 [0.9090773651766395, 0.09092263482336053] 
nWIn29 1 [0.09092263482336053, 0.9090773651766395] 
nWIn30 0 [0.9090773651766395, 0.09092263482336053] 
nWIn31 0 [0.9090773651766395, 0.09092263482336053] 
nWIn32 0 [0.9090773651766395, 0.09092263482336053] 
nWIn33 0 [0.9090773651766395, 0.09092263482336053] 
nWIn34 0 [0.9090773651766395, 0.09092263482336053] 
nWIn35 0 [0.9090773651766395, 0.09092263482336053] 
nWIn36 0 [0.9090773651766395, 0.09092263482336053] 
nWIn38 0 [0.9090773651766395, 0.09092263482336053] 
nWIn39 0 [0.9090773651766395, 0.09092263482336053] 
nWIn40 0 [0.9090773651766395, 0.09092263482336053] 
nWIn41 0 [0.9090773651766395, 0.09092263482336053] 
nWIn43 0 [0.9090773651766395, 0.09092263482336053] 
nWIn44 0 [0.9090773651766395, 0.09092263482336053] 
nWIn45 0 [0.9090773651766395, 0.09092263482336053] 
nWIn46 0 [0.9090773651766395, 0.09092263482336053] 
nWIn47 0 [0.9090773651766395, 0.09092263482336053] 
nWIn48 0 [0.9090773651766395, 0.09092263482336053] 
nWIn49 1 [0.09092263482336053, 0.9090773651766395] 
nWIn50 0 [0.9090773651766395, 0.09092263482336053] 
nWIn51 0 [0.9090773651766395, 0.09092263482336053] 
nWIn52 0 [0.9090773651766395, 0.09092263482336053] 
nWIn53 1 [0.09092263482336053, 0.9090773651766395] 
nWIn54 1 [0.09092263482336249, 0.9090773651766374] 
nWIn55 1 [0.09092263482336053, 0.9090773651766395] 
nWIn56 0 [0.9090773651766395, 0.09092263482336053] 
nWIn57 0 [0.9090773651766395, 0.09092263482336053] 
nWIn58 0 [0.9090773651766395, 0.09092263482336053] 
nWIn59 0 [0.9090773651766395, 0.09092263482336053] 
nWIn60 0 [0.9090773651766395, 0.09092263482336053] 
nWIn61 0 [0.9090773651766395, 0.09092263482336053] 
nWIn62 0 [0.9090773651766395, 0.09092263482336053] 
nWIn63 0 [0.9090773651766395, 0.09092263482336053] 
nWIn64 0 [0.9090773651766395, 0.09092263482336053] 
nWIn65 0 [0.9090773651766395, 0.09092263482336053] 
nWIn66 0 [0.9090773651766395, 0.09092263482336053] 
nWIn67 0 [0.9090773651766395, 0.09092263482336053] 
nWIn68 0 [0.9090773651766395, 0.09092263482336053] 
nWIn69 0 [0.9090773651766395, 0.09092263482336053] 
nWIn71 1 [0.09092263482336053, 0.9090773651766395] 
nWIn72 0 [0.9090773651766395, 0.09092263482336053] 
nWIn73 0 [0.9090773651766395, 0.09092263482336053] 
nWIn80 0 [0.9090773651766395, 0.09092263482336053] 
nWIn81 0 [0.9090773651766395, 0.09092263482336053] 
nWIn82 1 [0.09092263482336053, 0.9090773651766395] 
nWIn83 0 [0.9090773651766374, 0.09092263482336249] 
nWIn84 0 [0.9090773651766395, 0.09092263482336053] 
nWIn85 0 [0.9090773651766395, 0.09092263482336053] 

Elite 2 OF_MAX_VPL 3087973909.9
nWWcat 1 [0.09092263482336053, 0.9090773651766395] 
nWPr05 0 [0.9090773651766395, 0.09092263482336053] 
nWPr11 0 [0.9090773651766395, 0.09092263482336053] 
nWPr12 0 [0.9090773651766395, 0.09092263482336053] 
nWPr13 0 [0.9090773651766395, 0.09092263482336053] 
nWPr18 0 [0.9090773651766395, 0.09092263482336053] 
nWPr19 0 [0.9090773651766395, 0.09092263482336053] 
nWPr20 0 [0.9090773651766395, 0.09092263482336053] 
nWPr24 0 [0.9090773651766395, 0.09092263482336053] 
nWPr25 0 [0.9090773651766395, 0.09092263482336053] 
nWPr26 0 [0.9090773651766395, 0.09092263482336053] 
nWPr27 0 [0.9090773651766395, 0.09092263482336053] 
nWPr29 0 [0.9090773651766395, 0.09092263482336053] 
nWPr30 0 [0.9090773651766395, 0.09092263482336053] 
nWPr31 0 [0.9090773651766395, 0.09092263482336053] 
nWPr32 1 [0.09092263482346022, 0.9090773651765398] 
nWPr33 0 [0.9090773651766395, 0.09092263482336053] 
nWPr34 0 [0.9090773651766395, 0.09092263482336053] 
nWPr35 1 [0.09092263482336053, 0.9090773651766395] 
nWPr36 0 [0.9090773651766395, 0.09092263482336053] 
nWPr37 0 [0.9090773651766395, 0.09092263482336053] 
nWPr38 0 [0.9090773651766395, 0.09092263482336053] 
nWPr39 0 [0.9090773536761655, 0.09092264632383444] 
nWPr40 1 [0.09092263482336053, 0.9090773651766395] 
nWPr41 1 [0.09092263482336053, 0.9090773651766395] 
nWPr42 0 [0.9090773651766395, 0.09092263482336053] 
nWPr43 0 [0.9090773651766395, 0.09092263482336053] 
nWPr44 0 [0.9090773651766395, 0.09092263482336053] 
nWPr45 0 [0.9090773651766395, 0.09092263482336053] 
nWPr46 0 [0.9090773651766395, 0.09092263482336053] 
nWPr47 0 [0.9090773651766395, 0.09092263482336053] 
nWPr48 0 [0.9090773651766395, 0.09092263482336053] 
nWPr49 0 [0.9090773651766395, 0.09092263482336053] 
nWPr50 0 [0.9090773651766395, 0.09092263482336053] 
nWPr51 0 [0.9090773651766395, 0.09092263482336053] 
nWPr52 0 [0.9090773651766395, 0.09092263482336053] 
nWPr53 0 [0.9090773651766395, 0.09092263482336053] 
nWPr54 0 [0.9090773651766395, 0.09092263482336053] 
nWPr55 0 [0.9090773651766395, 0.09092263482336053] 
nWPr56 0 [0.9090773651766395, 0.09092263482336053] 
nWPr57 0 [0.9090773651766395, 0.09092263482336053] 
nWPr58 1 [0.09092263482336053, 0.9090773651766395] 
nWPr59 1 [0.09092263482336053, 0.9090773651766395] 
nWPr60 0 [0.9090773651766395, 0.09092263482336053] 
nWPr61 0 [0.9090773651766395, 0.09092263482336053] 
nWPr62 0 [0.9090773651766395, 0.09092263482336053] 
nWPr63 0 [0.9090773651766395, 0.09092263482336053] 
nWPr64 0 [0.9090773651766395, 0.09092263482336053] 
nWPr65 0 [0.9090773651766395, 0.09092263482336053] 
nWPr66 0 [0.9090773651766395, 0.09092263482336053] 
nWPr67 1 [0.09092263482336053, 0.9090773651766395] 
nWPr68 0 [0.9090773651766395, 0.09092263482336053] 
nWPr69 1 [0.09092263482336053, 0.9090773651766395] 
nWPr70 0 [0.9090773651766395, 0.09092263482336053] 
nWPr72 0 [0.9090773651766395, 0.09092263482336053] 
nWPr73 0 [0.9090773651766395, 0.09092263482336053] 
nWPr74 0 [0.9090773651766395, 0.09092263482336053] 
nWPr75 1 [0.09092263482336053, 0.9090773651766395] 
nWPr76 0 [0.9090773651766395, 0.09092263482336053] 
nWPr79 0 [0.9090773651766395, 0.09092263482336053] 
nWPr80 0 [0.9090773651766395, 0.09092263482336053] 
nWPr81 0 [0.9090773651766395, 0.09092263482336053] 
nWPr82 0 [0.9090773651766395, 0.09092263482336053] 
nWPr83 0 [0.9090773651766395, 0.09092263482336053] 
nWPr84 0 [0.9090773651766395, 0.09092263482336053] 
nWIn04 0 [0.9090773651766395, 0.09092263482336053] 
nWIn05 1 [0.09092263482336053, 0.9090773651766395] 
nWIn10 0 [0.9090773651766395, 0.09092263482336053] 
nWIn11 0 [0.9090773651766395, 0.09092263482336053] 
nWIn12 0 [0.9090773651766395, 0.09092263482336053] 
nWIn13 0 [0.9090773651766395, 0.09092263482336053] 
nWIn17 0 [0.9090773651766395, 0.09092263482336053] 
nWIn18 0 [0.9090773651766395, 0.09092263482336053] 
nWIn19 0 [0.9090773651766395, 0.09092263482336053] 
nWIn20 0 [0.9090773651766395, 0.09092263482336053] 
nWIn24 0 [0.9090773651766395, 0.09092263482336053] 
nWIn25 0 [0.9090773651766395, 0.09092263482336053] 
nWIn26 0 [0.9090773651766395, 0.09092263482336053] 
nWIn27 0 [0.9090773651766395, 0.09092263482336053] 
nWIn29 1 [0.09092263482336053, 0.9090773651766395] 
nWIn30 0 [0.9090773651766395, 0.09092263482336053] 
nWIn31 0 [0.9090773651766395, 0.09092263482336053] 
nWIn32 0 [0.9090773651766395, 0.09092263482336053] 
nWIn33 0 [0.9090773651766395, 0.09092263482336053] 
nWIn34 0 [0.9090773651766395, 0.09092263482336053] 
nWIn35 0 [0.9090773651766395, 0.09092263482336053] 
nWIn36 0 [0.9090773651766395, 0.09092263482336053] 
nWIn38 0 [0.9090773651766395, 0.09092263482336053] 
nWIn39 0 [0.9090773651766395, 0.09092263482336053] 
nWIn40 0 [0.9090773651766395, 0.09092263482336053] 
nWIn41 0 [0.9090773651766395, 0.09092263482336053] 
nWIn43 0 [0.9090773651766395, 0.09092263482336053] 
nWIn44 0 [0.9090773651766395, 0.09092263482336053] 
nWIn45 0 [0.9090773651766395, 0.09092263482336053] 
nWIn46 0 [0.9090773651766395, 0.09092263482336053] 
nWIn47 0 [0.9090773651766395, 0.09092263482336053] 
nWIn48 0 [0.9090773651766395, 0.09092263482336053] 
nWIn49 1 [0.09092263482336053, 0.9090773651766395] 
nWIn50 0 [0.9090773651766395, 0.09092263482336053] 
nWIn51 0 [0.9090773651766395, 0.09092263482336053] 
nWIn52 0 [0.9090773651766395, 0.09092263482336053] 
nWIn53 1 [0.09092263482336053, 0.9090773651766395] 
nWIn54 1 [0.09092263482336249, 0.9090773651766374] 
nWIn55 1 [0.09092263482336053, 0.9090773651766395] 
nWIn56 0 [0.9090773651766395, 0.09092263482336053] 
nWIn57 0 [0.9090773651766395, 0.09092263482336053] 
nWIn58 0 [0.9090773651766395, 0.09092263482336053] 
nWIn59 0 [0.9090773651766395, 0.09092263482336053] 
nWIn60 0 [0.9090773651766395, 0.09092263482336053] 
nWIn61 0 [0.9090773651766395, 0.09092263482336053] 
nWIn62 0 [0.9090773651766395, 0.09092263482336053] 
nWIn63 0 [0.9090773651766395, 0.09092263482336053] 
nWIn64 0 [0.9090773651766395, 0.09092263482336053] 
nWIn65 0 [0.9090773651766395, 0.09092263482336053] 
nWIn66 0 [0.9090773651766395, 0.09092263482336053] 
nWIn67 0 [0.9090773651766395, 0.09092263482336053] 
nWIn68 0 [0.9090773651766395, 0.09092263482336053] 
nWIn69 0 [0.9090773651766395, 0.09092263482336053] 
nWIn71 1 [0.09092263482336053, 0.9090773651766395] 
nWIn72 0 [0.9090773651766395, 0.09092263482336053] 
nWIn73 0 [0.9090773651766395, 0.09092263482336053] 
nWIn80 0 [0.9090773651766395, 0.09092263482336053] 
nWIn81 0 [0.9090773651766395, 0.09092263482336053] 
nWIn82 1 [0.09092263482336053, 0.9090773651766395] 
nWIn83 0 [0.9090773651766374, 0.09092263482336249] 
nWIn84 0 [0.9090773651766395, 0.09092263482336053] 
nWIn85 0 [0.9090773651766395, 0.09092263482336053] 

Elite 3 OF_MAX_VPL 3087973909.9
nWWcat 1 [0.09092263482336053, 0.9090773651766395] 
nWPr05 0 [0.9090773651766395, 0.09092263482336053] 
nWPr11 0 [0.9090773651766395, 0.09092263482336053] 
nWPr12 0 [0.9090773651766395, 0.09092263482336053] 
nWPr13 0 [0.9090773651766395, 0.09092263482336053] 
nWPr18 0 [0.9090773651766395, 0.09092263482336053] 
nWPr19 0 [0.9090773651766395, 0.09092263482336053] 
nWPr20 0 [0.9090773651766395, 0.09092263482336053] 
nWPr24 0 [0.9090773651766395, 0.09092263482336053] 
nWPr25 0 [0.9090773651766395, 0.09092263482336053] 
nWPr26 0 [0.9090773651766395, 0.09092263482336053] 
nWPr27 0 [0.9090773651766395, 0.09092263482336053] 
nWPr29 0 [0.9090773651766395, 0.09092263482336053] 
nWPr30 0 [0.9090773651766395, 0.09092263482336053] 
nWPr31 0 [0.9090773651766395, 0.09092263482336053] 
nWPr32 1 [0.09092263482346022, 0.9090773651765398] 
nWPr33 0 [0.9090773651766395, 0.09092263482336053] 
nWPr34 0 [0.9090773651766395, 0.09092263482336053] 
nWPr35 1 [0.09092263482336053, 0.9090773651766395] 
nWPr36 0 [0.9090773651766395, 0.09092263482336053] 
nWPr37 0 [0.9090773651766395, 0.09092263482336053] 
nWPr38 0 [0.9090773651766395, 0.09092263482336053] 
nWPr39 0 [0.9090773536761655, 0.09092264632383444] 
nWPr40 1 [0.09092263482336053, 0.9090773651766395] 
nWPr41 1 [0.09092263482336053, 0.9090773651766395] 
nWPr42 0 [0.9090773651766395, 0.09092263482336053] 
nWPr43 0 [0.9090773651766395, 0.09092263482336053] 
nWPr44 0 [0.9090773651766395, 0.09092263482336053] 
nWPr45 0 [0.9090773651766395, 0.09092263482336053] 
nWPr46 0 [0.9090773651766395, 0.09092263482336053] 
nWPr47 0 [0.9090773651766395, 0.09092263482336053] 
nWPr48 0 [0.9090773651766395, 0.09092263482336053] 
nWPr49 0 [0.9090773651766395, 0.09092263482336053] 
nWPr50 0 [0.9090773651766395, 0.09092263482336053] 
nWPr51 0 [0.9090773651766395, 0.09092263482336053] 
nWPr52 0 [0.9090773651766395, 0.09092263482336053] 
nWPr53 0 [0.9090773651766395, 0.09092263482336053] 
nWPr54 0 [0.9090773651766395, 0.09092263482336053] 
nWPr55 0 [0.9090773651766395, 0.09092263482336053] 
nWPr56 0 [0.9090773651766395, 0.09092263482336053] 
nWPr57 0 [0.9090773651766395, 0.09092263482336053] 
nWPr58 1 [0.09092263482336053, 0.9090773651766395] 
nWPr59 1 [0.09092263482336053, 0.9090773651766395] 
nWPr60 0 [0.9090773651766395, 0.09092263482336053] 
nWPr61 0 [0.9090773651766395, 0.09092263482336053] 
nWPr62 0 [0.9090773651766395, 0.09092263482336053] 
nWPr63 0 [0.9090773651766395, 0.09092263482336053] 
nWPr64 0 [0.9090773651766395, 0.09092263482336053] 
nWPr65 0 [0.9090773651766395, 0.09092263482336053] 
nWPr66 0 [0.9090773651766395, 0.09092263482336053] 
nWPr67 1 [0.09092263482336053, 0.9090773651766395] 
nWPr68 0 [0.9090773651766395, 0.09092263482336053] 
nWPr69 1 [0.09092263482336053, 0.9090773651766395] 
nWPr70 0 [0.9090773651766395, 0.09092263482336053] 
nWPr72 0 [0.9090773651766395, 0.09092263482336053] 
nWPr73 0 [0.9090773651766395, 0.09092263482336053] 
nWPr74 0 [0.9090773651766395, 0.09092263482336053] 
nWPr75 1 [0.09092263482336053, 0.9090773651766395] 
nWPr76 0 [0.9090773651766395, 0.09092263482336053] 
nWPr79 0 [0.9090773651766395, 0.09092263482336053] 
nWPr80 0 [0.9090773651766395, 0.09092263482336053] 
nWPr81 0 [0.9090773651766395, 0.09092263482336053] 
nWPr82 0 [0.9090773651766395, 0.09092263482336053] 
nWPr83 0 [0.9090773651766395, 0.09092263482336053] 
nWPr84 0 [0.9090773651766395, 0.09092263482336053] 
nWIn04 0 [0.9090773651766395, 0.09092263482336053] 
nWIn05 1 [0.09092263482336053, 0.9090773651766395] 
nWIn10 0 [0.9090773651766395, 0.09092263482336053] 
nWIn11 0 [0.9090773651766395, 0.09092263482336053] 
nWIn12 0 [0.9090773651766395, 0.09092263482336053] 
nWIn13 0 [0.9090773651766395, 0.09092263482336053] 
nWIn17 0 [0.9090773651766395, 0.09092263482336053] 
nWIn18 0 [0.9090773651766395, 0.09092263482336053] 
nWIn19 0 [0.9090773651766395, 0.09092263482336053] 
nWIn20 0 [0.9090773651766395, 0.09092263482336053] 
nWIn24 0 [0.9090773651766395, 0.09092263482336053] 
nWIn25 0 [0.9090773651766395, 0.09092263482336053] 
nWIn26 0 [0.9090773651766395, 0.09092263482336053] 
nWIn27 0 [0.9090773651766395, 0.09092263482336053] 
nWIn29 1 [0.09092263482336053, 0.9090773651766395] 
nWIn30 0 [0.9090773651766395, 0.09092263482336053] 
nWIn31 0 [0.9090773651766395, 0.09092263482336053] 
nWIn32 0 [0.9090773651766395, 0.09092263482336053] 
nWIn33 0 [0.9090773651766395, 0.09092263482336053] 
nWIn34 0 [0.9090773651766395, 0.09092263482336053] 
nWIn35 0 [0.9090773651766395, 0.09092263482336053] 
nWIn36 0 [0.9090773651766395, 0.09092263482336053] 
nWIn38 0 [0.9090773651766395, 0.09092263482336053] 
nWIn39 0 [0.9090773651766395, 0.09092263482336053] 
nWIn40 0 [0.9090773651766395, 0.09092263482336053] 
nWIn41 0 [0.9090773651766395, 0.09092263482336053] 
nWIn43 0 [0.9090773651766395, 0.09092263482336053] 
nWIn44 0 [0.9090773651766395, 0.09092263482336053] 
nWIn45 0 [0.9090773651766395, 0.09092263482336053] 
nWIn46 0 [0.9090773651766395, 0.09092263482336053] 
nWIn47 0 [0.9090773651766395, 0.09092263482336053] 
nWIn48 0 [0.9090773651766395, 0.09092263482336053] 
nWIn49 1 [0.09092263482336053, 0.9090773651766395] 
nWIn50 0 [0.9090773651766395, 0.09092263482336053] 
nWIn51 0 [0.9090773651766395, 0.09092263482336053] 
nWIn52 0 [0.9090773651766395, 0.09092263482336053] 
nWIn53 1 [0.09092263482336053, 0.9090773651766395] 
nWIn54 1 [0.09092263482336249, 0.9090773651766374] 
nWIn55 1 [0.09092263482336053, 0.9090773651766395] 
nWIn56 0 [0.9090773651766395, 0.09092263482336053] 
nWIn57 0 [0.9090773651766395, 0.09092263482336053] 
nWIn58 0 [0.9090773651766395, 0.09092263482336053] 
nWIn59 0 [0.9090773651766395, 0.09092263482336053] 
nWIn60 0 [0.9090773651766395, 0.09092263482336053] 
nWIn61 0 [0.9090773651766395, 0.09092263482336053] 
nWIn62 0 [0.9090773651766395, 0.09092263482336053] 
nWIn63 0 [0.9090773651766395, 0.09092263482336053] 
nWIn64 0 [0.9090773651766395, 0.09092263482336053] 
nWIn65 0 [0.9090773651766395, 0.09092263482336053] 
nWIn66 0 [0.9090773651766395, 0.09092263482336053] 
nWIn67 0 [0.9090773651766395, 0.09092263482336053] 
nWIn68 0 [0.9090773651766395, 0.09092263482336053] 
nWIn69 0 [0.9090773651766395, 0.09092263482336053] 
nWIn71 1 [0.09092263482336053, 0.9090773651766395] 
nWIn72 0 [0.9090773651766395, 0.09092263482336053] 
nWIn73 0 [0.9090773651766395, 0.09092263482336053] 
nWIn80 0 [0.9090773651766395, 0.09092263482336053] 
nWIn81 0 [0.9090773651766395, 0.09092263482336053] 
nWIn82 1 [0.09092263482336053, 0.9090773651766395] 
nWIn83 0 [0.9090731309790102, 0.09092686902098977] 
nWIn84 0 [0.9090773651766395, 0.09092263482336053] 
nWIn85 0 [0.9090773651766395, 0.09092263482336053] 

Elite 4 OF_MAX_VPL 3087973909.9
nWWcat 1 [0.09092263482336053, 0.9090773651766395] 
nWPr05 0 [0.9090773651766395, 0.09092263482336053] 
nWPr11 0 [0.9090773651766395, 0.09092263482336053] 
nWPr12 0 [0.9090773651766395, 0.09092263482336053] 
nWPr13 0 [0.9090773651766395, 0.09092263482336053] 
nWPr18 0 [0.9090773651766395, 0.09092263482336053] 
nWPr19 0 [0.9090773651766395, 0.09092263482336053] 
nWPr20 0 [0.9090773651766395, 0.09092263482336053] 
nWPr24 0 [0.9090773651766395, 0.09092263482336053] 
nWPr25 0 [0.9090773651766395, 0.09092263482336053] 
nWPr26 0 [0.9090773651766395, 0.09092263482336053] 
nWPr27 0 [0.9090773651766395, 0.09092263482336053] 
nWPr29 0 [0.9090773651766395, 0.09092263482336053] 
nWPr30 0 [0.9090773651766395, 0.09092263482336053] 
nWPr31 0 [0.9090773651766395, 0.09092263482336053] 
nWPr32 1 [0.09092263482346022, 0.9090773651765398] 
nWPr33 0 [0.9089601060973964, 0.09103989390260345] 
nWPr34 0 [0.9090773651766395, 0.09092263482336053] 
nWPr35 1 [0.09092263482336053, 0.9090773651766395] 
nWPr36 0 [0.9090773651766395, 0.09092263482336053] 
nWPr37 0 [0.9090773651766395, 0.09092263482336053] 
nWPr38 0 [0.9090773651766395, 0.09092263482336053] 
nWPr39 0 [0.9090773536761655, 0.09092264632383444] 
nWPr40 1 [0.09092263482336053, 0.9090773651766395] 
nWPr41 1 [0.09092263482336053, 0.9090773651766395] 
nWPr42 0 [0.9090773651766395, 0.09092263482336053] 
nWPr43 0 [0.9090773651766395, 0.09092263482336053] 
nWPr44 0 [0.9090773651766395, 0.09092263482336053] 
nWPr45 0 [0.9090773651766395, 0.09092263482336053] 
nWPr46 0 [0.9090773651766395, 0.09092263482336053] 
nWPr47 0 [0.9090773651766395, 0.09092263482336053] 
nWPr48 0 [0.9090773651766395, 0.09092263482336053] 
nWPr49 0 [0.9090773651766395, 0.09092263482336053] 
nWPr50 0 [0.9090773651766395, 0.09092263482336053] 
nWPr51 0 [0.9090773651766395, 0.09092263482336053] 
nWPr52 0 [0.9090773651766395, 0.09092263482336053] 
nWPr53 0 [0.9090773651766395, 0.09092263482336053] 
nWPr54 0 [0.9090773651766395, 0.09092263482336053] 
nWPr55 0 [0.9090773651766395, 0.09092263482336053] 
nWPr56 0 [0.9090773651766395, 0.09092263482336053] 
nWPr57 0 [0.9090773651766395, 0.09092263482336053] 
nWPr58 1 [0.09092263482336053, 0.9090773651766395] 
nWPr59 1 [0.09092263482336053, 0.9090773651766395] 
nWPr60 0 [0.9090773651766395, 0.09092263482336053] 
nWPr61 0 [0.9090773651766395, 0.09092263482336053] 
nWPr62 0 [0.9090773651766395, 0.09092263482336053] 
nWPr63 0 [0.9090773651766395, 0.09092263482336053] 
nWPr64 0 [0.9090773651766395, 0.09092263482336053] 
nWPr65 0 [0.9090773651766395, 0.09092263482336053] 
nWPr66 0 [0.9090773651766395, 0.09092263482336053] 
nWPr67 1 [0.09092263482336053, 0.9090773651766395] 
nWPr68 0 [0.9090773651766395, 0.09092263482336053] 
nWPr69 1 [0.09092263482336053, 0.9090773651766395] 
nWPr70 0 [0.9090773651766395, 0.09092263482336053] 
nWPr72 0 [0.9090773651766395, 0.09092263482336053] 
nWPr73 0 [0.9090773651766395, 0.09092263482336053] 
nWPr74 0 [0.9090773651766395, 0.09092263482336053] 
nWPr75 1 [0.09092263482336053, 0.9090773651766395] 
nWPr76 0 [0.9090773651766395, 0.09092263482336053] 
nWPr79 0 [0.9090773651766395, 0.09092263482336053] 
nWPr80 0 [0.9090773651766395, 0.09092263482336053] 
nWPr81 0 [0.9090773651766395, 0.09092263482336053] 
nWPr82 0 [0.9090773651766395, 0.09092263482336053] 
nWPr83 0 [0.9090773651766395, 0.09092263482336053] 
nWPr84 0 [0.9090773651766395, 0.09092263482336053] 
nWIn04 0 [0.9090773651766395, 0.09092263482336053] 
nWIn05 1 [0.09092263482336053, 0.9090773651766395] 
nWIn10 0 [0.9090773651766395, 0.09092263482336053] 
nWIn11 0 [0.9090773651766395, 0.09092263482336053] 
nWIn12 0 [0.9090773651766395, 0.09092263482336053] 
nWIn13 0 [0.9090773651766395, 0.09092263482336053] 
nWIn17 0 [0.9090773651766395, 0.09092263482336053] 
nWIn18 0 [0.9090773651766395, 0.09092263482336053] 
nWIn19 0 [0.9090773651766395, 0.09092263482336053] 
nWIn20 0 [0.9090773651766395, 0.09092263482336053] 
nWIn24 0 [0.9090773651766395, 0.09092263482336053] 
nWIn25 0 [0.9090773651766395, 0.09092263482336053] 
nWIn26 0 [0.9090773651766395, 0.09092263482336053] 
nWIn27 0 [0.9090773651766395, 0.09092263482336053] 
nWIn29 1 [0.09092263482336053, 0.9090773651766395] 
nWIn30 0 [0.9090773651766395, 0.09092263482336053] 
nWIn31 0 [0.9090773651766395, 0.09092263482336053] 
nWIn32 0 [0.9090773651766395, 0.09092263482336053] 
nWIn33 0 [0.9090773651766395, 0.09092263482336053] 
nWIn34 0 [0.9090773651766395, 0.09092263482336053] 
nWIn35 0 [0.9090773651766395, 0.09092263482336053] 
nWIn36 0 [0.9090773651766395, 0.09092263482336053] 
nWIn38 0 [0.9090773651766395, 0.09092263482336053] 
nWIn39 0 [0.9090773651766395, 0.09092263482336053] 
nWIn40 0 [0.9090773651766395, 0.09092263482336053] 
nWIn41 0 [0.9090773651766395, 0.09092263482336053] 
nWIn43 0 [0.9090773651766395, 0.09092263482336053] 
nWIn44 0 [0.9090773651766395, 0.09092263482336053] 
nWIn45 0 [0.9090773651766395, 0.09092263482336053] 
nWIn46 0 [0.9090773651766395, 0.09092263482336053] 
nWIn47 0 [0.9090773651766395, 0.09092263482336053] 
nWIn48 0 [0.9090773651766395, 0.09092263482336053] 
nWIn49 1 [0.09092263482336053, 0.9090773651766395] 
nWIn50 0 [0.9090773651766395, 0.09092263482336053] 
nWIn51 0 [0.9090773651766395, 0.09092263482336053] 
nWIn52 0 [0.9090773651766395, 0.09092263482336053] 
nWIn53 1 [0.09092263482336053, 0.9090773651766395] 
nWIn54 1 [0.09092263482336249, 0.9090773651766374] 
nWIn55 1 [0.09092263482336053, 0.9090773651766395] 
nWIn56 0 [0.9090773651766395, 0.09092263482336053] 
nWIn57 0 [0.9090773651766395, 0.09092263482336053] 
nWIn58 0 [0.9090773651766395, 0.09092263482336053] 
nWIn59 0 [0.9090773651766395, 0.09092263482336053] 
nWIn60 0 [0.9090773651766395, 0.09092263482336053] 
nWIn61 0 [0.9090773651766395, 0.09092263482336053] 
nWIn62 0 [0.9090773651766395, 0.09092263482336053] 
nWIn63 0 [0.9090773651766395, 0.09092263482336053] 
nWIn64 0 [0.9090773651766395, 0.09092263482336053] 
nWIn65 0 [0.9090773651766395, 0.09092263482336053] 
nWIn66 0 [0.9090773651766395, 0.09092263482336053] 
nWIn67 0 [0.9090773651766395, 0.09092263482336053] 
nWIn68 0 [0.9090773651766395, 0.09092263482336053] 
nWIn69 0 [0.9090773651766395, 0.09092263482336053] 
nWIn71 1 [0.09092263482336053, 0.9090773651766395] 
nWIn72 0 [0.9090773651766395, 0.09092263482336053] 
nWIn73 0 [0.9090773651766395, 0.09092263482336053] 
nWIn80 0 [0.9090773651766395, 0.09092263482336053] 
nWIn81 0 [0.9090773651766395, 0.09092263482336053] 
nWIn82 1 [0.09092263482336053, 0.9090773651766395] 
nWIn83 0 [0.9090773651766374, 0.09092263482336249] 
nWIn84 0 [0.9090773651766395, 0.09092263482336053] 
nWIn85 0 [0.9090773651766395, 0.09092263482336053] 

Elite 5 OF_MAX_VPL 3087973909.9
nWWcat 1 [0.09092263482336053, 0.9090773651766395] 
nWPr05 0 [0.9090773651766395, 0.09092263482336053] 
nWPr11 0 [0.9090773651766395, 0.09092263482336053] 
nWPr12 0 [0.9090773651766395, 0.09092263482336053] 
nWPr13 0 [0.9090773651766395, 0.09092263482336053] 
nWPr18 0 [0.9090773651766395, 0.09092263482336053] 
nWPr19 0 [0.9090773651766395, 0.09092263482336053] 
nWPr20 0 [0.9090773651766395, 0.09092263482336053] 
nWPr24 0 [0.9090773651766395, 0.09092263482336053] 
nWPr25 0 [0.9090773651766395, 0.09092263482336053] 
nWPr26 0 [0.9090773651766395, 0.09092263482336053] 
nWPr27 0 [0.9090773651766395, 0.09092263482336053] 
nWPr29 0 [0.9090773651766395, 0.09092263482336053] 
nWPr30 0 [0.9090773651766395, 0.09092263482336053] 
nWPr31 0 [0.9090773651766395, 0.09092263482336053] 
nWPr32 1 [0.09092263482346022, 0.9090773651765398] 
nWPr33 0 [0.9089601060973964, 0.09103989390260345] 
nWPr34 0 [0.9090773651766395, 0.09092263482336053] 
nWPr35 1 [0.09092263482336053, 0.9090773651766395] 
nWPr36 0 [0.9090773651766395, 0.09092263482336053] 
nWPr37 0 [0.9090773651766395, 0.09092263482336053] 
nWPr38 0 [0.9090773651766395, 0.09092263482336053] 
nWPr39 0 [0.9090773536761655, 0.09092264632383444] 
nWPr40 1 [0.09092263482336053, 0.9090773651766395] 
nWPr41 1 [0.09092263482336053, 0.9090773651766395] 
nWPr42 0 [0.9090773651766395, 0.09092263482336053] 
nWPr43 0 [0.9090773651766395, 0.09092263482336053] 
nWPr44 0 [0.9090773651766395, 0.09092263482336053] 
nWPr45 0 [0.9090773651766395, 0.09092263482336053] 
nWPr46 0 [0.9090773651766395, 0.09092263482336053] 
nWPr47 0 [0.9090773651766395, 0.09092263482336053] 
nWPr48 0 [0.9090773651766395, 0.09092263482336053] 
nWPr49 0 [0.9090773651766395, 0.09092263482336053] 
nWPr50 0 [0.9090773651766395, 0.09092263482336053] 
nWPr51 0 [0.9090773651766395, 0.09092263482336053] 
nWPr52 0 [0.9090773651766395, 0.09092263482336053] 
nWPr53 0 [0.9090773651766395, 0.09092263482336053] 
nWPr54 0 [0.9090773651766395, 0.09092263482336053] 
nWPr55 0 [0.9090773651766395, 0.09092263482336053] 
nWPr56 0 [0.9090773651766395, 0.09092263482336053] 
nWPr57 0 [0.9090773651766395, 0.09092263482336053] 
nWPr58 1 [0.09092263482336053, 0.9090773651766395] 
nWPr59 1 [0.09092263482336053, 0.9090773651766395] 
nWPr60 0 [0.9090773651766395, 0.09092263482336053] 
nWPr61 0 [0.9090773651766395, 0.09092263482336053] 
nWPr62 0 [0.9090773651766395, 0.09092263482336053] 
nWPr63 0 [0.9090773651766395, 0.09092263482336053] 
nWPr64 0 [0.9090773651766395, 0.09092263482336053] 
nWPr65 0 [0.9090773651766395, 0.09092263482336053] 
nWPr66 0 [0.9090773651766395, 0.09092263482336053] 
nWPr67 1 [0.09092263482336053, 0.9090773651766395] 
nWPr68 0 [0.9090773651766395, 0.09092263482336053] 
nWPr69 1 [0.09092263482336053, 0.9090773651766395] 
nWPr70 0 [0.9090773651766395, 0.09092263482336053] 
nWPr72 0 [0.9090773651766395, 0.09092263482336053] 
nWPr73 0 [0.9090773651766395, 0.09092263482336053] 
nWPr74 0 [0.9090773651766395, 0.09092263482336053] 
nWPr75 1 [0.09092263482336053, 0.9090773651766395] 
nWPr76 0 [0.9090773651766395, 0.09092263482336053] 
nWPr79 0 [0.9090773651766395, 0.09092263482336053] 
nWPr80 0 [0.9090773651766395, 0.09092263482336053] 
nWPr81 0 [0.9090773651766395, 0.09092263482336053] 
nWPr82 0 [0.9090773651766395, 0.09092263482336053] 
nWPr83 0 [0.9090773651766395, 0.09092263482336053] 
nWPr84 0 [0.9090773651766395, 0.09092263482336053] 
nWIn04 0 [0.9090773651766395, 0.09092263482336053] 
nWIn05 1 [0.09092263482336053, 0.9090773651766395] 
nWIn10 0 [0.9090773651766395, 0.09092263482336053] 
nWIn11 0 [0.9090773651766395, 0.09092263482336053] 
nWIn12 0 [0.9090773651766395, 0.09092263482336053] 
nWIn13 0 [0.9090773651766395, 0.09092263482336053] 
nWIn17 0 [0.9090773651766395, 0.09092263482336053] 
nWIn18 0 [0.9090773651766395, 0.09092263482336053] 
nWIn19 0 [0.9090773651766395, 0.09092263482336053] 
nWIn20 0 [0.9090773651766395, 0.09092263482336053] 
nWIn24 0 [0.9090773651766395, 0.09092263482336053] 
nWIn25 0 [0.9090773651766395, 0.09092263482336053] 
nWIn26 0 [0.9090773651766395, 0.09092263482336053] 
nWIn27 0 [0.9090773651766395, 0.09092263482336053] 
nWIn29 1 [0.09092263482336053, 0.9090773651766395] 
nWIn30 0 [0.9090773651766395, 0.09092263482336053] 
nWIn31 0 [0.9090773651766395, 0.09092263482336053] 
nWIn32 0 [0.9090773651766395, 0.09092263482336053] 
nWIn33 0 [0.9090773651766395, 0.09092263482336053] 
nWIn34 0 [0.9090773651766395, 0.09092263482336053] 
nWIn35 0 [0.9090773651766395, 0.09092263482336053] 
nWIn36 0 [0.9090773651766395, 0.09092263482336053] 
nWIn38 0 [0.9090773651766395, 0.09092263482336053] 
nWIn39 0 [0.9090773651766395, 0.09092263482336053] 
nWIn40 0 [0.9090773651766395, 0.09092263482336053] 
nWIn41 0 [0.9090773651766395, 0.09092263482336053] 
nWIn43 0 [0.9090773651766395, 0.09092263482336053] 
nWIn44 0 [0.9090773651766395, 0.09092263482336053] 
nWIn45 0 [0.9090773651766395, 0.09092263482336053] 
nWIn46 0 [0.9090773651766395, 0.09092263482336053] 
nWIn47 0 [0.9090773651766395, 0.09092263482336053] 
nWIn48 0 [0.9090773651766395, 0.09092263482336053] 
nWIn49 1 [0.09092263482336053, 0.9090773651766395] 
nWIn50 0 [0.9090773651766395, 0.09092263482336053] 
nWIn51 0 [0.9090773651766395, 0.09092263482336053] 
nWIn52 0 [0.9090773651766395, 0.09092263482336053] 
nWIn53 1 [0.09092263482336053, 0.9090773651766395] 
nWIn54 1 [0.09092263482336249, 0.9090773651766374] 
nWIn55 1 [0.09092263482336053, 0.9090773651766395] 
nWIn56 0 [0.9090773651766395, 0.09092263482336053] 
nWIn57 0 [0.9090773651766395, 0.09092263482336053] 
nWIn58 0 [0.9090773651766395, 0.09092263482336053] 
nWIn59 0 [0.9090773651766395, 0.09092263482336053] 
nWIn60 0 [0.9090773651766395, 0.09092263482336053] 
nWIn61 0 [0.9090773651766395, 0.09092263482336053] 
nWIn62 0 [0.9090773651766395, 0.09092263482336053] 
nWIn63 0 [0.9090773651766395, 0.09092263482336053] 
nWIn64 0 [0.9090773651766395, 0.09092263482336053] 
nWIn65 0 [0.9090773651766395, 0.09092263482336053] 
nWIn66 0 [0.9090773651766395, 0.09092263482336053] 
nWIn67 0 [0.9090773651766395, 0.09092263482336053] 
nWIn68 0 [0.9090773651766395, 0.09092263482336053] 
nWIn69 0 [0.9090773651766395, 0.09092263482336053] 
nWIn71 1 [0.09092263482336053, 0.9090773651766395] 
nWIn72 0 [0.9090773651766395, 0.09092263482336053] 
nWIn73 0 [0.9090773651766395, 0.09092263482336053] 
nWIn80 0 [0.9090773651766395, 0.09092263482336053] 
nWIn81 0 [0.9090773651766395, 0.09092263482336053] 
nWIn82 1 [0.09092263482336053, 0.9090773651766395] 
nWIn83 0 [0.9090773651766374, 0.09092263482336249] 
nWIn84 0 [0.9090773651766395, 0.09092263482336053] 
nWIn85 0 [0.9090773651766395, 0.09092263482336053] 

