Elite 1 OF_MAX_VPL 2942113747.68
nWWcat 1 [0.09158599164901966, 0.9084140083509803] 
nWPr05 1 [0.09158599164901966, 0.9084140083509803] 
nWPr11 0 [0.9084140083509803, 0.09158599164901966] 
nWPr12 0 [0.9084140083509803, 0.09158599164901966] 
nWPr13 0 [0.9084140083509803, 0.09158599164901966] 
nWPr18 0 [0.9084140083509803, 0.09158599164901966] 
nWPr19 0 [0.9084140083509803, 0.09158599164901966] 
nWPr20 0 [0.9084140083509803, 0.09158599164901966] 
nWPr24 0 [0.9084140083509803, 0.09158599164901966] 
nWPr25 0 [0.9084140083509803, 0.09158599164901966] 
nWPr26 0 [0.9084140083509803, 0.09158599164901966] 
nWPr27 1 [0.09158599164901966, 0.9084140083509803] 
nWPr29 0 [0.9084140083509803, 0.09158599164901966] 
nWPr30 0 [0.9084140083509803, 0.09158599164901966] 
nWPr31 0 [0.9084140083509803, 0.09158599164901966] 
nWPr32 0 [0.9084140083509803, 0.09158599164901966] 
nWPr33 0 [0.9084140083509803, 0.09158599164901966] 
nWPr34 0 [0.9084140083509803, 0.09158599164901966] 
nWPr35 0 [0.9084140083509803, 0.09158599164901966] 
nWPr36 0 [0.9084140083509803, 0.09158599164901966] 
nWPr37 0 [0.9084140083509803, 0.09158599164901966] 
nWPr38 0 [0.9084140083509803, 0.09158599164901966] 
nWPr39 0 [0.9084140083509803, 0.09158599164901966] 
nWPr40 1 [0.09158599164901966, 0.9084140083509803] 
nWPr41 0 [0.9084140083509803, 0.09158599164901966] 
nWPr42 0 [0.9084140083509803, 0.09158599164901966] 
nWPr43 0 [0.9084140083509803, 0.09158599164901966] 
nWPr44 0 [0.9084140083509803, 0.09158599164901966] 
nWPr45 0 [0.9084140083509803, 0.09158599164901966] 
nWPr46 0 [0.9084140083509803, 0.09158599164901966] 
nWPr47 0 [0.9084140083509803, 0.09158599164901966] 
nWPr48 0 [0.9084140083509803, 0.09158599164901966] 
nWPr49 0 [0.9084140083509803, 0.09158599164901966] 
nWPr50 0 [0.9084140083509803, 0.09158599164901966] 
nWPr51 0 [0.9084140083509803, 0.09158599164901966] 
nWPr52 0 [0.9084140083509803, 0.09158599164901966] 
nWPr53 1 [0.09158599164901966, 0.9084140083509803] 
nWPr54 0 [0.9084140083509803, 0.09158599164901966] 
nWPr55 0 [0.9084140083509803, 0.09158599164901966] 
nWPr56 0 [0.9084140083509803, 0.09158599164901966] 
nWPr57 1 [0.09158599164901966, 0.9084140083509803] 
nWPr58 1 [0.09158599164901966, 0.9084140083509803] 
nWPr59 0 [0.9084140083509803, 0.09158599164901966] 
nWPr60 0 [0.9084140083509803, 0.09158599164901966] 
nWPr61 0 [0.9084140083509803, 0.09158599164901966] 
nWPr62 0 [0.9084140083509803, 0.09158599164901966] 
nWPr63 0 [0.9084140083509803, 0.09158599164901966] 
nWPr64 0 [0.9084140083509803, 0.09158599164901966] 
nWPr65 0 [0.9084140083509803, 0.09158599164901966] 
nWPr66 0 [0.9084140083509803, 0.09158599164901966] 
nWPr67 0 [0.9084140083509803, 0.09158599164901966] 
nWPr68 0 [0.9084140083509803, 0.09158599164901966] 
nWPr69 0 [0.9084140083509803, 0.09158599164901966] 
nWPr70 0 [0.9084140083509803, 0.09158599164901966] 
nWPr72 0 [0.9084140083509803, 0.09158599164901966] 
nWPr73 0 [0.9084140083509803, 0.09158599164901966] 
nWPr74 1 [0.09158599164901966, 0.9084140083509803] 
nWPr75 1 [0.09158599164901966, 0.9084140083509803] 
nWPr76 0 [0.9084140083509803, 0.09158599164901966] 
nWPr79 0 [0.9084140083509803, 0.09158599164901966] 
nWPr80 0 [0.9084140083509803, 0.09158599164901966] 
nWPr81 1 [0.09158599164901966, 0.9084140083509803] 
nWPr82 0 [0.9084140083509803, 0.09158599164901966] 
nWPr83 0 [0.9084140083509803, 0.09158599164901966] 
nWPr84 0 [0.9084140083509803, 0.09158599164901966] 
nWIn04 0 [0.9084140083509803, 0.09158599164901966] 
nWIn05 0 [0.9084140083509803, 0.09158599164901966] 
nWIn10 0 [0.9084140083509803, 0.09158599164901966] 
nWIn11 0 [0.9084140083509803, 0.09158599164901966] 
nWIn12 0 [0.9084140083509803, 0.09158599164901966] 
nWIn13 0 [0.9084140083509803, 0.09158599164901966] 
nWIn17 1 [0.09158599164901966, 0.9084140083509803] 
nWIn18 0 [0.9084140083509803, 0.09158599164901966] 
nWIn19 0 [0.9084140083509803, 0.09158599164901966] 
nWIn20 0 [0.9084140083509803, 0.09158599164901966] 
nWIn24 0 [0.9084140083509803, 0.09158599164901966] 
nWIn25 0 [0.9084140083509803, 0.09158599164901966] 
nWIn26 0 [0.9084140083509803, 0.09158599164901966] 
nWIn27 0 [0.9084140083509803, 0.09158599164901966] 
nWIn29 0 [0.9084137125050323, 0.0915862874949677] 
nWIn30 0 [0.9084140083509803, 0.09158599164901966] 
nWIn31 0 [0.9084140083509803, 0.09158599164901966] 
nWIn32 0 [0.9084140083509803, 0.09158599164901966] 
nWIn33 0 [0.9084140083509803, 0.09158599164901966] 
nWIn34 0 [0.9084140083509803, 0.09158599164901966] 
nWIn35 1 [0.09158599164901966, 0.9084140083509803] 
nWIn36 0 [0.9084140083509803, 0.09158599164901966] 
nWIn38 0 [0.9084140083509803, 0.09158599164901966] 
nWIn39 0 [0.9084140083509803, 0.09158599164901966] 
nWIn40 0 [0.9084140083509803, 0.09158599164901966] 
nWIn41 0 [0.9084140083509803, 0.09158599164901966] 
nWIn43 0 [0.9084140083509803, 0.09158599164901966] 
nWIn44 0 [0.9084140083509803, 0.09158599164901966] 
nWIn45 0 [0.9084140083509803, 0.09158599164901966] 
nWIn46 0 [0.9084140083509803, 0.09158599164901966] 
nWIn47 0 [0.9084140083509803, 0.09158599164901966] 
nWIn48 1 [0.09158599164901966, 0.9084140083509803] 
nWIn49 1 [0.09158599164901966, 0.9084140083509803] 
nWIn50 0 [0.9084140083509803, 0.09158599164901966] 
nWIn51 0 [0.9084140083509803, 0.09158599164901966] 
nWIn52 0 [0.9084140083509803, 0.09158599164901966] 
nWIn53 0 [0.9084140083509803, 0.09158599164901966] 
nWIn54 0 [0.9084140083509803, 0.09158599164901966] 
nWIn55 0 [0.9084140083509803, 0.09158599164901966] 
nWIn56 0 [0.9084140083509803, 0.09158599164901966] 
nWIn57 0 [0.9084140083509803, 0.09158599164901966] 
nWIn58 0 [0.9084140083509803, 0.09158599164901966] 
nWIn59 0 [0.9084140083509803, 0.09158599164901966] 
nWIn60 1 [0.09158599164901966, 0.9084140083509803] 
nWIn61 0 [0.9084140083509803, 0.09158599164901966] 
nWIn62 0 [0.9084140083509803, 0.09158599164901966] 
nWIn63 1 [0.09175171822357071, 0.9082482817764292] 
nWIn64 0 [0.9084140083509803, 0.09158599164901966] 
nWIn65 1 [0.09158599164901966, 0.9084140083509803] 
nWIn66 0 [0.9084140083509803, 0.09158599164901966] 
nWIn67 0 [0.9084140083509803, 0.09158599164901966] 
nWIn68 0 [0.9084140083509803, 0.09158599164901966] 
nWIn69 0 [0.9084140083509803, 0.09158599164901966] 
nWIn71 0 [0.9084140083509803, 0.09158599164901966] 
nWIn72 0 [0.9084140083509803, 0.09158599164901966] 
nWIn73 0 [0.9084140083509803, 0.09158599164901966] 
nWIn80 0 [0.9084140083509803, 0.09158599164901966] 
nWIn81 0 [0.9084140083509803, 0.09158599164901966] 
nWIn82 1 [0.09158599164901966, 0.9084140083509803] 
nWIn83 0 [0.9084140083509803, 0.09158599164901966] 
nWIn84 0 [0.9084140083509803, 0.09158599164901966] 
nWIn85 0 [0.9084140083509803, 0.09158599164901966] 

Elite 2 OF_MAX_VPL 2942113747.68
nWWcat 1 [0.09158599164901966, 0.9084140083509803] 
nWPr05 1 [0.09158599164901966, 0.9084140083509803] 
nWPr11 0 [0.9084140083509803, 0.09158599164901966] 
nWPr12 0 [0.9084140083509803, 0.09158599164901966] 
nWPr13 0 [0.9084140083509803, 0.09158599164901966] 
nWPr18 0 [0.9084140083509803, 0.09158599164901966] 
nWPr19 0 [0.9084140083509803, 0.09158599164901966] 
nWPr20 0 [0.9084140083509803, 0.09158599164901966] 
nWPr24 0 [0.9084140083509803, 0.09158599164901966] 
nWPr25 0 [0.9084140083509803, 0.09158599164901966] 
nWPr26 0 [0.9084140083509803, 0.09158599164901966] 
nWPr27 1 [0.09158599164901966, 0.9084140083509803] 
nWPr29 0 [0.9084140083509803, 0.09158599164901966] 
nWPr30 0 [0.9084140083509803, 0.09158599164901966] 
nWPr31 0 [0.9084140083509803, 0.09158599164901966] 
nWPr32 0 [0.9084140083509803, 0.09158599164901966] 
nWPr33 0 [0.9084140083509803, 0.09158599164901966] 
nWPr34 0 [0.9084140083509803, 0.09158599164901966] 
nWPr35 0 [0.9084140083509803, 0.09158599164901966] 
nWPr36 0 [0.9084140083509803, 0.09158599164901966] 
nWPr37 0 [0.9084140083509803, 0.09158599164901966] 
nWPr38 0 [0.9084140083509803, 0.09158599164901966] 
nWPr39 0 [0.9084140083509803, 0.09158599164901966] 
nWPr40 1 [0.09158599164901966, 0.9084140083509803] 
nWPr41 0 [0.9084140083509803, 0.09158599164901966] 
nWPr42 0 [0.9084140083509803, 0.09158599164901966] 
nWPr43 0 [0.9084140083509803, 0.09158599164901966] 
nWPr44 0 [0.9084140083509803, 0.09158599164901966] 
nWPr45 0 [0.9084140083509803, 0.09158599164901966] 
nWPr46 0 [0.9084140083509803, 0.09158599164901966] 
nWPr47 0 [0.9084140083509803, 0.09158599164901966] 
nWPr48 0 [0.9084140083509803, 0.09158599164901966] 
nWPr49 0 [0.9084140083509803, 0.09158599164901966] 
nWPr50 0 [0.9084140083509803, 0.09158599164901966] 
nWPr51 0 [0.9084140083509803, 0.09158599164901966] 
nWPr52 0 [0.9084140083509803, 0.09158599164901966] 
nWPr53 1 [0.09158599164901966, 0.9084140083509803] 
nWPr54 0 [0.9084140083509803, 0.09158599164901966] 
nWPr55 0 [0.9084140083509803, 0.09158599164901966] 
nWPr56 0 [0.9084140083509803, 0.09158599164901966] 
nWPr57 1 [0.09158599164901966, 0.9084140083509803] 
nWPr58 1 [0.09158599164901966, 0.9084140083509803] 
nWPr59 0 [0.9084140083509803, 0.09158599164901966] 
nWPr60 0 [0.9084140083509803, 0.09158599164901966] 
nWPr61 0 [0.9084140083509803, 0.09158599164901966] 
nWPr62 0 [0.9084140083509803, 0.09158599164901966] 
nWPr63 0 [0.9084140083509803, 0.09158599164901966] 
nWPr64 0 [0.9084140083509803, 0.09158599164901966] 
nWPr65 0 [0.9084140083509803, 0.09158599164901966] 
nWPr66 0 [0.9084140083509803, 0.09158599164901966] 
nWPr67 0 [0.9084140083509803, 0.09158599164901966] 
nWPr68 0 [0.9084140083509803, 0.09158599164901966] 
nWPr69 0 [0.9084140083509803, 0.09158599164901966] 
nWPr70 0 [0.9084140083509803, 0.09158599164901966] 
nWPr72 0 [0.9084140083509803, 0.09158599164901966] 
nWPr73 0 [0.9084140083509803, 0.09158599164901966] 
nWPr74 1 [0.09158599164901966, 0.9084140083509803] 
nWPr75 1 [0.09158599164901966, 0.9084140083509803] 
nWPr76 0 [0.9084140083509803, 0.09158599164901966] 
nWPr79 0 [0.9084140083509803, 0.09158599164901966] 
nWPr80 0 [0.9084140083509803, 0.09158599164901966] 
nWPr81 1 [0.09158599164901966, 0.9084140083509803] 
nWPr82 0 [0.9084140083509803, 0.09158599164901966] 
nWPr83 0 [0.9084140083509803, 0.09158599164901966] 
nWPr84 0 [0.9084140083509803, 0.09158599164901966] 
nWIn04 0 [0.9084140083509803, 0.09158599164901966] 
nWIn05 0 [0.9084140083509803, 0.09158599164901966] 
nWIn10 0 [0.9084140083509803, 0.09158599164901966] 
nWIn11 0 [0.9084140083509803, 0.09158599164901966] 
nWIn12 0 [0.9084140083509803, 0.09158599164901966] 
nWIn13 0 [0.9084140083509803, 0.09158599164901966] 
nWIn17 1 [0.09158599164901966, 0.9084140083509803] 
nWIn18 0 [0.9084140083509803, 0.09158599164901966] 
nWIn19 0 [0.9084140083509803, 0.09158599164901966] 
nWIn20 0 [0.9084140083509803, 0.09158599164901966] 
nWIn24 0 [0.9084140083509803, 0.09158599164901966] 
nWIn25 0 [0.9084140083509803, 0.09158599164901966] 
nWIn26 0 [0.9084140083509803, 0.09158599164901966] 
nWIn27 0 [0.9084140083509803, 0.09158599164901966] 
nWIn29 0 [0.9084137125050323, 0.0915862874949677] 
nWIn30 0 [0.9084140083509803, 0.09158599164901966] 
nWIn31 0 [0.9084140083509803, 0.09158599164901966] 
nWIn32 0 [0.9084140083509803, 0.09158599164901966] 
nWIn33 0 [0.9084140083509803, 0.09158599164901966] 
nWIn34 0 [0.9084140083509803, 0.09158599164901966] 
nWIn35 1 [0.09158599164901966, 0.9084140083509803] 
nWIn36 0 [0.9084140083509803, 0.09158599164901966] 
nWIn38 0 [0.9084140083509803, 0.09158599164901966] 
nWIn39 0 [0.9084140083509803, 0.09158599164901966] 
nWIn40 0 [0.9084140083509803, 0.09158599164901966] 
nWIn41 0 [0.9084140083509803, 0.09158599164901966] 
nWIn43 0 [0.9084140083509803, 0.09158599164901966] 
nWIn44 0 [0.9084140083509803, 0.09158599164901966] 
nWIn45 0 [0.9084140083509803, 0.09158599164901966] 
nWIn46 0 [0.9084140083509803, 0.09158599164901966] 
nWIn47 0 [0.9084140083509803, 0.09158599164901966] 
nWIn48 1 [0.09158599164901966, 0.9084140083509803] 
nWIn49 1 [0.09158599164901966, 0.9084140083509803] 
nWIn50 0 [0.9084140083509803, 0.09158599164901966] 
nWIn51 0 [0.9084140083509803, 0.09158599164901966] 
nWIn52 0 [0.9084140083509803, 0.09158599164901966] 
nWIn53 0 [0.9084140083509803, 0.09158599164901966] 
nWIn54 0 [0.9084140083509803, 0.09158599164901966] 
nWIn55 0 [0.9084140083509803, 0.09158599164901966] 
nWIn56 0 [0.9084140083509803, 0.09158599164901966] 
nWIn57 0 [0.9084140083509803, 0.09158599164901966] 
nWIn58 0 [0.9084140083509803, 0.09158599164901966] 
nWIn59 0 [0.9084140083509803, 0.09158599164901966] 
nWIn60 1 [0.09158599164901966, 0.9084140083509803] 
nWIn61 0 [0.9084140083509803, 0.09158599164901966] 
nWIn62 0 [0.9084140083509803, 0.09158599164901966] 
nWIn63 1 [0.09175171822357071, 0.9082482817764292] 
nWIn64 0 [0.9084140083509803, 0.09158599164901966] 
nWIn65 1 [0.09158599164901966, 0.9084140083509803] 
nWIn66 0 [0.9084140083509803, 0.09158599164901966] 
nWIn67 0 [0.9084140083509803, 0.09158599164901966] 
nWIn68 0 [0.9084140083509803, 0.09158599164901966] 
nWIn69 0 [0.9084140083509803, 0.09158599164901966] 
nWIn71 0 [0.9084140083509803, 0.09158599164901966] 
nWIn72 0 [0.9084140083509803, 0.09158599164901966] 
nWIn73 0 [0.9084140083509803, 0.09158599164901966] 
nWIn80 0 [0.9084140083509803, 0.09158599164901966] 
nWIn81 0 [0.9084140083509803, 0.09158599164901966] 
nWIn82 1 [0.09158599164901966, 0.9084140083509803] 
nWIn83 0 [0.9084140083509803, 0.09158599164901966] 
nWIn84 0 [0.9084140083509803, 0.09158599164901966] 
nWIn85 0 [0.9084140083509803, 0.09158599164901966] 

Elite 3 OF_MAX_VPL 2942113747.68
nWWcat 1 [0.09158599164901966, 0.9084140083509803] 
nWPr05 1 [0.09158599164901966, 0.9084140083509803] 
nWPr11 0 [0.9084140083509803, 0.09158599164901966] 
nWPr12 0 [0.9084140083509803, 0.09158599164901966] 
nWPr13 0 [0.9084140083509803, 0.09158599164901966] 
nWPr18 0 [0.9084140083509803, 0.09158599164901966] 
nWPr19 0 [0.9084140083509803, 0.09158599164901966] 
nWPr20 0 [0.9084140083509803, 0.09158599164901966] 
nWPr24 0 [0.9084140083509803, 0.09158599164901966] 
nWPr25 0 [0.9084140083509803, 0.09158599164901966] 
nWPr26 0 [0.9084140083509803, 0.09158599164901966] 
nWPr27 1 [0.09158599164901966, 0.9084140083509803] 
nWPr29 0 [0.9084140083509803, 0.09158599164901966] 
nWPr30 0 [0.9084140083509803, 0.09158599164901966] 
nWPr31 0 [0.9084140083509803, 0.09158599164901966] 
nWPr32 0 [0.9084140083509803, 0.09158599164901966] 
nWPr33 0 [0.9084140083509803, 0.09158599164901966] 
nWPr34 0 [0.9084140083509803, 0.09158599164901966] 
nWPr35 0 [0.9084140083509803, 0.09158599164901966] 
nWPr36 0 [0.9084140083509803, 0.09158599164901966] 
nWPr37 0 [0.9084140083509803, 0.09158599164901966] 
nWPr38 0 [0.9084140083509803, 0.09158599164901966] 
nWPr39 0 [0.9084140083509803, 0.09158599164901966] 
nWPr40 1 [0.09158599164901966, 0.9084140083509803] 
nWPr41 0 [0.9084140083509803, 0.09158599164901966] 
nWPr42 0 [0.9084140083509803, 0.09158599164901966] 
nWPr43 0 [0.9084140083509803, 0.09158599164901966] 
nWPr44 0 [0.9084140083509803, 0.09158599164901966] 
nWPr45 0 [0.9084140083509803, 0.09158599164901966] 
nWPr46 0 [0.9084140083509803, 0.09158599164901966] 
nWPr47 0 [0.9084140083509803, 0.09158599164901966] 
nWPr48 0 [0.9084140083509803, 0.09158599164901966] 
nWPr49 0 [0.9084140083509803, 0.09158599164901966] 
nWPr50 0 [0.9084140083509803, 0.09158599164901966] 
nWPr51 0 [0.9084140083509803, 0.09158599164901966] 
nWPr52 0 [0.9084140083509803, 0.09158599164901966] 
nWPr53 1 [0.09158599164901966, 0.9084140083509803] 
nWPr54 0 [0.9084140083509803, 0.09158599164901966] 
nWPr55 0 [0.9084140083509803, 0.09158599164901966] 
nWPr56 0 [0.9084140083509803, 0.09158599164901966] 
nWPr57 1 [0.09158599164901966, 0.9084140083509803] 
nWPr58 1 [0.09158599164901966, 0.9084140083509803] 
nWPr59 0 [0.9084140083509803, 0.09158599164901966] 
nWPr60 0 [0.9084140083509803, 0.09158599164901966] 
nWPr61 0 [0.9084140083509803, 0.09158599164901966] 
nWPr62 0 [0.9084140083509803, 0.09158599164901966] 
nWPr63 0 [0.9084140083509803, 0.09158599164901966] 
nWPr64 0 [0.9084140083509803, 0.09158599164901966] 
nWPr65 0 [0.9084140083509803, 0.09158599164901966] 
nWPr66 0 [0.9084140083509803, 0.09158599164901966] 
nWPr67 0 [0.9084140083509803, 0.09158599164901966] 
nWPr68 0 [0.9084140083509803, 0.09158599164901966] 
nWPr69 0 [0.9084140083509803, 0.09158599164901966] 
nWPr70 0 [0.9084140083509803, 0.09158599164901966] 
nWPr72 0 [0.9084140083509803, 0.09158599164901966] 
nWPr73 0 [0.9084140083509803, 0.09158599164901966] 
nWPr74 1 [0.09158599164901966, 0.9084140083509803] 
nWPr75 1 [0.09158599164901966, 0.9084140083509803] 
nWPr76 0 [0.9084140083509803, 0.09158599164901966] 
nWPr79 0 [0.9084140083509803, 0.09158599164901966] 
nWPr80 0 [0.9084140083509803, 0.09158599164901966] 
nWPr81 1 [0.09158599164901966, 0.9084140083509803] 
nWPr82 0 [0.9084140083509803, 0.09158599164901966] 
nWPr83 0 [0.9084140083509803, 0.09158599164901966] 
nWPr84 0 [0.9084140083509803, 0.09158599164901966] 
nWIn04 0 [0.9084140083509803, 0.09158599164901966] 
nWIn05 0 [0.9084140083509803, 0.09158599164901966] 
nWIn10 0 [0.9084140083509803, 0.09158599164901966] 
nWIn11 0 [0.9084140083509803, 0.09158599164901966] 
nWIn12 0 [0.9084140083509803, 0.09158599164901966] 
nWIn13 0 [0.9084140083509803, 0.09158599164901966] 
nWIn17 1 [0.09158599164901966, 0.9084140083509803] 
nWIn18 0 [0.9084140083509803, 0.09158599164901966] 
nWIn19 0 [0.9084140083509803, 0.09158599164901966] 
nWIn20 0 [0.9084140083509803, 0.09158599164901966] 
nWIn24 0 [0.9084140083509803, 0.09158599164901966] 
nWIn25 0 [0.9084140083509803, 0.09158599164901966] 
nWIn26 0 [0.9084140083509803, 0.09158599164901966] 
nWIn27 0 [0.9084140083509803, 0.09158599164901966] 
nWIn29 0 [0.9084137125050323, 0.0915862874949677] 
nWIn30 0 [0.9084140083509803, 0.09158599164901966] 
nWIn31 0 [0.9084140083509803, 0.09158599164901966] 
nWIn32 0 [0.9084140083509803, 0.09158599164901966] 
nWIn33 0 [0.9084140083509803, 0.09158599164901966] 
nWIn34 0 [0.9084140083509803, 0.09158599164901966] 
nWIn35 1 [0.09158599164901966, 0.9084140083509803] 
nWIn36 0 [0.9084140083509803, 0.09158599164901966] 
nWIn38 0 [0.9084140083509803, 0.09158599164901966] 
nWIn39 0 [0.9084140083509803, 0.09158599164901966] 
nWIn40 0 [0.9084140083509803, 0.09158599164901966] 
nWIn41 0 [0.9084140083509803, 0.09158599164901966] 
nWIn43 0 [0.9084140083509803, 0.09158599164901966] 
nWIn44 0 [0.9084140083509803, 0.09158599164901966] 
nWIn45 0 [0.9084140083509803, 0.09158599164901966] 
nWIn46 0 [0.9084140083509803, 0.09158599164901966] 
nWIn47 0 [0.9084140083509803, 0.09158599164901966] 
nWIn48 1 [0.09158599164901966, 0.9084140083509803] 
nWIn49 1 [0.09158599164901966, 0.9084140083509803] 
nWIn50 0 [0.9084140083509803, 0.09158599164901966] 
nWIn51 0 [0.9084140083509803, 0.09158599164901966] 
nWIn52 0 [0.9084140083509803, 0.09158599164901966] 
nWIn53 0 [0.9084140083509803, 0.09158599164901966] 
nWIn54 0 [0.9084140083509803, 0.09158599164901966] 
nWIn55 0 [0.9084140083509803, 0.09158599164901966] 
nWIn56 0 [0.9084140083509803, 0.09158599164901966] 
nWIn57 0 [0.9084140083509803, 0.09158599164901966] 
nWIn58 0 [0.9084140083509803, 0.09158599164901966] 
nWIn59 0 [0.9084140083509803, 0.09158599164901966] 
nWIn60 1 [0.09158599164901966, 0.9084140083509803] 
nWIn61 0 [0.9084140083509803, 0.09158599164901966] 
nWIn62 0 [0.9084140083509803, 0.09158599164901966] 
nWIn63 1 [0.09175171822357071, 0.9082482817764292] 
nWIn64 0 [0.9084140083509803, 0.09158599164901966] 
nWIn65 1 [0.09158599164901966, 0.9084140083509803] 
nWIn66 0 [0.9084140083509803, 0.09158599164901966] 
nWIn67 0 [0.9084140083509803, 0.09158599164901966] 
nWIn68 0 [0.9084140083509803, 0.09158599164901966] 
nWIn69 0 [0.9084140083509803, 0.09158599164901966] 
nWIn71 0 [0.9084140083509803, 0.09158599164901966] 
nWIn72 0 [0.9084140083509803, 0.09158599164901966] 
nWIn73 0 [0.9084140083509803, 0.09158599164901966] 
nWIn80 0 [0.9084140083509803, 0.09158599164901966] 
nWIn81 0 [0.9084140083509803, 0.09158599164901966] 
nWIn82 1 [0.09158599164901966, 0.9084140083509803] 
nWIn83 0 [0.9084140083509803, 0.09158599164901966] 
nWIn84 0 [0.9084140083509803, 0.09158599164901966] 
nWIn85 0 [0.9084140083509803, 0.09158599164901966] 

Elite 4 OF_MAX_VPL 2939685025.29
nWWcat 1 [0.09158599164901966, 0.9084140083509803] 
nWPr05 1 [0.09158599164901966, 0.9084140083509803] 
nWPr11 0 [0.9084140083509803, 0.09158599164901966] 
nWPr12 0 [0.9084140083509803, 0.09158599164901966] 
nWPr13 0 [0.9084140083509803, 0.09158599164901966] 
nWPr18 0 [0.9084140083509803, 0.09158599164901966] 
nWPr19 0 [0.9084140083509803, 0.09158599164901966] 
nWPr20 0 [0.9084140083509803, 0.09158599164901966] 
nWPr24 0 [0.9084140083509803, 0.09158599164901966] 
nWPr25 0 [0.9084140083509803, 0.09158599164901966] 
nWPr26 0 [0.9084140083509803, 0.09158599164901966] 
nWPr27 1 [0.09158599164901966, 0.9084140083509803] 
nWPr29 0 [0.9084140083509803, 0.09158599164901966] 
nWPr30 0 [0.9084140083509803, 0.09158599164901966] 
nWPr31 0 [0.9084140083509803, 0.09158599164901966] 
nWPr32 0 [0.9084140083509803, 0.09158599164901966] 
nWPr33 0 [0.9084140083509803, 0.09158599164901966] 
nWPr34 0 [0.9084140083509803, 0.09158599164901966] 
nWPr35 0 [0.9084140083509803, 0.09158599164901966] 
nWPr36 0 [0.9084140083509803, 0.09158599164901966] 
nWPr37 0 [0.9084140083509803, 0.09158599164901966] 
nWPr38 0 [0.9084140083509803, 0.09158599164901966] 
nWPr39 0 [0.9084140083509803, 0.09158599164901966] 
nWPr40 1 [0.09158599164901966, 0.9084140083509803] 
nWPr41 0 [0.9084140083509803, 0.09158599164901966] 
nWPr42 0 [0.9084140083509803, 0.09158599164901966] 
nWPr43 0 [0.9084140083509803, 0.09158599164901966] 
nWPr44 0 [0.9084140083509803, 0.09158599164901966] 
nWPr45 0 [0.9084140083509803, 0.09158599164901966] 
nWPr46 0 [0.9084140083509803, 0.09158599164901966] 
nWPr47 0 [0.9084140083509803, 0.09158599164901966] 
nWPr48 0 [0.9084140083509803, 0.09158599164901966] 
nWPr49 0 [0.9084140083509803, 0.09158599164901966] 
nWPr50 0 [0.9084140083509803, 0.09158599164901966] 
nWPr51 0 [0.9084140083509803, 0.09158599164901966] 
nWPr52 0 [0.9084140083509803, 0.09158599164901966] 
nWPr53 1 [0.09158599164901966, 0.9084140083509803] 
nWPr54 0 [0.9084140083509803, 0.09158599164901966] 
nWPr55 0 [0.9084140083509803, 0.09158599164901966] 
nWPr56 0 [0.9084140083509803, 0.09158599164901966] 
nWPr57 1 [0.09158599164901966, 0.9084140083509803] 
nWPr58 1 [0.09158599164901966, 0.9084140083509803] 
nWPr59 0 [0.9084140083509803, 0.09158599164901966] 
nWPr60 0 [0.9084140083509803, 0.09158599164901966] 
nWPr61 0 [0.9084140083509803, 0.09158599164901966] 
nWPr62 0 [0.9084140083509803, 0.09158599164901966] 
nWPr63 0 [0.9084140083509803, 0.09158599164901966] 
nWPr64 0 [0.9084140083509803, 0.09158599164901966] 
nWPr65 0 [0.9084140083509803, 0.09158599164901966] 
nWPr66 0 [0.9084140083509803, 0.09158599164901966] 
nWPr67 0 [0.9084140083509803, 0.09158599164901966] 
nWPr68 0 [0.9084140083509803, 0.09158599164901966] 
nWPr69 0 [0.9084140083509803, 0.09158599164901966] 
nWPr70 0 [0.9084140083509803, 0.09158599164901966] 
nWPr72 0 [0.9084140083509803, 0.09158599164901966] 
nWPr73 0 [0.9084140083509803, 0.09158599164901966] 
nWPr74 1 [0.09158599164901966, 0.9084140083509803] 
nWPr75 1 [0.09158599164901966, 0.9084140083509803] 
nWPr76 0 [0.9084140083509803, 0.09158599164901966] 
nWPr79 0 [0.9084140083509803, 0.09158599164901966] 
nWPr80 0 [0.9084140083509803, 0.09158599164901966] 
nWPr81 1 [0.09158599164901966, 0.9084140083509803] 
nWPr82 0 [0.9084140083509803, 0.09158599164901966] 
nWPr83 0 [0.9084140083509803, 0.09158599164901966] 
nWPr84 0 [0.9084140083509803, 0.09158599164901966] 
nWIn04 0 [0.9084140083509803, 0.09158599164901966] 
nWIn05 0 [0.9084140083509803, 0.09158599164901966] 
nWIn10 0 [0.9084140083509803, 0.09158599164901966] 
nWIn11 0 [0.9084140083509803, 0.09158599164901966] 
nWIn12 0 [0.9084140083509803, 0.09158599164901966] 
nWIn13 0 [0.9084140083509803, 0.09158599164901966] 
nWIn17 1 [0.09158599164901966, 0.9084140083509803] 
nWIn18 0 [0.9084140083509803, 0.09158599164901966] 
nWIn19 0 [0.9084140083509803, 0.09158599164901966] 
nWIn20 0 [0.9084140083509803, 0.09158599164901966] 
nWIn24 0 [0.9084140083509803, 0.09158599164901966] 
nWIn25 0 [0.9084140083509803, 0.09158599164901966] 
nWIn26 0 [0.9084140083509803, 0.09158599164901966] 
nWIn27 0 [0.9084140083509803, 0.09158599164901966] 
nWIn29 0 [0.9084137125050323, 0.0915862874949677] 
nWIn30 0 [0.9084140083509803, 0.09158599164901966] 
nWIn31 0 [0.9084140083509803, 0.09158599164901966] 
nWIn32 0 [0.9084140083509803, 0.09158599164901966] 
nWIn33 0 [0.9084140083509803, 0.09158599164901966] 
nWIn34 0 [0.9084140083509803, 0.09158599164901966] 
nWIn35 1 [0.09158599164901966, 0.9084140083509803] 
nWIn36 0 [0.9084140083509803, 0.09158599164901966] 
nWIn38 0 [0.9084140083509803, 0.09158599164901966] 
nWIn39 0 [0.9084140083509803, 0.09158599164901966] 
nWIn40 0 [0.9084140083509803, 0.09158599164901966] 
nWIn41 0 [0.9084140083509803, 0.09158599164901966] 
nWIn43 0 [0.9084140083509803, 0.09158599164901966] 
nWIn44 0 [0.9084140083509803, 0.09158599164901966] 
nWIn45 0 [0.9084140083509803, 0.09158599164901966] 
nWIn46 0 [0.9084140083509803, 0.09158599164901966] 
nWIn47 0 [0.9084140083509803, 0.09158599164901966] 
nWIn48 1 [0.09158599164901966, 0.9084140083509803] 
nWIn49 1 [0.09158599164901966, 0.9084140083509803] 
nWIn50 0 [0.9084140083509803, 0.09158599164901966] 
nWIn51 0 [0.9084140083509803, 0.09158599164901966] 
nWIn52 0 [0.9084140083509803, 0.09158599164901966] 
nWIn53 0 [0.9084140083509803, 0.09158599164901966] 
nWIn54 0 [0.9084140083509803, 0.09158599164901966] 
nWIn55 1 [0.09175171822357071, 0.9082482817764292] 
nWIn56 0 [0.9084140083509803, 0.09158599164901966] 
nWIn57 0 [0.9084140083509803, 0.09158599164901966] 
nWIn58 0 [0.9084140083509803, 0.09158599164901966] 
nWIn59 0 [0.9084140083509803, 0.09158599164901966] 
nWIn60 1 [0.09158599164901966, 0.9084140083509803] 
nWIn61 0 [0.9084140083509803, 0.09158599164901966] 
nWIn62 0 [0.9084140083509803, 0.09158599164901966] 
nWIn63 0 [0.9084140083509803, 0.09158599164901966] 
nWIn64 0 [0.9084140083509803, 0.09158599164901966] 
nWIn65 1 [0.09158599164901966, 0.9084140083509803] 
nWIn66 0 [0.9084140083509803, 0.09158599164901966] 
nWIn67 0 [0.9084140083509803, 0.09158599164901966] 
nWIn68 0 [0.9084140083509803, 0.09158599164901966] 
nWIn69 0 [0.9084140083509803, 0.09158599164901966] 
nWIn71 0 [0.9084140083509803, 0.09158599164901966] 
nWIn72 0 [0.9084140083509803, 0.09158599164901966] 
nWIn73 0 [0.9084140083509803, 0.09158599164901966] 
nWIn80 0 [0.9084140083509803, 0.09158599164901966] 
nWIn81 0 [0.9084140083509803, 0.09158599164901966] 
nWIn82 1 [0.09158599164901966, 0.9084140083509803] 
nWIn83 0 [0.9084140083509803, 0.09158599164901966] 
nWIn84 0 [0.9084140083509803, 0.09158599164901966] 
nWIn85 0 [0.9084140083509803, 0.09158599164901966] 

Elite 5 OF_MAX_VPL 2939685025.29
nWWcat 1 [0.09158599164901966, 0.9084140083509803] 
nWPr05 1 [0.09158599164901966, 0.9084140083509803] 
nWPr11 0 [0.9084140083509803, 0.09158599164901966] 
nWPr12 0 [0.9084140083509803, 0.09158599164901966] 
nWPr13 0 [0.9084140083509803, 0.09158599164901966] 
nWPr18 0 [0.9084140083509803, 0.09158599164901966] 
nWPr19 0 [0.9084140083509803, 0.09158599164901966] 
nWPr20 0 [0.9084140083509803, 0.09158599164901966] 
nWPr24 0 [0.9084140083509803, 0.09158599164901966] 
nWPr25 0 [0.9084140083509803, 0.09158599164901966] 
nWPr26 0 [0.9084140083509803, 0.09158599164901966] 
nWPr27 1 [0.09158599164901966, 0.9084140083509803] 
nWPr29 0 [0.9084140083509803, 0.09158599164901966] 
nWPr30 0 [0.9084140083509803, 0.09158599164901966] 
nWPr31 0 [0.9084140083509803, 0.09158599164901966] 
nWPr32 0 [0.9084140083509803, 0.09158599164901966] 
nWPr33 0 [0.9084140083509803, 0.09158599164901966] 
nWPr34 0 [0.9084140083509803, 0.09158599164901966] 
nWPr35 0 [0.9084140083509803, 0.09158599164901966] 
nWPr36 0 [0.9084140083509803, 0.09158599164901966] 
nWPr37 0 [0.9084140083509803, 0.09158599164901966] 
nWPr38 0 [0.9084140083509803, 0.09158599164901966] 
nWPr39 0 [0.9084140083509803, 0.09158599164901966] 
nWPr40 1 [0.09158599164901966, 0.9084140083509803] 
nWPr41 0 [0.9084140083509803, 0.09158599164901966] 
nWPr42 0 [0.9084140083509803, 0.09158599164901966] 
nWPr43 0 [0.9084140083509803, 0.09158599164901966] 
nWPr44 0 [0.9084140083509803, 0.09158599164901966] 
nWPr45 0 [0.9084140083509803, 0.09158599164901966] 
nWPr46 0 [0.9084140083509803, 0.09158599164901966] 
nWPr47 0 [0.9084140083509803, 0.09158599164901966] 
nWPr48 0 [0.9084140083509803, 0.09158599164901966] 
nWPr49 0 [0.9084140083509803, 0.09158599164901966] 
nWPr50 0 [0.9084140083509803, 0.09158599164901966] 
nWPr51 0 [0.9084140083509803, 0.09158599164901966] 
nWPr52 0 [0.9084140083509803, 0.09158599164901966] 
nWPr53 1 [0.09158599164901966, 0.9084140083509803] 
nWPr54 0 [0.9084140083509803, 0.09158599164901966] 
nWPr55 0 [0.9084140083509803, 0.09158599164901966] 
nWPr56 0 [0.9084140083509803, 0.09158599164901966] 
nWPr57 1 [0.09158599164901966, 0.9084140083509803] 
nWPr58 1 [0.09158599164901966, 0.9084140083509803] 
nWPr59 0 [0.9084140083509803, 0.09158599164901966] 
nWPr60 0 [0.9084140083509803, 0.09158599164901966] 
nWPr61 0 [0.9084140083509803, 0.09158599164901966] 
nWPr62 0 [0.9084140083509803, 0.09158599164901966] 
nWPr63 0 [0.9084140083509803, 0.09158599164901966] 
nWPr64 0 [0.9084140083509803, 0.09158599164901966] 
nWPr65 0 [0.9084140083509803, 0.09158599164901966] 
nWPr66 0 [0.9084140083509803, 0.09158599164901966] 
nWPr67 0 [0.9084140083509803, 0.09158599164901966] 
nWPr68 0 [0.9084140083509803, 0.09158599164901966] 
nWPr69 0 [0.9084140083509803, 0.09158599164901966] 
nWPr70 0 [0.9084140083509803, 0.09158599164901966] 
nWPr72 0 [0.9084140083509803, 0.09158599164901966] 
nWPr73 0 [0.9084140083509803, 0.09158599164901966] 
nWPr74 1 [0.09158599164901966, 0.9084140083509803] 
nWPr75 1 [0.09158599164901966, 0.9084140083509803] 
nWPr76 0 [0.9084140083509803, 0.09158599164901966] 
nWPr79 0 [0.9084140083509803, 0.09158599164901966] 
nWPr80 0 [0.9084140083509803, 0.09158599164901966] 
nWPr81 1 [0.09158599164901966, 0.9084140083509803] 
nWPr82 0 [0.9084140083509803, 0.09158599164901966] 
nWPr83 0 [0.9084140083509803, 0.09158599164901966] 
nWPr84 0 [0.9084140083509803, 0.09158599164901966] 
nWIn04 0 [0.9084140083509803, 0.09158599164901966] 
nWIn05 0 [0.9084140083509803, 0.09158599164901966] 
nWIn10 0 [0.9084140083509803, 0.09158599164901966] 
nWIn11 0 [0.9084140083509803, 0.09158599164901966] 
nWIn12 0 [0.9084140083509803, 0.09158599164901966] 
nWIn13 0 [0.9084140083509803, 0.09158599164901966] 
nWIn17 1 [0.09158599164901966, 0.9084140083509803] 
nWIn18 0 [0.9084140083509803, 0.09158599164901966] 
nWIn19 0 [0.9084140083509803, 0.09158599164901966] 
nWIn20 0 [0.9084140083509803, 0.09158599164901966] 
nWIn24 0 [0.9084140083509803, 0.09158599164901966] 
nWIn25 0 [0.9084140083509803, 0.09158599164901966] 
nWIn26 0 [0.9084140083509803, 0.09158599164901966] 
nWIn27 0 [0.9084140083509803, 0.09158599164901966] 
nWIn29 0 [0.9084137125050323, 0.0915862874949677] 
nWIn30 0 [0.9084140083509803, 0.09158599164901966] 
nWIn31 0 [0.9084140083509803, 0.09158599164901966] 
nWIn32 0 [0.9084140083509803, 0.09158599164901966] 
nWIn33 0 [0.9084140083509803, 0.09158599164901966] 
nWIn34 0 [0.9084140083509803, 0.09158599164901966] 
nWIn35 1 [0.09158599164901966, 0.9084140083509803] 
nWIn36 0 [0.9084140083509803, 0.09158599164901966] 
nWIn38 0 [0.9084140083509803, 0.09158599164901966] 
nWIn39 0 [0.9084140083509803, 0.09158599164901966] 
nWIn40 0 [0.9084140083509803, 0.09158599164901966] 
nWIn41 0 [0.9084140083509803, 0.09158599164901966] 
nWIn43 0 [0.9084140083509803, 0.09158599164901966] 
nWIn44 0 [0.9084140083509803, 0.09158599164901966] 
nWIn45 0 [0.9084140083509803, 0.09158599164901966] 
nWIn46 0 [0.9084140083509803, 0.09158599164901966] 
nWIn47 0 [0.9084140083509803, 0.09158599164901966] 
nWIn48 1 [0.09158599164901966, 0.9084140083509803] 
nWIn49 1 [0.09158599164901966, 0.9084140083509803] 
nWIn50 0 [0.9084140083509803, 0.09158599164901966] 
nWIn51 0 [0.9084140083509803, 0.09158599164901966] 
nWIn52 0 [0.9084140083509803, 0.09158599164901966] 
nWIn53 0 [0.9084140083509803, 0.09158599164901966] 
nWIn54 0 [0.9084140083509803, 0.09158599164901966] 
nWIn55 1 [0.09175171822357071, 0.9082482817764292] 
nWIn56 0 [0.9084140083509803, 0.09158599164901966] 
nWIn57 0 [0.9084140083509803, 0.09158599164901966] 
nWIn58 0 [0.9084140083509803, 0.09158599164901966] 
nWIn59 0 [0.9084140083509803, 0.09158599164901966] 
nWIn60 1 [0.09158599164901966, 0.9084140083509803] 
nWIn61 0 [0.9084140083509803, 0.09158599164901966] 
nWIn62 0 [0.9084140083509803, 0.09158599164901966] 
nWIn63 0 [0.9084140083509803, 0.09158599164901966] 
nWIn64 0 [0.9084140083509803, 0.09158599164901966] 
nWIn65 1 [0.09158599164901966, 0.9084140083509803] 
nWIn66 0 [0.9084140083509803, 0.09158599164901966] 
nWIn67 0 [0.9084140083509803, 0.09158599164901966] 
nWIn68 0 [0.9084140083509803, 0.09158599164901966] 
nWIn69 0 [0.9084140083509803, 0.09158599164901966] 
nWIn71 0 [0.9084140083509803, 0.09158599164901966] 
nWIn72 0 [0.9084140083509803, 0.09158599164901966] 
nWIn73 0 [0.9084140083509803, 0.09158599164901966] 
nWIn80 0 [0.9084140083509803, 0.09158599164901966] 
nWIn81 0 [0.9084140083509803, 0.09158599164901966] 
nWIn82 1 [0.09158599164901966, 0.9084140083509803] 
nWIn83 0 [0.9084140083509803, 0.09158599164901966] 
nWIn84 0 [0.9084140083509803, 0.09158599164901966] 
nWIn85 0 [0.9084140083509803, 0.09158599164901966] 

