Elite 1 OF_MAX_VPL 3000549550.05
nWWcat 0 [0.9090502466671233, 0.09094975333287669] 
nWPr05 0 [0.9090502466671233, 0.09094975333287669] 
nWPr11 0 [0.9090502466671233, 0.09094975333287669] 
nWPr12 0 [0.9090502466671233, 0.09094975333287669] 
nWPr13 0 [0.9090502466671233, 0.09094975333287669] 
nWPr18 0 [0.9090502466671233, 0.09094975333287669] 
nWPr19 0 [0.9090502466671233, 0.09094975333287669] 
nWPr20 0 [0.9090502466671233, 0.09094975333287669] 
nWPr24 0 [0.9090502466671233, 0.09094975333287669] 
nWPr25 0 [0.9090502466671233, 0.09094975333287669] 
nWPr26 0 [0.9090502466671233, 0.09094975333287669] 
nWPr27 0 [0.9090502466671233, 0.09094975333287669] 
nWPr29 0 [0.9090502466671233, 0.09094975333287669] 
nWPr30 0 [0.9090502466671233, 0.09094975333287669] 
nWPr31 1 [0.09094975333287669, 0.9090502466671233] 
nWPr32 1 [0.09094975333287669, 0.9090502466671233] 
nWPr33 0 [0.9090502466671233, 0.09094975333287669] 
nWPr34 0 [0.9090502466671233, 0.09094975333287669] 
nWPr35 0 [0.9090502466671233, 0.09094975333287669] 
nWPr36 0 [0.9090502466671233, 0.09094975333287669] 
nWPr37 0 [0.9090502466671233, 0.09094975333287669] 
nWPr38 0 [0.9090502466671233, 0.09094975333287669] 
nWPr39 1 [0.09094975333287669, 0.9090502466671233] 
nWPr40 1 [0.09094975333287669, 0.9090502466671233] 
nWPr41 0 [0.9090502466671233, 0.09094975333287669] 
nWPr42 0 [0.9090502466671233, 0.09094975333287669] 
nWPr43 0 [0.9090502466671233, 0.09094975333287669] 
nWPr44 0 [0.9090502466671233, 0.09094975333287669] 
nWPr45 0 [0.9090502466671233, 0.09094975333287669] 
nWPr46 0 [0.9090502466671233, 0.09094975333287669] 
nWPr47 1 [0.09094975333287669, 0.9090502466671233] 
nWPr48 0 [0.9090502466671233, 0.09094975333287669] 
nWPr49 0 [0.9090502466671233, 0.09094975333287669] 
nWPr50 0 [0.9090502466671233, 0.09094975333287669] 
nWPr51 0 [0.9090502466671233, 0.09094975333287669] 
nWPr52 1 [0.09094975333287669, 0.9090502466671233] 
nWPr53 0 [0.9090502466671233, 0.09094975333287669] 
nWPr54 0 [0.9090502466671233, 0.09094975333287669] 
nWPr55 0 [0.9090502466671233, 0.09094975333287669] 
nWPr56 0 [0.9090502466671233, 0.09094975333287669] 
nWPr57 0 [0.9090502466671233, 0.09094975333287669] 
nWPr58 0 [0.9090502466671233, 0.09094975333287669] 
nWPr59 0 [0.9090502466671233, 0.09094975333287669] 
nWPr60 0 [0.9090502466671233, 0.09094975333287669] 
nWPr61 0 [0.9090502466671233, 0.09094975333287669] 
nWPr62 0 [0.9090502422987025, 0.09094975770129764] 
nWPr63 0 [0.9090502466671233, 0.09094975333287669] 
nWPr64 0 [0.9090502466671233, 0.09094975333287669] 
nWPr65 0 [0.9090502466671233, 0.09094975333287669] 
nWPr66 0 [0.9090502466671233, 0.09094975333287669] 
nWPr67 1 [0.09094975333287669, 0.9090502466671233] 
nWPr68 0 [0.9090502466671233, 0.09094975333287669] 
nWPr69 1 [0.09094975333299499, 0.9090502466670051] 
nWPr70 0 [0.9090502466671233, 0.09094975333287669] 
nWPr72 0 [0.9090502466671233, 0.09094975333287669] 
nWPr73 0 [0.9090502466671233, 0.09094975333287669] 
nWPr74 0 [0.9090502466671233, 0.09094975333287669] 
nWPr75 0 [0.9090502466671233, 0.09094975333287669] 
nWPr76 1 [0.09094975333287669, 0.9090502466671233] 
nWPr79 1 [0.09094975333287669, 0.9090502466671233] 
nWPr80 0 [0.9090502466671233, 0.09094975333287669] 
nWPr81 0 [0.9090502466671233, 0.09094975333287669] 
nWPr82 0 [0.9090502466671233, 0.09094975333287669] 
nWPr83 0 [0.9090502466671233, 0.09094975333287669] 
nWPr84 0 [0.9090502466671233, 0.09094975333287669] 
nWIn04 0 [0.9090502466671233, 0.09094975333287669] 
nWIn05 0 [0.9090502466671233, 0.09094975333287669] 
nWIn10 0 [0.9090502466671233, 0.09094975333287669] 
nWIn11 0 [0.9090502466671233, 0.09094975333287669] 
nWIn12 1 [0.09094975333287669, 0.9090502466671233] 
nWIn13 0 [0.9090502466671233, 0.09094975333287669] 
nWIn17 0 [0.9090502466671233, 0.09094975333287669] 
nWIn18 0 [0.9090502466671233, 0.09094975333287669] 
nWIn19 0 [0.9090502466671233, 0.09094975333287669] 
nWIn20 0 [0.9090502466671233, 0.09094975333287669] 
nWIn24 0 [0.9090502466671233, 0.09094975333287669] 
nWIn25 0 [0.9090502466671233, 0.09094975333287669] 
nWIn26 0 [0.9090502466671233, 0.09094975333287669] 
nWIn27 0 [0.9090502466671233, 0.09094975333287669] 
nWIn29 0 [0.9090502466671233, 0.09094975333287669] 
nWIn30 0 [0.9090502466671233, 0.09094975333287669] 
nWIn31 0 [0.9090502466671233, 0.09094975333287669] 
nWIn32 0 [0.9090502466671233, 0.09094975333287669] 
nWIn33 0 [0.9090502466671233, 0.09094975333287669] 
nWIn34 0 [0.9090502466671233, 0.09094975333287669] 
nWIn35 0 [0.9090502466671233, 0.09094975333287669] 
nWIn36 0 [0.9090502466671233, 0.09094975333287669] 
nWIn38 0 [0.9090502466671233, 0.09094975333287669] 
nWIn39 0 [0.9090502466671233, 0.09094975333287669] 
nWIn40 0 [0.9090502466671233, 0.09094975333287669] 
nWIn41 0 [0.9090502466671233, 0.09094975333287669] 
nWIn43 1 [0.09094975333287669, 0.9090502466671233] 
nWIn44 0 [0.9090502466671233, 0.09094975333287669] 
nWIn45 0 [0.9090502466671233, 0.09094975333287669] 
nWIn46 0 [0.9090502466671233, 0.09094975333287669] 
nWIn47 0 [0.9090502466671233, 0.09094975333287669] 
nWIn48 0 [0.9090502466671233, 0.09094975333287669] 
nWIn49 0 [0.9090502466671233, 0.09094975333287669] 
nWIn50 1 [0.09094975333287669, 0.9090502466671233] 
nWIn51 1 [0.09094975333287669, 0.9090502466671233] 
nWIn52 1 [0.09094975333287669, 0.9090502466671233] 
nWIn53 0 [0.9090502466671233, 0.09094975333287669] 
nWIn54 0 [0.9090502466671233, 0.09094975333287669] 
nWIn55 0 [0.9090502466671233, 0.09094975333287669] 
nWIn56 0 [0.9090502466671233, 0.09094975333287669] 
nWIn57 0 [0.9090502466671233, 0.09094975333287669] 
nWIn58 0 [0.9090502466671233, 0.09094975333287669] 
nWIn59 0 [0.9090502466671233, 0.09094975333287669] 
nWIn60 0 [0.9090502466671233, 0.09094975333287669] 
nWIn61 0 [0.9090502466671233, 0.09094975333287669] 
nWIn62 0 [0.9090502466671233, 0.09094975333287669] 
nWIn63 0 [0.9090502466671233, 0.09094975333287669] 
nWIn64 0 [0.9090502466671233, 0.09094975333287669] 
nWIn65 0 [0.9090502466671233, 0.09094975333287669] 
nWIn66 0 [0.9090502466671233, 0.09094975333287669] 
nWIn67 0 [0.9090502466671233, 0.09094975333287669] 
nWIn68 0 [0.9090502466671233, 0.09094975333287669] 
nWIn69 0 [0.9090502466671233, 0.09094975333287669] 
nWIn71 0 [0.9090502466671233, 0.09094975333287669] 
nWIn72 0 [0.9090502466671233, 0.09094975333287669] 
nWIn73 0 [0.9090502466671233, 0.09094975333287669] 
nWIn80 1 [0.09094975333287669, 0.9090502466671233] 
nWIn81 0 [0.9090502466671233, 0.09094975333287669] 
nWIn82 0 [0.9090502466671233, 0.09094975333287669] 
nWIn83 1 [0.09094975333287669, 0.9090502466671233] 
nWIn84 0 [0.9090502466671233, 0.09094975333287669] 
nWIn85 1 [0.09094975333287669, 0.9090502466671233] 

Elite 2 OF_MAX_VPL 3000549550.05
nWWcat 0 [0.9090502466671233, 0.09094975333287669] 
nWPr05 0 [0.9090502466671233, 0.09094975333287669] 
nWPr11 0 [0.9090502466671233, 0.09094975333287669] 
nWPr12 0 [0.9090502466671233, 0.09094975333287669] 
nWPr13 0 [0.9090502466671233, 0.09094975333287669] 
nWPr18 0 [0.9090502466671233, 0.09094975333287669] 
nWPr19 0 [0.9090502466671233, 0.09094975333287669] 
nWPr20 0 [0.9090502466671233, 0.09094975333287669] 
nWPr24 0 [0.9090502466671233, 0.09094975333287669] 
nWPr25 0 [0.9090502466671233, 0.09094975333287669] 
nWPr26 0 [0.9090502466671233, 0.09094975333287669] 
nWPr27 0 [0.9090502466671233, 0.09094975333287669] 
nWPr29 0 [0.9090502466671233, 0.09094975333287669] 
nWPr30 0 [0.9090502466671233, 0.09094975333287669] 
nWPr31 1 [0.09094975333287669, 0.9090502466671233] 
nWPr32 1 [0.09094975333287669, 0.9090502466671233] 
nWPr33 0 [0.9090502466671233, 0.09094975333287669] 
nWPr34 0 [0.9090502466671233, 0.09094975333287669] 
nWPr35 0 [0.9090502466671233, 0.09094975333287669] 
nWPr36 0 [0.9090502466671233, 0.09094975333287669] 
nWPr37 0 [0.9090502466671233, 0.09094975333287669] 
nWPr38 0 [0.9090502466671233, 0.09094975333287669] 
nWPr39 1 [0.09094975333287669, 0.9090502466671233] 
nWPr40 1 [0.09094975333287669, 0.9090502466671233] 
nWPr41 0 [0.9090502466671233, 0.09094975333287669] 
nWPr42 0 [0.9090502466671233, 0.09094975333287669] 
nWPr43 0 [0.9090502466671233, 0.09094975333287669] 
nWPr44 0 [0.9090502466671233, 0.09094975333287669] 
nWPr45 0 [0.9090502466671233, 0.09094975333287669] 
nWPr46 0 [0.9090502466671233, 0.09094975333287669] 
nWPr47 1 [0.09094975333287669, 0.9090502466671233] 
nWPr48 0 [0.9090502466671233, 0.09094975333287669] 
nWPr49 0 [0.9090502466671233, 0.09094975333287669] 
nWPr50 0 [0.9090502466671233, 0.09094975333287669] 
nWPr51 0 [0.9090502466671233, 0.09094975333287669] 
nWPr52 1 [0.09094975333287669, 0.9090502466671233] 
nWPr53 0 [0.9090502466671233, 0.09094975333287669] 
nWPr54 0 [0.9090502466671233, 0.09094975333287669] 
nWPr55 0 [0.9090502466671233, 0.09094975333287669] 
nWPr56 0 [0.9090502466671233, 0.09094975333287669] 
nWPr57 0 [0.9090502466671233, 0.09094975333287669] 
nWPr58 0 [0.9090502466671233, 0.09094975333287669] 
nWPr59 0 [0.9090502466671233, 0.09094975333287669] 
nWPr60 0 [0.9090502466671233, 0.09094975333287669] 
nWPr61 0 [0.9090502466671233, 0.09094975333287669] 
nWPr62 0 [0.9090501875126089, 0.09094981248739101] 
nWPr63 0 [0.9090502466671233, 0.09094975333287669] 
nWPr64 0 [0.9090502466671233, 0.09094975333287669] 
nWPr65 0 [0.9090502466671233, 0.09094975333287669] 
nWPr66 0 [0.9090502466671233, 0.09094975333287669] 
nWPr67 1 [0.09094975333287669, 0.9090502466671233] 
nWPr68 0 [0.9090502466671233, 0.09094975333287669] 
nWPr69 1 [0.09094975333299499, 0.9090502466670051] 
nWPr70 0 [0.9090502466671233, 0.09094975333287669] 
nWPr72 0 [0.9090502466671233, 0.09094975333287669] 
nWPr73 0 [0.9090502466671233, 0.09094975333287669] 
nWPr74 0 [0.9090502466671233, 0.09094975333287669] 
nWPr75 0 [0.9090502466671233, 0.09094975333287669] 
nWPr76 1 [0.09094975333287669, 0.9090502466671233] 
nWPr79 1 [0.09094975333287669, 0.9090502466671233] 
nWPr80 0 [0.9090502466671233, 0.09094975333287669] 
nWPr81 0 [0.9090502466671233, 0.09094975333287669] 
nWPr82 0 [0.9090502466671233, 0.09094975333287669] 
nWPr83 0 [0.9090502466671233, 0.09094975333287669] 
nWPr84 0 [0.9090502466671233, 0.09094975333287669] 
nWIn04 0 [0.9090502466671233, 0.09094975333287669] 
nWIn05 0 [0.9090502466671233, 0.09094975333287669] 
nWIn10 0 [0.9090502466671233, 0.09094975333287669] 
nWIn11 0 [0.9090502466671233, 0.09094975333287669] 
nWIn12 1 [0.09094975333287669, 0.9090502466671233] 
nWIn13 0 [0.9090502466671233, 0.09094975333287669] 
nWIn17 0 [0.9090502466671233, 0.09094975333287669] 
nWIn18 0 [0.9090502466671233, 0.09094975333287669] 
nWIn19 0 [0.9090502466671233, 0.09094975333287669] 
nWIn20 0 [0.9090502466671233, 0.09094975333287669] 
nWIn24 0 [0.9090502466671233, 0.09094975333287669] 
nWIn25 0 [0.9090502466671233, 0.09094975333287669] 
nWIn26 0 [0.9090502466671233, 0.09094975333287669] 
nWIn27 0 [0.9090502466671233, 0.09094975333287669] 
nWIn29 0 [0.9090502466671233, 0.09094975333287669] 
nWIn30 0 [0.9090502466671233, 0.09094975333287669] 
nWIn31 0 [0.9090502466671233, 0.09094975333287669] 
nWIn32 0 [0.9090502466671233, 0.09094975333287669] 
nWIn33 0 [0.9090502466671233, 0.09094975333287669] 
nWIn34 0 [0.9090502466671233, 0.09094975333287669] 
nWIn35 0 [0.9090502466671233, 0.09094975333287669] 
nWIn36 0 [0.9090502466671233, 0.09094975333287669] 
nWIn38 0 [0.9090502466671233, 0.09094975333287669] 
nWIn39 0 [0.9090502466671233, 0.09094975333287669] 
nWIn40 0 [0.9090502466671233, 0.09094975333287669] 
nWIn41 0 [0.9090502466671233, 0.09094975333287669] 
nWIn43 1 [0.09094975333287669, 0.9090502466671233] 
nWIn44 0 [0.9090502466671233, 0.09094975333287669] 
nWIn45 0 [0.9090502466671233, 0.09094975333287669] 
nWIn46 0 [0.9090502466671233, 0.09094975333287669] 
nWIn47 0 [0.9090502466671233, 0.09094975333287669] 
nWIn48 0 [0.9090502466671233, 0.09094975333287669] 
nWIn49 0 [0.9090502466671233, 0.09094975333287669] 
nWIn50 1 [0.09094975333287669, 0.9090502466671233] 
nWIn51 1 [0.09094975333287669, 0.9090502466671233] 
nWIn52 1 [0.09094975333287669, 0.9090502466671233] 
nWIn53 0 [0.9090502466671233, 0.09094975333287669] 
nWIn54 0 [0.9090502466671233, 0.09094975333287669] 
nWIn55 0 [0.9090502466671233, 0.09094975333287669] 
nWIn56 0 [0.9090502466671233, 0.09094975333287669] 
nWIn57 0 [0.9090502466671233, 0.09094975333287669] 
nWIn58 0 [0.9090502466671233, 0.09094975333287669] 
nWIn59 0 [0.9090502466671233, 0.09094975333287669] 
nWIn60 0 [0.9090502466671233, 0.09094975333287669] 
nWIn61 0 [0.9090502466671233, 0.09094975333287669] 
nWIn62 0 [0.9090502466671233, 0.09094975333287669] 
nWIn63 0 [0.9090502466671233, 0.09094975333287669] 
nWIn64 0 [0.9090502466671233, 0.09094975333287669] 
nWIn65 0 [0.9090502466671233, 0.09094975333287669] 
nWIn66 0 [0.9090502466671233, 0.09094975333287669] 
nWIn67 0 [0.9090502466671233, 0.09094975333287669] 
nWIn68 0 [0.9090502466671233, 0.09094975333287669] 
nWIn69 0 [0.9090502466671233, 0.09094975333287669] 
nWIn71 0 [0.9090502466671233, 0.09094975333287669] 
nWIn72 0 [0.9090502466671233, 0.09094975333287669] 
nWIn73 0 [0.9090502466671233, 0.09094975333287669] 
nWIn80 1 [0.09094975333287669, 0.9090502466671233] 
nWIn81 0 [0.9090502466671233, 0.09094975333287669] 
nWIn82 0 [0.9090502466671233, 0.09094975333287669] 
nWIn83 1 [0.09094975333287669, 0.9090502466671233] 
nWIn84 0 [0.9090502466671233, 0.09094975333287669] 
nWIn85 1 [0.09094975333287669, 0.9090502466671233] 

Elite 3 OF_MAX_VPL 3000549550.05
nWWcat 0 [0.9090502466671233, 0.09094975333287669] 
nWPr05 0 [0.9090502466671233, 0.09094975333287669] 
nWPr11 0 [0.9090502466671233, 0.09094975333287669] 
nWPr12 0 [0.9090502466671233, 0.09094975333287669] 
nWPr13 0 [0.9090502466671233, 0.09094975333287669] 
nWPr18 0 [0.9090502466671233, 0.09094975333287669] 
nWPr19 0 [0.9090502466671233, 0.09094975333287669] 
nWPr20 0 [0.9090502466671233, 0.09094975333287669] 
nWPr24 0 [0.9090502466671233, 0.09094975333287669] 
nWPr25 0 [0.9090502466671233, 0.09094975333287669] 
nWPr26 0 [0.9090502466671233, 0.09094975333287669] 
nWPr27 0 [0.9090502466671233, 0.09094975333287669] 
nWPr29 0 [0.9090502466671233, 0.09094975333287669] 
nWPr30 0 [0.9090502466671233, 0.09094975333287669] 
nWPr31 1 [0.09094975333287669, 0.9090502466671233] 
nWPr32 1 [0.09094975333287669, 0.9090502466671233] 
nWPr33 0 [0.9090502466671233, 0.09094975333287669] 
nWPr34 0 [0.9090502466671233, 0.09094975333287669] 
nWPr35 0 [0.9090502466671233, 0.09094975333287669] 
nWPr36 0 [0.9090502466671233, 0.09094975333287669] 
nWPr37 0 [0.9090502466671233, 0.09094975333287669] 
nWPr38 0 [0.9090502466671233, 0.09094975333287669] 
nWPr39 1 [0.09094975333287669, 0.9090502466671233] 
nWPr40 1 [0.09094975333287669, 0.9090502466671233] 
nWPr41 0 [0.9090502466671233, 0.09094975333287669] 
nWPr42 0 [0.9090502466671233, 0.09094975333287669] 
nWPr43 0 [0.9090502466671233, 0.09094975333287669] 
nWPr44 0 [0.9090502466671233, 0.09094975333287669] 
nWPr45 0 [0.9090502466671233, 0.09094975333287669] 
nWPr46 0 [0.9090502466671233, 0.09094975333287669] 
nWPr47 1 [0.09094975333287669, 0.9090502466671233] 
nWPr48 0 [0.9090502466671233, 0.09094975333287669] 
nWPr49 0 [0.9090502466671233, 0.09094975333287669] 
nWPr50 0 [0.9090502466671233, 0.09094975333287669] 
nWPr51 0 [0.9090502466671233, 0.09094975333287669] 
nWPr52 1 [0.09094975333287669, 0.9090502466671233] 
nWPr53 0 [0.9090502466671233, 0.09094975333287669] 
nWPr54 0 [0.9090502466671233, 0.09094975333287669] 
nWPr55 0 [0.9090502466671233, 0.09094975333287669] 
nWPr56 0 [0.9090502466671233, 0.09094975333287669] 
nWPr57 0 [0.9090502466671233, 0.09094975333287669] 
nWPr58 0 [0.9090502466671233, 0.09094975333287669] 
nWPr59 0 [0.9090502466671233, 0.09094975333287669] 
nWPr60 0 [0.9090502466671233, 0.09094975333287669] 
nWPr61 0 [0.9090502466671233, 0.09094975333287669] 
nWPr62 0 [0.9090501875126089, 0.09094981248739101] 
nWPr63 0 [0.9090502466671233, 0.09094975333287669] 
nWPr64 0 [0.9090502466671233, 0.09094975333287669] 
nWPr65 0 [0.9090502466671233, 0.09094975333287669] 
nWPr66 0 [0.9090502466671233, 0.09094975333287669] 
nWPr67 1 [0.09094975333287669, 0.9090502466671233] 
nWPr68 0 [0.9090502466671233, 0.09094975333287669] 
nWPr69 1 [0.09094975333299499, 0.9090502466670051] 
nWPr70 0 [0.9090502466671233, 0.09094975333287669] 
nWPr72 0 [0.9090502466671233, 0.09094975333287669] 
nWPr73 0 [0.9090502466671233, 0.09094975333287669] 
nWPr74 0 [0.9090502466671233, 0.09094975333287669] 
nWPr75 0 [0.9090502466671233, 0.09094975333287669] 
nWPr76 1 [0.09094975333287669, 0.9090502466671233] 
nWPr79 1 [0.09094975333287669, 0.9090502466671233] 
nWPr80 0 [0.9090502466671233, 0.09094975333287669] 
nWPr81 0 [0.9090502466671233, 0.09094975333287669] 
nWPr82 0 [0.9090502466671233, 0.09094975333287669] 
nWPr83 0 [0.9090502466671233, 0.09094975333287669] 
nWPr84 0 [0.9090502466671233, 0.09094975333287669] 
nWIn04 0 [0.9090502466671233, 0.09094975333287669] 
nWIn05 0 [0.9090502466671233, 0.09094975333287669] 
nWIn10 0 [0.9090502466671233, 0.09094975333287669] 
nWIn11 0 [0.9090502466671233, 0.09094975333287669] 
nWIn12 1 [0.09094975333287669, 0.9090502466671233] 
nWIn13 0 [0.9090502466671233, 0.09094975333287669] 
nWIn17 0 [0.9090502466671233, 0.09094975333287669] 
nWIn18 0 [0.9090502466671233, 0.09094975333287669] 
nWIn19 0 [0.9090502466671233, 0.09094975333287669] 
nWIn20 0 [0.9090502466671233, 0.09094975333287669] 
nWIn24 0 [0.9090502466671233, 0.09094975333287669] 
nWIn25 0 [0.9090502466671233, 0.09094975333287669] 
nWIn26 0 [0.9090502466671233, 0.09094975333287669] 
nWIn27 0 [0.9090502466671233, 0.09094975333287669] 
nWIn29 0 [0.9090502466671233, 0.09094975333287669] 
nWIn30 0 [0.9090502466671233, 0.09094975333287669] 
nWIn31 0 [0.9090502466671233, 0.09094975333287669] 
nWIn32 0 [0.9090502466671233, 0.09094975333287669] 
nWIn33 0 [0.9090502466671233, 0.09094975333287669] 
nWIn34 0 [0.9090502466671233, 0.09094975333287669] 
nWIn35 0 [0.9090502466671233, 0.09094975333287669] 
nWIn36 0 [0.9090502466671233, 0.09094975333287669] 
nWIn38 0 [0.9090502466671233, 0.09094975333287669] 
nWIn39 0 [0.9090502466671233, 0.09094975333287669] 
nWIn40 0 [0.9090502466671233, 0.09094975333287669] 
nWIn41 0 [0.9090502466671233, 0.09094975333287669] 
nWIn43 1 [0.09094975333287669, 0.9090502466671233] 
nWIn44 0 [0.9090502466671233, 0.09094975333287669] 
nWIn45 0 [0.9090502466671233, 0.09094975333287669] 
nWIn46 0 [0.9090502466671233, 0.09094975333287669] 
nWIn47 0 [0.9090502466671233, 0.09094975333287669] 
nWIn48 0 [0.9090502466671233, 0.09094975333287669] 
nWIn49 0 [0.9090502466671233, 0.09094975333287669] 
nWIn50 1 [0.09094975333287669, 0.9090502466671233] 
nWIn51 1 [0.09094975333287669, 0.9090502466671233] 
nWIn52 1 [0.09094975333287669, 0.9090502466671233] 
nWIn53 0 [0.9090502466671233, 0.09094975333287669] 
nWIn54 0 [0.9090502466671233, 0.09094975333287669] 
nWIn55 0 [0.9090502466671233, 0.09094975333287669] 
nWIn56 0 [0.9090502466671233, 0.09094975333287669] 
nWIn57 0 [0.9090502466671233, 0.09094975333287669] 
nWIn58 0 [0.9090502466671233, 0.09094975333287669] 
nWIn59 0 [0.9090502466671233, 0.09094975333287669] 
nWIn60 0 [0.9090502466671233, 0.09094975333287669] 
nWIn61 0 [0.9090502466671233, 0.09094975333287669] 
nWIn62 0 [0.9090502466671233, 0.09094975333287669] 
nWIn63 0 [0.9090502466671233, 0.09094975333287669] 
nWIn64 0 [0.9090502466671233, 0.09094975333287669] 
nWIn65 0 [0.9090502466671233, 0.09094975333287669] 
nWIn66 0 [0.9090502466671233, 0.09094975333287669] 
nWIn67 0 [0.9090502466671233, 0.09094975333287669] 
nWIn68 0 [0.9090502466671233, 0.09094975333287669] 
nWIn69 0 [0.9090502466671233, 0.09094975333287669] 
nWIn71 0 [0.9090502466671233, 0.09094975333287669] 
nWIn72 0 [0.9090502466671233, 0.09094975333287669] 
nWIn73 0 [0.9090502466671233, 0.09094975333287669] 
nWIn80 1 [0.09094975333287669, 0.9090502466671233] 
nWIn81 0 [0.9090502466671233, 0.09094975333287669] 
nWIn82 0 [0.9090502466671233, 0.09094975333287669] 
nWIn83 1 [0.09094975333287669, 0.9090502466671233] 
nWIn84 0 [0.9090502466671233, 0.09094975333287669] 
nWIn85 1 [0.09094975333287669, 0.9090502466671233] 

Elite 4 OF_MAX_VPL 3000549550.05
nWWcat 0 [0.9090502466671233, 0.09094975333287669] 
nWPr05 0 [0.9090502466671233, 0.09094975333287669] 
nWPr11 0 [0.9090502466671233, 0.09094975333287669] 
nWPr12 0 [0.9090502466671233, 0.09094975333287669] 
nWPr13 0 [0.9090502466671233, 0.09094975333287669] 
nWPr18 0 [0.9090502466671233, 0.09094975333287669] 
nWPr19 0 [0.9090502466671233, 0.09094975333287669] 
nWPr20 0 [0.9090502466671233, 0.09094975333287669] 
nWPr24 0 [0.9090502466671233, 0.09094975333287669] 
nWPr25 0 [0.9090502466671233, 0.09094975333287669] 
nWPr26 0 [0.9090502466671233, 0.09094975333287669] 
nWPr27 0 [0.9090502466671233, 0.09094975333287669] 
nWPr29 0 [0.9090502466671233, 0.09094975333287669] 
nWPr30 0 [0.9090502466671233, 0.09094975333287669] 
nWPr31 1 [0.09094975333287669, 0.9090502466671233] 
nWPr32 1 [0.09094975333287669, 0.9090502466671233] 
nWPr33 0 [0.9090502466671233, 0.09094975333287669] 
nWPr34 0 [0.9090502466671233, 0.09094975333287669] 
nWPr35 0 [0.9090502466671233, 0.09094975333287669] 
nWPr36 0 [0.9090502466671233, 0.09094975333287669] 
nWPr37 0 [0.9090502466671233, 0.09094975333287669] 
nWPr38 0 [0.9090502466671233, 0.09094975333287669] 
nWPr39 1 [0.09094975333287669, 0.9090502466671233] 
nWPr40 1 [0.09094975333287669, 0.9090502466671233] 
nWPr41 0 [0.9090502466671233, 0.09094975333287669] 
nWPr42 0 [0.9090502466671233, 0.09094975333287669] 
nWPr43 0 [0.9090502466671233, 0.09094975333287669] 
nWPr44 0 [0.9090502466671233, 0.09094975333287669] 
nWPr45 0 [0.9090502466671233, 0.09094975333287669] 
nWPr46 0 [0.9090502466671233, 0.09094975333287669] 
nWPr47 1 [0.09094975333287669, 0.9090502466671233] 
nWPr48 0 [0.9090502466671233, 0.09094975333287669] 
nWPr49 0 [0.9090502466671233, 0.09094975333287669] 
nWPr50 0 [0.9090502466671233, 0.09094975333287669] 
nWPr51 0 [0.9090502466671233, 0.09094975333287669] 
nWPr52 1 [0.09094975333287669, 0.9090502466671233] 
nWPr53 0 [0.9090502466671233, 0.09094975333287669] 
nWPr54 0 [0.9090502466671233, 0.09094975333287669] 
nWPr55 0 [0.9090502466671233, 0.09094975333287669] 
nWPr56 0 [0.9090502466671233, 0.09094975333287669] 
nWPr57 0 [0.9090502466671233, 0.09094975333287669] 
nWPr58 0 [0.9090502466671233, 0.09094975333287669] 
nWPr59 0 [0.9090502466671233, 0.09094975333287669] 
nWPr60 0 [0.9090502466671233, 0.09094975333287669] 
nWPr61 0 [0.9090502466671233, 0.09094975333287669] 
nWPr62 0 [0.9090501875126089, 0.09094981248739101] 
nWPr63 0 [0.9090502466671233, 0.09094975333287669] 
nWPr64 0 [0.9090502466671233, 0.09094975333287669] 
nWPr65 0 [0.9090502466671233, 0.09094975333287669] 
nWPr66 0 [0.9090502466671233, 0.09094975333287669] 
nWPr67 1 [0.09094975333287669, 0.9090502466671233] 
nWPr68 0 [0.9090502466671233, 0.09094975333287669] 
nWPr69 1 [0.09094975333299499, 0.9090502466670051] 
nWPr70 0 [0.9090502466671233, 0.09094975333287669] 
nWPr72 0 [0.9090502466671233, 0.09094975333287669] 
nWPr73 0 [0.9090502466671233, 0.09094975333287669] 
nWPr74 0 [0.9090502466671233, 0.09094975333287669] 
nWPr75 0 [0.9090502466671233, 0.09094975333287669] 
nWPr76 1 [0.09094975333287669, 0.9090502466671233] 
nWPr79 1 [0.09094975333287669, 0.9090502466671233] 
nWPr80 0 [0.9090502466671233, 0.09094975333287669] 
nWPr81 0 [0.9090502466671233, 0.09094975333287669] 
nWPr82 0 [0.9090502466671233, 0.09094975333287669] 
nWPr83 0 [0.9090502466671233, 0.09094975333287669] 
nWPr84 0 [0.9090502466671233, 0.09094975333287669] 
nWIn04 0 [0.9090502466671233, 0.09094975333287669] 
nWIn05 0 [0.9090502466671233, 0.09094975333287669] 
nWIn10 0 [0.9090502466671233, 0.09094975333287669] 
nWIn11 0 [0.9090502466671233, 0.09094975333287669] 
nWIn12 1 [0.09094975333287669, 0.9090502466671233] 
nWIn13 0 [0.9090502466671233, 0.09094975333287669] 
nWIn17 0 [0.9090502466671233, 0.09094975333287669] 
nWIn18 0 [0.9090502466671233, 0.09094975333287669] 
nWIn19 0 [0.9090502466671233, 0.09094975333287669] 
nWIn20 0 [0.9090502466671233, 0.09094975333287669] 
nWIn24 0 [0.9090502466671233, 0.09094975333287669] 
nWIn25 0 [0.9090502466671233, 0.09094975333287669] 
nWIn26 0 [0.9090502466671233, 0.09094975333287669] 
nWIn27 0 [0.9090502466671233, 0.09094975333287669] 
nWIn29 0 [0.9090502466671233, 0.09094975333287669] 
nWIn30 0 [0.9090502466671233, 0.09094975333287669] 
nWIn31 0 [0.9090502466671233, 0.09094975333287669] 
nWIn32 0 [0.9090502466671233, 0.09094975333287669] 
nWIn33 0 [0.9090502466671233, 0.09094975333287669] 
nWIn34 0 [0.9090502466671233, 0.09094975333287669] 
nWIn35 0 [0.9090502466671233, 0.09094975333287669] 
nWIn36 0 [0.9090502466671233, 0.09094975333287669] 
nWIn38 0 [0.9090502466671233, 0.09094975333287669] 
nWIn39 0 [0.9090502466671233, 0.09094975333287669] 
nWIn40 0 [0.9090502466671233, 0.09094975333287669] 
nWIn41 0 [0.9090502466671233, 0.09094975333287669] 
nWIn43 1 [0.09094975333287669, 0.9090502466671233] 
nWIn44 0 [0.9090502466671233, 0.09094975333287669] 
nWIn45 0 [0.9090502466671233, 0.09094975333287669] 
nWIn46 0 [0.9090502466671233, 0.09094975333287669] 
nWIn47 0 [0.9090502466671233, 0.09094975333287669] 
nWIn48 0 [0.9090502466671233, 0.09094975333287669] 
nWIn49 0 [0.9090502466671233, 0.09094975333287669] 
nWIn50 1 [0.09094975333287669, 0.9090502466671233] 
nWIn51 1 [0.09094975333287669, 0.9090502466671233] 
nWIn52 1 [0.09094975333287669, 0.9090502466671233] 
nWIn53 0 [0.9090502466671233, 0.09094975333287669] 
nWIn54 0 [0.9090502466671233, 0.09094975333287669] 
nWIn55 0 [0.9090502466671233, 0.09094975333287669] 
nWIn56 0 [0.9090502466671233, 0.09094975333287669] 
nWIn57 0 [0.9090502466671233, 0.09094975333287669] 
nWIn58 0 [0.9090502466671233, 0.09094975333287669] 
nWIn59 0 [0.9090502466671233, 0.09094975333287669] 
nWIn60 0 [0.9090502466671233, 0.09094975333287669] 
nWIn61 0 [0.9090502466671233, 0.09094975333287669] 
nWIn62 0 [0.9090502466671233, 0.09094975333287669] 
nWIn63 0 [0.9090502466671233, 0.09094975333287669] 
nWIn64 0 [0.9090502466671233, 0.09094975333287669] 
nWIn65 0 [0.9090502466671233, 0.09094975333287669] 
nWIn66 0 [0.9090502466671233, 0.09094975333287669] 
nWIn67 0 [0.9090502466671233, 0.09094975333287669] 
nWIn68 0 [0.9090502466671233, 0.09094975333287669] 
nWIn69 0 [0.9090502466671233, 0.09094975333287669] 
nWIn71 0 [0.9090502466671233, 0.09094975333287669] 
nWIn72 0 [0.9090502466671233, 0.09094975333287669] 
nWIn73 0 [0.9090502466671233, 0.09094975333287669] 
nWIn80 1 [0.09094975333287669, 0.9090502466671233] 
nWIn81 0 [0.9090502466671233, 0.09094975333287669] 
nWIn82 0 [0.9090502466671233, 0.09094975333287669] 
nWIn83 1 [0.09094975333287669, 0.9090502466671233] 
nWIn84 0 [0.9090502466671233, 0.09094975333287669] 
nWIn85 1 [0.09094975333287669, 0.9090502466671233] 

Elite 5 OF_MAX_VPL 3000549550.05
nWWcat 0 [0.9090502466671233, 0.09094975333287669] 
nWPr05 0 [0.9090502466671233, 0.09094975333287669] 
nWPr11 0 [0.9090502466671233, 0.09094975333287669] 
nWPr12 0 [0.9090502466671233, 0.09094975333287669] 
nWPr13 0 [0.9090502466671233, 0.09094975333287669] 
nWPr18 0 [0.9090502466671233, 0.09094975333287669] 
nWPr19 0 [0.9090502466671233, 0.09094975333287669] 
nWPr20 0 [0.9090502466671233, 0.09094975333287669] 
nWPr24 0 [0.9090502466671233, 0.09094975333287669] 
nWPr25 0 [0.9090502466671233, 0.09094975333287669] 
nWPr26 0 [0.9090502466671233, 0.09094975333287669] 
nWPr27 0 [0.9090502466671233, 0.09094975333287669] 
nWPr29 0 [0.9090502466671233, 0.09094975333287669] 
nWPr30 0 [0.9090502466671233, 0.09094975333287669] 
nWPr31 1 [0.09094975333287669, 0.9090502466671233] 
nWPr32 1 [0.09094975333287669, 0.9090502466671233] 
nWPr33 0 [0.9090502466671233, 0.09094975333287669] 
nWPr34 0 [0.9090502466671233, 0.09094975333287669] 
nWPr35 0 [0.9090502466671233, 0.09094975333287669] 
nWPr36 0 [0.9090502466671233, 0.09094975333287669] 
nWPr37 0 [0.9090502466671233, 0.09094975333287669] 
nWPr38 0 [0.9090502466671233, 0.09094975333287669] 
nWPr39 1 [0.09094975333287669, 0.9090502466671233] 
nWPr40 1 [0.09094975333287669, 0.9090502466671233] 
nWPr41 0 [0.9090502466671233, 0.09094975333287669] 
nWPr42 0 [0.9090502466671233, 0.09094975333287669] 
nWPr43 0 [0.9090502466671233, 0.09094975333287669] 
nWPr44 0 [0.9090502466671233, 0.09094975333287669] 
nWPr45 0 [0.9090502466671233, 0.09094975333287669] 
nWPr46 0 [0.9090502466671233, 0.09094975333287669] 
nWPr47 1 [0.09094975333287669, 0.9090502466671233] 
nWPr48 0 [0.9090502466671233, 0.09094975333287669] 
nWPr49 0 [0.9090502466671233, 0.09094975333287669] 
nWPr50 0 [0.9090502466671233, 0.09094975333287669] 
nWPr51 0 [0.9090502466671233, 0.09094975333287669] 
nWPr52 1 [0.09094975333287669, 0.9090502466671233] 
nWPr53 0 [0.9090502466671233, 0.09094975333287669] 
nWPr54 0 [0.9090502466671233, 0.09094975333287669] 
nWPr55 0 [0.9090502466671233, 0.09094975333287669] 
nWPr56 0 [0.9090502466671233, 0.09094975333287669] 
nWPr57 0 [0.9090502466671233, 0.09094975333287669] 
nWPr58 0 [0.9090502466671233, 0.09094975333287669] 
nWPr59 0 [0.9090502466671233, 0.09094975333287669] 
nWPr60 0 [0.9090502466671233, 0.09094975333287669] 
nWPr61 0 [0.9090502466671233, 0.09094975333287669] 
nWPr62 0 [0.9090501875126089, 0.09094981248739101] 
nWPr63 0 [0.9090502466671233, 0.09094975333287669] 
nWPr64 0 [0.9090502466671233, 0.09094975333287669] 
nWPr65 0 [0.9090502466671233, 0.09094975333287669] 
nWPr66 0 [0.9090502466671233, 0.09094975333287669] 
nWPr67 1 [0.09094975333287669, 0.9090502466671233] 
nWPr68 0 [0.9090502466671233, 0.09094975333287669] 
nWPr69 1 [0.09094975333299499, 0.9090502466670051] 
nWPr70 0 [0.9090502466671233, 0.09094975333287669] 
nWPr72 0 [0.9090502466671233, 0.09094975333287669] 
nWPr73 0 [0.9090502466671233, 0.09094975333287669] 
nWPr74 0 [0.9090502466671233, 0.09094975333287669] 
nWPr75 0 [0.9090502466671233, 0.09094975333287669] 
nWPr76 1 [0.09094975333287669, 0.9090502466671233] 
nWPr79 1 [0.09094975333287669, 0.9090502466671233] 
nWPr80 0 [0.9090502466671233, 0.09094975333287669] 
nWPr81 0 [0.9090502466671233, 0.09094975333287669] 
nWPr82 0 [0.9090502466671233, 0.09094975333287669] 
nWPr83 0 [0.9090502466671233, 0.09094975333287669] 
nWPr84 0 [0.9090502466671233, 0.09094975333287669] 
nWIn04 0 [0.9090502466671233, 0.09094975333287669] 
nWIn05 0 [0.9090502466671233, 0.09094975333287669] 
nWIn10 0 [0.9090502466671233, 0.09094975333287669] 
nWIn11 0 [0.9090502466671233, 0.09094975333287669] 
nWIn12 1 [0.09094975333287669, 0.9090502466671233] 
nWIn13 0 [0.9090502466671233, 0.09094975333287669] 
nWIn17 0 [0.9090502466671233, 0.09094975333287669] 
nWIn18 0 [0.9090502466671233, 0.09094975333287669] 
nWIn19 0 [0.9090502466671233, 0.09094975333287669] 
nWIn20 0 [0.9090502466671233, 0.09094975333287669] 
nWIn24 0 [0.9090502466671233, 0.09094975333287669] 
nWIn25 0 [0.9090502466671233, 0.09094975333287669] 
nWIn26 0 [0.9090502466671233, 0.09094975333287669] 
nWIn27 0 [0.9090502466671233, 0.09094975333287669] 
nWIn29 0 [0.9090502466671233, 0.09094975333287669] 
nWIn30 0 [0.9090502466671233, 0.09094975333287669] 
nWIn31 0 [0.9090502466671233, 0.09094975333287669] 
nWIn32 0 [0.9090502466671233, 0.09094975333287669] 
nWIn33 0 [0.9090502466671233, 0.09094975333287669] 
nWIn34 0 [0.9090502466671233, 0.09094975333287669] 
nWIn35 0 [0.9090502466671233, 0.09094975333287669] 
nWIn36 0 [0.9090502466671233, 0.09094975333287669] 
nWIn38 0 [0.9090502466671233, 0.09094975333287669] 
nWIn39 0 [0.9090502466671233, 0.09094975333287669] 
nWIn40 0 [0.9090502466671233, 0.09094975333287669] 
nWIn41 0 [0.9090502466671233, 0.09094975333287669] 
nWIn43 1 [0.09094975333287669, 0.9090502466671233] 
nWIn44 0 [0.9090502466671233, 0.09094975333287669] 
nWIn45 0 [0.9090502466671233, 0.09094975333287669] 
nWIn46 0 [0.9090502466671233, 0.09094975333287669] 
nWIn47 0 [0.9090502466671233, 0.09094975333287669] 
nWIn48 0 [0.9090502466671233, 0.09094975333287669] 
nWIn49 0 [0.9090502466671233, 0.09094975333287669] 
nWIn50 1 [0.09094975333287669, 0.9090502466671233] 
nWIn51 1 [0.09094975333287669, 0.9090502466671233] 
nWIn52 1 [0.09094975333287669, 0.9090502466671233] 
nWIn53 0 [0.9090502466671233, 0.09094975333287669] 
nWIn54 0 [0.9090502466671233, 0.09094975333287669] 
nWIn55 0 [0.9090502466671233, 0.09094975333287669] 
nWIn56 0 [0.9090502466671233, 0.09094975333287669] 
nWIn57 0 [0.9090502466671233, 0.09094975333287669] 
nWIn58 0 [0.9090502466671233, 0.09094975333287669] 
nWIn59 0 [0.9090502466671233, 0.09094975333287669] 
nWIn60 0 [0.9090502466671233, 0.09094975333287669] 
nWIn61 0 [0.9090502466671233, 0.09094975333287669] 
nWIn62 0 [0.9090502466671233, 0.09094975333287669] 
nWIn63 0 [0.9090502466671233, 0.09094975333287669] 
nWIn64 0 [0.9090502466671233, 0.09094975333287669] 
nWIn65 0 [0.9090502466671233, 0.09094975333287669] 
nWIn66 0 [0.9090502466671233, 0.09094975333287669] 
nWIn67 0 [0.9090502466671233, 0.09094975333287669] 
nWIn68 0 [0.9090502466671233, 0.09094975333287669] 
nWIn69 0 [0.9090502466671233, 0.09094975333287669] 
nWIn71 0 [0.9090502466671233, 0.09094975333287669] 
nWIn72 0 [0.9090502466671233, 0.09094975333287669] 
nWIn73 0 [0.9090502466671233, 0.09094975333287669] 
nWIn80 1 [0.09094975333287669, 0.9090502466671233] 
nWIn81 0 [0.9090502466671233, 0.09094975333287669] 
nWIn82 0 [0.9090502466671233, 0.09094975333287669] 
nWIn83 1 [0.09094975333287669, 0.9090502466671233] 
nWIn84 0 [0.9090502466671233, 0.09094975333287669] 
nWIn85 1 [0.09094975333287669, 0.9090502466671233] 

