Elite 1 OF_MAX_VPL 2962295527.15
NA2_CONSIDER 0 [0.9981791020802415, 0.0018208979197584622] 
NA3D_CONSIDER 0 [0.9981791020802415, 0.0018208979197584622] 
PltPRDSTL_PltPRDSTO 22475 [0.001053157433396048, 0.9905215830994356, 0.001053157433396048, 0.001053157433396048, 0.001053157433396048, 0.001053157433396048, 0.001053157433396048, 0.001053157433396048, 0.001053157433396048, 0.001053157433396048] 
PltPRDSTW 11857.5 [0.9933275399468914, 0.0013342912164703833, 0.0013352951872270635, 0.0013342912164703833, 0.0013342912164703833, 0.0013342912164703833] 
PltINJSTW 26040 [0.0009527703578061396, 0.0009527703578061396, 0.0009527703578061396, 0.0009527703578061396, 0.0009527703578061396, 0.0009527703578061396, 0.9895195260641325, 0.0009527703578061396, 0.0009527703578061396, 0.0009527703578061396, 0.0009527703578061396, 0.0009527703578061396] 
PROD005_DIRECTION J [0.0018208979197584757, 0.9981791020802415] 
PROD005_I 29 [0.0015401052627700372, 0.0015401052627700372, 0.0015401052627700372, 0.9953796842116899] 
PROD005_J 21 [0.001177204902948835, 0.001177204902948835, 0.001177204902948835, 0.001177204902948835, 0.001177204902948835, 0.9917595656793582, 0.001177204902948835, 0.001177204902948835] 
PROD005_K 2 [0.0016687574742443034, 0.9966624850515113, 0.0016687574742443034] 
PROD006_I 52 [0.0015401052627700372, 0.9953796842116899, 0.0015401052627700372, 0.0015401052627700372] 
PROD006_J 2 [0.9981791020802415, 0.0018208979197584622] 
PROD007_I 60 [0.0014298870286791096, 0.9942804518852839, 0.001429887028679009, 0.001429887028679009, 0.001429887028679009] 
PROD007_J 11 [0.0016687574742443034, 0.9966624850515113, 0.0016687574742443034] 
PROD009_DIRECTION I [0.9981791020802415, 0.0018208979197584622] 
PROD009_I 5 [0.9942804518852839, 0.0014298870286790293, 0.0014298870286790293, 0.0014298870286790293, 0.0014298870286790293] 
PROD009_J 38 [0.9924947144282916, 0.001250880928618059, 0.001250880928618059, 0.001250880928618059, 0.001250880928618059, 0.001250880928618059, 0.001250880928618059] 
PROD009_K 3 [0.0016687574742443034, 0.0016687574742443034, 0.9966624850515113] 
PROD010_DIRECTION J [0.0018208979197584622, 0.9981791020802415] 
PROD010_I 36 [0.001177204902948835, 0.001177204902948835, 0.001177204902948835, 0.001177204902948835, 0.001177204902948835, 0.001177204902948835, 0.001177204902948835, 0.9917595656793582] 
PROD010_J 33 [0.001250880928618059, 0.001250880928618059, 0.001250880928618059, 0.9924947144282916, 0.001250880928618059, 0.001250880928618059, 0.001250880928618059] 
PROD010_K 2 [0.0016687574742443034, 0.9966624850515113, 0.0016687574742443034] 
PROD012_DIRECTION J [0.0018208979197584622, 0.9981791020802415] 
PROD012_I 42 [0.001111729632157559, 0.001111729632157559, 0.001111729632157559, 0.001111729632157559, 0.0011117296321577503, 0.9911061629427393, 0.001111729632157559, 0.001111729632157559, 0.001111729632157559] 
PROD012_J 35 [0.0010004508163055947, 0.0010004508163055947, 0.0010004508163055947, 0.0010004508163055947, 0.0010004508163055947, 0.989995491836944, 0.0010004508163055947, 0.0010004508163055947, 0.0010004508163055947, 0.0010004508163055947, 0.0010004508163055947] 
PROD012_K 3 [0.0016687574742443034, 0.0016687574742443034, 0.9966624850515113] 
PROD014_DIRECTION J [0.0018208979197584622, 0.9981791020802415] 
PROD014_I 50 [0.001250880928618059, 0.001250880928618059, 0.001250880928618059, 0.001250880928618059, 0.9924947144282916, 0.001250880928618059, 0.001250880928618059] 
PROD014_J 42 [0.0010531574333960485, 0.0010531574333960485, 0.0010531574333960485, 0.0010531574333960485, 0.0010531574333960485, 0.0010531574333960485, 0.0010531574333960485, 0.0010531574333960485, 0.9905215830994356, 0.0010531574333960485] 
PROD014_K 2 [0.0016687574742443034, 0.9966624850515113, 0.0016687574742443034] 
PROD021_DIRECTION I [0.9981791020802415, 0.0018208979197584622] 
PROD021_I 16 [0.0009527703578061398, 0.0009527703578061398, 0.9895195260641325, 0.0009527703578061398, 0.0009527703578061398, 0.0009527703578061398, 0.0009527703578061398, 0.0009527703578061398, 0.0009527703578061398, 0.0009527703578061398, 0.0009527703578061398, 0.0009527703578061398] 
PROD021_J 40 [0.001250880928618059, 0.001250880928618059, 0.001250880928618059, 0.9924947144282916, 0.001250880928618059, 0.001250880928618059, 0.001250880928618059] 
PROD021_K 3 [0.0016687574742443034, 0.0016687574742443034, 0.9966624850515113] 
PROD023A_DIRECTION I [0.9981791020802415, 0.0018208979197584622] 
PROD023A_I 56 [0.9942804518852839, 0.0014298870286790293, 0.0014298870286790293, 0.0014298870286790293, 0.0014298870286790293] 
PROD023A_J 13 [0.9933279866090886, 0.0013344026781822783, 0.0013344026781822783, 0.0013344026781822783, 0.0013344026781822783, 0.0013344026781822783] 
PROD023A_K 2 [0.0016687574742443034, 0.9966624850515113, 0.0016687574742443034] 
PROD024A_I 56 [0.9924947144282916, 0.001250880928618059, 0.001250880928618059, 0.001250880928618059, 0.001250880928618059, 0.001250880928618059, 0.001250880928618059] 
PROD024A_J 33 [0.9953796842112113, 0.0015401052638400292, 0.0015401052624743343, 0.0015401052624743343] 
PROD024A_K 2 [0.0016687574742443034, 0.9966624850515113, 0.0016687574742443034] 
PROD025A_DIRECTION J [0.0018208979197584622, 0.9981791020802415] 
PROD025A_I 54 [0.9933279866090886, 0.0013344026781822783, 0.0013344026781822783, 0.0013344026781822783, 0.0013344026781822783, 0.0013344026781822783] 
PROD025A_J 22 [0.0014298870286790293, 0.9942804518852839, 0.0014298870286790293, 0.0014298870286790293, 0.0014298870286790293] 
PROD025A_K 1 [0.9966624850515113, 0.0016687574742443034, 0.0016687574742443034] 
PROD026_DIRECTION J [0.0018208979197584622, 0.9981791020802415] 
PROD026_I 48 [0.0014298870286790293, 0.0014298870286790293, 0.0014298870286790293, 0.9942804518852839, 0.0014298870286790293] 
PROD026_J 10 [0.001250880928618059, 0.001250880928618059, 0.001250880928618059, 0.001250880928618059, 0.001250880928618059, 0.001250880928618059, 0.9924947144282916] 
PROD026_K 3 [0.0016687574742443034, 0.0016687574742443034, 0.9966624850515113] 
INJ006_I 50 [0.0013344026781822783, 0.9933279866090886, 0.0013344026781822783, 0.0013344026781822783, 0.0013344026781822783, 0.0013344026781822783] 
INJ006_J 25 [0.001177204902948835, 0.001177204902948835, 0.001177204902948835, 0.001177204902948835, 0.9917595656793582, 0.001177204902948835, 0.001177204902948835, 0.001177204902948835] 
INJ006_K 13 [0.001540095510282386, 0.0015401646831695584, 0.9953796442962657, 0.001540095510282386] 
INJ010_DIRECTION I [0.9981791020802415, 0.0018208979197584622] 
INJ010_I 72 [0.0014298870286790293, 0.0014298870286790293, 0.0014298870286790293, 0.0014298870286790293, 0.9942804518852839] 
INJ010_J 34 [0.0014298870286790293, 0.0014298870286790293, 0.9942804518852839, 0.0014298870286790293, 0.0014298870286790293] 
INJ010_K 6 [0.9953796842116899, 0.0015401052627700372, 0.0015401052627700372, 0.0015401052627700372] 
INJ017_DIRECTION J [0.0018208979197584622, 0.9981791020802415] 
INJ017_I 34 [0.001334402678182278, 0.001334402678182278, 0.001334402678182278, 0.9933279866090886, 0.001334402678182278, 0.001334402678182278] 
INJ017_J 14 [0.9924947144282916, 0.001250880928618059, 0.001250880928618059, 0.001250880928618059, 0.001250880928618059, 0.001250880928618059, 0.001250880928618059] 
INJ017_K 15 [0.0014298870286790293, 0.0014298870286790293, 0.0014298870286790293, 0.9942804518852839, 0.0014298870286790295] 
INJ019_DIRECTION J [0.0018208979197584622, 0.9981791020802415] 
INJ019_I 30 [0.001334402678182278, 0.001334402678182278, 0.001334402678182278, 0.9933279866090886, 0.001334402678182278, 0.001334402678182278] 
INJ019_J 47 [0.0015401052627700372, 0.0015401052627700372, 0.9953796842116899, 0.0015401052627700372] 
INJ019_K 17 [0.0015401052627700372, 0.0015401052627700372, 0.0015401052627700372, 0.9953796842116899] 
INJ021_DIRECTION J [0.0018208979197584622, 0.9981791020802415] 
INJ021_I 27 [0.0011117296321575814, 0.0011117296321575814, 0.0011117296321575814, 0.0011117296321575814, 0.0011117296321575814, 0.0011117296321575814, 0.9911061629427393, 0.0011117296321575814, 0.0011117296321575814] 
INJ021_J 31 [0.001334402678182278, 0.001334402678182278, 0.001334402678182278, 0.001334402678182278, 0.9933279866090886, 0.001334402678182278] 
INJ021_K 16 [0.0015401052627700372, 0.0015401052627700372, 0.0015401052627700372, 0.9953796842116899] 
INJ022_DIRECTION I [0.9981791010862338, 0.001820898913766225] 
INJ022_I 73 [0.0014298870286790293, 0.0014298870286790293, 0.0014298870286790293, 0.0014298870286790293, 0.9942804518852839] 
INJ022_J 26 [0.0015401052627700372, 0.0015401052627700372, 0.0015401052627700372, 0.9953796842116899] 
INJ022_K 6 [0.9942804518852839, 0.0014298870286790293, 0.0014298870286790293, 0.0014298870286790293, 0.0014298870286790293] 
INJ023_DIRECTION J [0.0018208979197584622, 0.9981791020802415] 
INJ023_I 45 [0.0013344026781822776, 0.0013344026781822776, 0.0013344026781822776, 0.0013344026781822776, 0.0013344026781822776, 0.9933279866090886] 
INJ023_J 19 [0.0013344026781822776, 0.0013344026781822776, 0.0013344026781822776, 0.0013344026781822776, 0.0013344026781822776, 0.9933279866090886] 
INJ023_K 15 [0.0018208979197584622, 0.9981791020802415] 
NA1A_CONSIDER 1 [0.0018208979197584622, 0.9981791020802415] 

Elite 2 OF_MAX_VPL 2962295527.15
NA2_CONSIDER 0 [0.9981791020802415, 0.0018208979197584622] 
NA3D_CONSIDER 0 [0.9981791020802415, 0.0018208979197584622] 
PltPRDSTL_PltPRDSTO 22475 [0.001053157433396048, 0.9905215830994356, 0.001053157433396048, 0.001053157433396048, 0.001053157433396048, 0.001053157433396048, 0.001053157433396048, 0.001053157433396048, 0.001053157433396048, 0.001053157433396048] 
PltPRDSTW 11857.5 [0.9933275399468914, 0.0013342912164703833, 0.0013352951872270635, 0.0013342912164703833, 0.0013342912164703833, 0.0013342912164703833] 
PltINJSTW 26040 [0.0009527703578061396, 0.0009527703578061396, 0.0009527703578061396, 0.0009527703578061396, 0.0009527703578061396, 0.0009527703578061396, 0.9895195260641325, 0.0009527703578061396, 0.0009527703578061396, 0.0009527703578061396, 0.0009527703578061396, 0.0009527703578061396] 
PROD005_DIRECTION J [0.0018208979197584757, 0.9981791020802415] 
PROD005_I 29 [0.0015401052627700372, 0.0015401052627700372, 0.0015401052627700372, 0.9953796842116899] 
PROD005_J 21 [0.001177204902948835, 0.001177204902948835, 0.001177204902948835, 0.001177204902948835, 0.001177204902948835, 0.9917595656793582, 0.001177204902948835, 0.001177204902948835] 
PROD005_K 2 [0.0016687574742443034, 0.9966624850515113, 0.0016687574742443034] 
PROD006_I 52 [0.0015401052627700372, 0.9953796842116899, 0.0015401052627700372, 0.0015401052627700372] 
PROD006_J 2 [0.9981791020802415, 0.0018208979197584622] 
PROD007_I 60 [0.0014298870286791096, 0.9942804518852839, 0.001429887028679009, 0.001429887028679009, 0.001429887028679009] 
PROD007_J 11 [0.0016687574742443034, 0.9966624850515113, 0.0016687574742443034] 
PROD009_DIRECTION I [0.9981791020802415, 0.0018208979197584622] 
PROD009_I 5 [0.9942804518852839, 0.0014298870286790293, 0.0014298870286790293, 0.0014298870286790293, 0.0014298870286790293] 
PROD009_J 38 [0.9924947144282916, 0.001250880928618059, 0.001250880928618059, 0.001250880928618059, 0.001250880928618059, 0.001250880928618059, 0.001250880928618059] 
PROD009_K 3 [0.0016687574742443034, 0.0016687574742443034, 0.9966624850515113] 
PROD010_DIRECTION J [0.0018208979197584622, 0.9981791020802415] 
PROD010_I 36 [0.001177204902948835, 0.001177204902948835, 0.001177204902948835, 0.001177204902948835, 0.001177204902948835, 0.001177204902948835, 0.001177204902948835, 0.9917595656793582] 
PROD010_J 33 [0.001250880928618059, 0.001250880928618059, 0.001250880928618059, 0.9924947144282916, 0.001250880928618059, 0.001250880928618059, 0.001250880928618059] 
PROD010_K 2 [0.0016687574742443034, 0.9966624850515113, 0.0016687574742443034] 
PROD012_DIRECTION J [0.0018208979197584622, 0.9981791020802415] 
PROD012_I 42 [0.001111729632157559, 0.001111729632157559, 0.001111729632157559, 0.001111729632157559, 0.0011117296321577503, 0.9911061629427393, 0.001111729632157559, 0.001111729632157559, 0.001111729632157559] 
PROD012_J 35 [0.0010004508163055947, 0.0010004508163055947, 0.0010004508163055947, 0.0010004508163055947, 0.0010004508163055947, 0.989995491836944, 0.0010004508163055947, 0.0010004508163055947, 0.0010004508163055947, 0.0010004508163055947, 0.0010004508163055947] 
PROD012_K 3 [0.0016687574742443034, 0.0016687574742443034, 0.9966624850515113] 
PROD014_DIRECTION J [0.0018208979197584622, 0.9981791020802415] 
PROD014_I 50 [0.001250880928618059, 0.001250880928618059, 0.001250880928618059, 0.001250880928618059, 0.9924947144282916, 0.001250880928618059, 0.001250880928618059] 
PROD014_J 42 [0.0010531574333960485, 0.0010531574333960485, 0.0010531574333960485, 0.0010531574333960485, 0.0010531574333960485, 0.0010531574333960485, 0.0010531574333960485, 0.0010531574333960485, 0.9905215830994356, 0.0010531574333960485] 
PROD014_K 2 [0.0016687574742443034, 0.9966624850515113, 0.0016687574742443034] 
PROD021_DIRECTION I [0.9981791020802415, 0.0018208979197584622] 
PROD021_I 16 [0.0009527703578061398, 0.0009527703578061398, 0.9895195260641325, 0.0009527703578061398, 0.0009527703578061398, 0.0009527703578061398, 0.0009527703578061398, 0.0009527703578061398, 0.0009527703578061398, 0.0009527703578061398, 0.0009527703578061398, 0.0009527703578061398] 
PROD021_J 40 [0.001250880928618059, 0.001250880928618059, 0.001250880928618059, 0.9924947144282916, 0.001250880928618059, 0.001250880928618059, 0.001250880928618059] 
PROD021_K 3 [0.0016687574742443034, 0.0016687574742443034, 0.9966624850515113] 
PROD023A_DIRECTION I [0.9981791020802415, 0.0018208979197584622] 
PROD023A_I 56 [0.9942804518852839, 0.0014298870286790293, 0.0014298870286790293, 0.0014298870286790293, 0.0014298870286790293] 
PROD023A_J 13 [0.9933279866090886, 0.0013344026781822783, 0.0013344026781822783, 0.0013344026781822783, 0.0013344026781822783, 0.0013344026781822783] 
PROD023A_K 2 [0.0016687574742443034, 0.9966624850515113, 0.0016687574742443034] 
PROD024A_I 56 [0.9924947144282916, 0.001250880928618059, 0.001250880928618059, 0.001250880928618059, 0.001250880928618059, 0.001250880928618059, 0.001250880928618059] 
PROD024A_J 33 [0.9953796842112113, 0.0015401052638400292, 0.0015401052624743343, 0.0015401052624743343] 
PROD024A_K 2 [0.0016687574742443034, 0.9966624850515113, 0.0016687574742443034] 
PROD025A_DIRECTION J [0.0018208979197584622, 0.9981791020802415] 
PROD025A_I 54 [0.9933279866090886, 0.0013344026781822783, 0.0013344026781822783, 0.0013344026781822783, 0.0013344026781822783, 0.0013344026781822783] 
PROD025A_J 22 [0.0014298870286790293, 0.9942804518852839, 0.0014298870286790293, 0.0014298870286790293, 0.0014298870286790293] 
PROD025A_K 1 [0.9966624850515113, 0.0016687574742443034, 0.0016687574742443034] 
PROD026_DIRECTION J [0.0018208979197584622, 0.9981791020802415] 
PROD026_I 48 [0.0014298870286790293, 0.0014298870286790293, 0.0014298870286790293, 0.9942804518852839, 0.0014298870286790293] 
PROD026_J 10 [0.001250880928618059, 0.001250880928618059, 0.001250880928618059, 0.001250880928618059, 0.001250880928618059, 0.001250880928618059, 0.9924947144282916] 
PROD026_K 3 [0.0016687574742443034, 0.0016687574742443034, 0.9966624850515113] 
INJ006_I 50 [0.0013344026781822783, 0.9933279866090886, 0.0013344026781822783, 0.0013344026781822783, 0.0013344026781822783, 0.0013344026781822783] 
INJ006_J 25 [0.001177204902948835, 0.001177204902948835, 0.001177204902948835, 0.001177204902948835, 0.9917595656793582, 0.001177204902948835, 0.001177204902948835, 0.001177204902948835] 
INJ006_K 13 [0.001540095510282386, 0.0015401646831695584, 0.9953796442962657, 0.001540095510282386] 
INJ010_DIRECTION I [0.9981791020802415, 0.0018208979197584622] 
INJ010_I 72 [0.0014298870286790293, 0.0014298870286790293, 0.0014298870286790293, 0.0014298870286790293, 0.9942804518852839] 
INJ010_J 34 [0.0014298870286790293, 0.0014298870286790293, 0.9942804518852839, 0.0014298870286790293, 0.0014298870286790293] 
INJ010_K 6 [0.9953796842116899, 0.0015401052627700372, 0.0015401052627700372, 0.0015401052627700372] 
INJ017_DIRECTION J [0.0018208979197584622, 0.9981791020802415] 
INJ017_I 34 [0.001334402678182278, 0.001334402678182278, 0.001334402678182278, 0.9933279866090886, 0.001334402678182278, 0.001334402678182278] 
INJ017_J 14 [0.9924947144282916, 0.001250880928618059, 0.001250880928618059, 0.001250880928618059, 0.001250880928618059, 0.001250880928618059, 0.001250880928618059] 
INJ017_K 15 [0.0014298870286790293, 0.0014298870286790293, 0.0014298870286790293, 0.9942804518852839, 0.0014298870286790295] 
INJ019_DIRECTION J [0.0018208979197584622, 0.9981791020802415] 
INJ019_I 30 [0.001334402678182278, 0.001334402678182278, 0.001334402678182278, 0.9933279866090886, 0.001334402678182278, 0.001334402678182278] 
INJ019_J 47 [0.0015401052627700372, 0.0015401052627700372, 0.9953796842116899, 0.0015401052627700372] 
INJ019_K 17 [0.0015401052627700372, 0.0015401052627700372, 0.0015401052627700372, 0.9953796842116899] 
INJ021_DIRECTION J [0.0018208979197584622, 0.9981791020802415] 
INJ021_I 27 [0.0011117296321575814, 0.0011117296321575814, 0.0011117296321575814, 0.0011117296321575814, 0.0011117296321575814, 0.0011117296321575814, 0.9911061629427393, 0.0011117296321575814, 0.0011117296321575814] 
INJ021_J 31 [0.001334402678182278, 0.001334402678182278, 0.001334402678182278, 0.001334402678182278, 0.9933279866090886, 0.001334402678182278] 
INJ021_K 16 [0.0015401052627700372, 0.0015401052627700372, 0.0015401052627700372, 0.9953796842116899] 
INJ022_DIRECTION I [0.9981791010862338, 0.001820898913766225] 
INJ022_I 73 [0.0014298870286790293, 0.0014298870286790293, 0.0014298870286790293, 0.0014298870286790293, 0.9942804518852839] 
INJ022_J 26 [0.0015401052627700372, 0.0015401052627700372, 0.0015401052627700372, 0.9953796842116899] 
INJ022_K 6 [0.9942804518852839, 0.0014298870286790293, 0.0014298870286790293, 0.0014298870286790293, 0.0014298870286790293] 
INJ023_DIRECTION J [0.0018208979197584622, 0.9981791020802415] 
INJ023_I 45 [0.0013344026781822776, 0.0013344026781822776, 0.0013344026781822776, 0.0013344026781822776, 0.0013344026781822776, 0.9933279866090886] 
INJ023_J 19 [0.0013344026781822776, 0.0013344026781822776, 0.0013344026781822776, 0.0013344026781822776, 0.0013344026781822776, 0.9933279866090886] 
INJ023_K 15 [0.0018208979197584622, 0.9981791020802415] 
NA1A_CONSIDER 1 [0.0018208979197584622, 0.9981791020802415] 

Elite 3 OF_MAX_VPL 2962295527.15
NA2_CONSIDER 0 [0.9981791020802415, 0.0018208979197584622] 
NA3D_CONSIDER 0 [0.9981791020802415, 0.0018208979197584622] 
PltPRDSTL_PltPRDSTO 22475 [0.001053157433396048, 0.9905215830994356, 0.001053157433396048, 0.001053157433396048, 0.001053157433396048, 0.001053157433396048, 0.001053157433396048, 0.001053157433396048, 0.001053157433396048, 0.001053157433396048] 
PltPRDSTW 11857.5 [0.9933275399468914, 0.0013342912164703833, 0.0013352951872270635, 0.0013342912164703833, 0.0013342912164703833, 0.0013342912164703833] 
PltINJSTW 26040 [0.0009527703578061396, 0.0009527703578061396, 0.0009527703578061396, 0.0009527703578061396, 0.0009527703578061396, 0.0009527703578061396, 0.9895195260641325, 0.0009527703578061396, 0.0009527703578061396, 0.0009527703578061396, 0.0009527703578061396, 0.0009527703578061396] 
PROD005_DIRECTION J [0.0018208979197584757, 0.9981791020802415] 
PROD005_I 29 [0.0015401052627700372, 0.0015401052627700372, 0.0015401052627700372, 0.9953796842116899] 
PROD005_J 21 [0.001177204902948835, 0.001177204902948835, 0.001177204902948835, 0.001177204902948835, 0.001177204902948835, 0.9917595656793582, 0.001177204902948835, 0.001177204902948835] 
PROD005_K 2 [0.0016687574742443034, 0.9966624850515113, 0.0016687574742443034] 
PROD006_I 52 [0.0015401052627700372, 0.9953796842116899, 0.0015401052627700372, 0.0015401052627700372] 
PROD006_J 2 [0.9981791020802415, 0.0018208979197584622] 
PROD007_I 60 [0.0014298870286791096, 0.9942804518852839, 0.001429887028679009, 0.001429887028679009, 0.001429887028679009] 
PROD007_J 11 [0.0016687574742443034, 0.9966624850515113, 0.0016687574742443034] 
PROD009_DIRECTION I [0.9981791020802415, 0.0018208979197584622] 
PROD009_I 5 [0.9942804518852839, 0.0014298870286790293, 0.0014298870286790293, 0.0014298870286790293, 0.0014298870286790293] 
PROD009_J 38 [0.9924947144282916, 0.001250880928618059, 0.001250880928618059, 0.001250880928618059, 0.001250880928618059, 0.001250880928618059, 0.001250880928618059] 
PROD009_K 3 [0.0016687574742443034, 0.0016687574742443034, 0.9966624850515113] 
PROD010_DIRECTION J [0.0018208979197584622, 0.9981791020802415] 
PROD010_I 36 [0.001177204902948835, 0.001177204902948835, 0.001177204902948835, 0.001177204902948835, 0.001177204902948835, 0.001177204902948835, 0.001177204902948835, 0.9917595656793582] 
PROD010_J 33 [0.001250880928618059, 0.001250880928618059, 0.001250880928618059, 0.9924947144282916, 0.001250880928618059, 0.001250880928618059, 0.001250880928618059] 
PROD010_K 2 [0.0016687574742443034, 0.9966624850515113, 0.0016687574742443034] 
PROD012_DIRECTION J [0.0018208979197584622, 0.9981791020802415] 
PROD012_I 42 [0.001111729632157559, 0.001111729632157559, 0.001111729632157559, 0.001111729632157559, 0.0011117296321577503, 0.9911061629427393, 0.001111729632157559, 0.001111729632157559, 0.001111729632157559] 
PROD012_J 35 [0.0010004508163055947, 0.0010004508163055947, 0.0010004508163055947, 0.0010004508163055947, 0.0010004508163055947, 0.989995491836944, 0.0010004508163055947, 0.0010004508163055947, 0.0010004508163055947, 0.0010004508163055947, 0.0010004508163055947] 
PROD012_K 3 [0.0016687574742443034, 0.0016687574742443034, 0.9966624850515113] 
PROD014_DIRECTION J [0.0018208979197584622, 0.9981791020802415] 
PROD014_I 50 [0.001250880928618059, 0.001250880928618059, 0.001250880928618059, 0.001250880928618059, 0.9924947144282916, 0.001250880928618059, 0.001250880928618059] 
PROD014_J 42 [0.0010531574333960485, 0.0010531574333960485, 0.0010531574333960485, 0.0010531574333960485, 0.0010531574333960485, 0.0010531574333960485, 0.0010531574333960485, 0.0010531574333960485, 0.9905215830994356, 0.0010531574333960485] 
PROD014_K 2 [0.0016687574742443034, 0.9966624850515113, 0.0016687574742443034] 
PROD021_DIRECTION I [0.9981791020802415, 0.0018208979197584622] 
PROD021_I 16 [0.0009527703578061398, 0.0009527703578061398, 0.9895195260641325, 0.0009527703578061398, 0.0009527703578061398, 0.0009527703578061398, 0.0009527703578061398, 0.0009527703578061398, 0.0009527703578061398, 0.0009527703578061398, 0.0009527703578061398, 0.0009527703578061398] 
PROD021_J 40 [0.001250880928618059, 0.001250880928618059, 0.001250880928618059, 0.9924947144282916, 0.001250880928618059, 0.001250880928618059, 0.001250880928618059] 
PROD021_K 3 [0.0016687574742443034, 0.0016687574742443034, 0.9966624850515113] 
PROD023A_DIRECTION I [0.9981791020802415, 0.0018208979197584622] 
PROD023A_I 56 [0.9942804518852839, 0.0014298870286790293, 0.0014298870286790293, 0.0014298870286790293, 0.0014298870286790293] 
PROD023A_J 13 [0.9933279866090886, 0.0013344026781822783, 0.0013344026781822783, 0.0013344026781822783, 0.0013344026781822783, 0.0013344026781822783] 
PROD023A_K 2 [0.0016687574742443034, 0.9966624850515113, 0.0016687574742443034] 
PROD024A_I 56 [0.9924947144282916, 0.001250880928618059, 0.001250880928618059, 0.001250880928618059, 0.001250880928618059, 0.001250880928618059, 0.001250880928618059] 
PROD024A_J 33 [0.9953796842112113, 0.0015401052638400292, 0.0015401052624743343, 0.0015401052624743343] 
PROD024A_K 2 [0.0016687574742443034, 0.9966624850515113, 0.0016687574742443034] 
PROD025A_DIRECTION J [0.0018208979197584622, 0.9981791020802415] 
PROD025A_I 54 [0.9933279866090886, 0.0013344026781822783, 0.0013344026781822783, 0.0013344026781822783, 0.0013344026781822783, 0.0013344026781822783] 
PROD025A_J 22 [0.0014298870286790293, 0.9942804518852839, 0.0014298870286790293, 0.0014298870286790293, 0.0014298870286790293] 
PROD025A_K 1 [0.9966624850515113, 0.0016687574742443034, 0.0016687574742443034] 
PROD026_DIRECTION J [0.0018208979197584622, 0.9981791020802415] 
PROD026_I 48 [0.0014298870286790293, 0.0014298870286790293, 0.0014298870286790293, 0.9942804518852839, 0.0014298870286790293] 
PROD026_J 10 [0.001250880928618059, 0.001250880928618059, 0.001250880928618059, 0.001250880928618059, 0.001250880928618059, 0.001250880928618059, 0.9924947144282916] 
PROD026_K 3 [0.0016687574742443034, 0.0016687574742443034, 0.9966624850515113] 
INJ006_I 50 [0.0013344026781822783, 0.9933279866090886, 0.0013344026781822783, 0.0013344026781822783, 0.0013344026781822783, 0.0013344026781822783] 
INJ006_J 25 [0.001177204902948835, 0.001177204902948835, 0.001177204902948835, 0.001177204902948835, 0.9917595656793582, 0.001177204902948835, 0.001177204902948835, 0.001177204902948835] 
INJ006_K 13 [0.001540095510282386, 0.0015401646831695584, 0.9953796442962657, 0.001540095510282386] 
INJ010_DIRECTION I [0.9981791020802415, 0.0018208979197584622] 
INJ010_I 72 [0.0014298870286790293, 0.0014298870286790293, 0.0014298870286790293, 0.0014298870286790293, 0.9942804518852839] 
INJ010_J 34 [0.0014298870286790293, 0.0014298870286790293, 0.9942804518852839, 0.0014298870286790293, 0.0014298870286790293] 
INJ010_K 6 [0.9953796842116899, 0.0015401052627700372, 0.0015401052627700372, 0.0015401052627700372] 
INJ017_DIRECTION J [0.0018208979197584622, 0.9981791020802415] 
INJ017_I 34 [0.001334402678182278, 0.001334402678182278, 0.001334402678182278, 0.9933279866090886, 0.001334402678182278, 0.001334402678182278] 
INJ017_J 14 [0.9924947144282916, 0.001250880928618059, 0.001250880928618059, 0.001250880928618059, 0.001250880928618059, 0.001250880928618059, 0.001250880928618059] 
INJ017_K 15 [0.0014298870286790293, 0.0014298870286790293, 0.0014298870286790293, 0.9942804518852839, 0.0014298870286790295] 
INJ019_DIRECTION J [0.0018208979197584622, 0.9981791020802415] 
INJ019_I 30 [0.001334402678182278, 0.001334402678182278, 0.001334402678182278, 0.9933279866090886, 0.001334402678182278, 0.001334402678182278] 
INJ019_J 47 [0.0015401052627700372, 0.0015401052627700372, 0.9953796842116899, 0.0015401052627700372] 
INJ019_K 17 [0.0015401052627700372, 0.0015401052627700372, 0.0015401052627700372, 0.9953796842116899] 
INJ021_DIRECTION J [0.0018208979197584622, 0.9981791020802415] 
INJ021_I 27 [0.0011117296321575814, 0.0011117296321575814, 0.0011117296321575814, 0.0011117296321575814, 0.0011117296321575814, 0.0011117296321575814, 0.9911061629427393, 0.0011117296321575814, 0.0011117296321575814] 
INJ021_J 31 [0.001334402678182278, 0.001334402678182278, 0.001334402678182278, 0.001334402678182278, 0.9933279866090886, 0.001334402678182278] 
INJ021_K 16 [0.0015401052627700372, 0.0015401052627700372, 0.0015401052627700372, 0.9953796842116899] 
INJ022_DIRECTION I [0.9981791010862338, 0.001820898913766225] 
INJ022_I 73 [0.0014298870286790293, 0.0014298870286790293, 0.0014298870286790293, 0.0014298870286790293, 0.9942804518852839] 
INJ022_J 26 [0.0015401052627700372, 0.0015401052627700372, 0.0015401052627700372, 0.9953796842116899] 
INJ022_K 6 [0.9942804518852839, 0.0014298870286790293, 0.0014298870286790293, 0.0014298870286790293, 0.0014298870286790293] 
INJ023_DIRECTION J [0.0018208979197584622, 0.9981791020802415] 
INJ023_I 45 [0.0013344026781822776, 0.0013344026781822776, 0.0013344026781822776, 0.0013344026781822776, 0.0013344026781822776, 0.9933279866090886] 
INJ023_J 19 [0.0013344026781822776, 0.0013344026781822776, 0.0013344026781822776, 0.0013344026781822776, 0.0013344026781822776, 0.9933279866090886] 
INJ023_K 15 [0.0018208979197584622, 0.9981791020802415] 
NA1A_CONSIDER 1 [0.0018208979197584622, 0.9981791020802415] 

Elite 4 OF_MAX_VPL 2961839487.16
NA2_CONSIDER 0 [0.9981791020802415, 0.0018208979197584622] 
NA3D_CONSIDER 0 [0.9981791020802415, 0.0018208979197584622] 
PltPRDSTL_PltPRDSTO 22475 [0.001053157433396048, 0.9905215830994356, 0.001053157433396048, 0.001053157433396048, 0.001053157433396048, 0.001053157433396048, 0.001053157433396048, 0.001053157433396048, 0.001053157433396048, 0.001053157433396048] 
PltPRDSTW 11857.5 [0.9933275399468914, 0.0013342912164703833, 0.0013352951872270635, 0.0013342912164703833, 0.0013342912164703833, 0.0013342912164703833] 
PltINJSTW 26040 [0.0009527703578061396, 0.0009527703578061396, 0.0009527703578061396, 0.0009527703578061396, 0.0009527703578061396, 0.0009527703578061396, 0.9895195260641325, 0.0009527703578061396, 0.0009527703578061396, 0.0009527703578061396, 0.0009527703578061396, 0.0009527703578061396] 
PROD005_DIRECTION J [0.0018208979197584757, 0.9981791020802415] 
PROD005_I 29 [0.0015401052627700372, 0.0015401052627700372, 0.0015401052627700372, 0.9953796842116899] 
PROD005_J 21 [0.001177204902948835, 0.001177204902948835, 0.001177204902948835, 0.001177204902948835, 0.001177204902948835, 0.9917595656793582, 0.001177204902948835, 0.001177204902948835] 
PROD005_K 2 [0.0016687574742443034, 0.9966624850515113, 0.0016687574742443034] 
PROD006_I 52 [0.0015401052627700372, 0.9953796842116899, 0.0015401052627700372, 0.0015401052627700372] 
PROD006_J 2 [0.9981791020802415, 0.0018208979197584622] 
PROD007_I 60 [0.0014298870286791096, 0.9942804518852839, 0.001429887028679009, 0.001429887028679009, 0.001429887028679009] 
PROD007_J 11 [0.0016687574742443034, 0.9966624850515113, 0.0016687574742443034] 
PROD009_DIRECTION I [0.9981791020802415, 0.0018208979197584622] 
PROD009_I 5 [0.9942804518852839, 0.0014298870286790293, 0.0014298870286790293, 0.0014298870286790293, 0.0014298870286790293] 
PROD009_J 38 [0.9924947144282916, 0.001250880928618059, 0.001250880928618059, 0.001250880928618059, 0.001250880928618059, 0.001250880928618059, 0.001250880928618059] 
PROD009_K 3 [0.0016687574742443034, 0.0016687574742443034, 0.9966624850515113] 
PROD010_DIRECTION J [0.0018208979197584622, 0.9981791020802415] 
PROD010_I 36 [0.001177204902948835, 0.001177204902948835, 0.001177204902948835, 0.001177204902948835, 0.001177204902948835, 0.001177204902948835, 0.001177204902948835, 0.9917595656793582] 
PROD010_J 33 [0.001250880928618059, 0.001250880928618059, 0.001250880928618059, 0.9924947144282916, 0.001250880928618059, 0.001250880928618059, 0.001250880928618059] 
PROD010_K 2 [0.0016687574742443034, 0.9966624850515113, 0.0016687574742443034] 
PROD012_DIRECTION J [0.0018208979197584622, 0.9981791020802415] 
PROD012_I 42 [0.001111729632157559, 0.001111729632157559, 0.001111729632157559, 0.001111729632157559, 0.0011117296321577503, 0.9911061629427393, 0.001111729632157559, 0.001111729632157559, 0.001111729632157559] 
PROD012_J 35 [0.0010004508163055947, 0.0010004508163055947, 0.0010004508163055947, 0.0010004508163055947, 0.0010004508163055947, 0.989995491836944, 0.0010004508163055947, 0.0010004508163055947, 0.0010004508163055947, 0.0010004508163055947, 0.0010004508163055947] 
PROD012_K 3 [0.0016687574742443034, 0.0016687574742443034, 0.9966624850515113] 
PROD014_DIRECTION J [0.0018208979197584622, 0.9981791020802415] 
PROD014_I 50 [0.001250880928618059, 0.001250880928618059, 0.001250880928618059, 0.001250880928618059, 0.9924947144282916, 0.001250880928618059, 0.001250880928618059] 
PROD014_J 42 [0.0010531574333960485, 0.0010531574333960485, 0.0010531574333960485, 0.0010531574333960485, 0.0010531574333960485, 0.0010531574333960485, 0.0010531574333960485, 0.0010531574333960485, 0.9905215830994356, 0.0010531574333960485] 
PROD014_K 2 [0.0016687574742443034, 0.9966624850515113, 0.0016687574742443034] 
PROD021_DIRECTION I [0.9981791020802415, 0.0018208979197584622] 
PROD021_I 16 [0.0009527703578061398, 0.0009527703578061398, 0.9895195260641325, 0.0009527703578061398, 0.0009527703578061398, 0.0009527703578061398, 0.0009527703578061398, 0.0009527703578061398, 0.0009527703578061398, 0.0009527703578061398, 0.0009527703578061398, 0.0009527703578061398] 
PROD021_J 40 [0.001250880928618059, 0.001250880928618059, 0.001250880928618059, 0.9924947144282916, 0.001250880928618059, 0.001250880928618059, 0.001250880928618059] 
PROD021_K 3 [0.0016687574742443034, 0.0016687574742443034, 0.9966624850515113] 
PROD023A_DIRECTION I [0.9981791020802415, 0.0018208979197584622] 
PROD023A_I 56 [0.9942804518852839, 0.0014298870286790293, 0.0014298870286790293, 0.0014298870286790293, 0.0014298870286790293] 
PROD023A_J 13 [0.9933279866090886, 0.0013344026781822783, 0.0013344026781822783, 0.0013344026781822783, 0.0013344026781822783, 0.0013344026781822783] 
PROD023A_K 2 [0.0016687574742443034, 0.9966624850515113, 0.0016687574742443034] 
PROD024A_I 56 [0.9924947144282916, 0.001250880928618059, 0.001250880928618059, 0.001250880928618059, 0.001250880928618059, 0.001250880928618059, 0.001250880928618059] 
PROD024A_J 33 [0.9953796842112113, 0.0015401052638400292, 0.0015401052624743343, 0.0015401052624743343] 
PROD024A_K 2 [0.0016687574742443034, 0.9966624850515113, 0.0016687574742443034] 
PROD025A_DIRECTION J [0.0018208979197584622, 0.9981791020802415] 
PROD025A_I 54 [0.9933279866090886, 0.0013344026781822783, 0.0013344026781822783, 0.0013344026781822783, 0.0013344026781822783, 0.0013344026781822783] 
PROD025A_J 22 [0.0014298870286790293, 0.9942804518852839, 0.0014298870286790293, 0.0014298870286790293, 0.0014298870286790293] 
PROD025A_K 1 [0.9966624850515113, 0.0016687574742443034, 0.0016687574742443034] 
PROD026_DIRECTION J [0.0018208979197584622, 0.9981791020802415] 
PROD026_I 48 [0.0014298870286790293, 0.0014298870286790293, 0.0014298870286790293, 0.9942804518852839, 0.0014298870286790293] 
PROD026_J 10 [0.001250880928618059, 0.001250880928618059, 0.001250880928618059, 0.001250880928618059, 0.001250880928618059, 0.001250880928618059, 0.9924947144282916] 
PROD026_K 3 [0.0016687574742443034, 0.0016687574742443034, 0.9966624850515113] 
INJ006_I 50 [0.0013344026781822783, 0.9933279866090886, 0.0013344026781822783, 0.0013344026781822783, 0.0013344026781822783, 0.0013344026781822783] 
INJ006_J 25 [0.001177204902948835, 0.001177204902948835, 0.001177204902948835, 0.001177204902948835, 0.9917595656793582, 0.001177204902948835, 0.001177204902948835, 0.001177204902948835] 
INJ006_K 12 [0.0015386314578326415, 0.9953649947541382, 0.0015577423301965027, 0.0015386314578326415] 
INJ010_DIRECTION I [0.9981791020802415, 0.0018208979197584622] 
INJ010_I 72 [0.0014298870286790293, 0.0014298870286790293, 0.0014298870286790293, 0.0014298870286790293, 0.9942804518852839] 
INJ010_J 34 [0.0014298870286790293, 0.0014298870286790293, 0.9942804518852839, 0.0014298870286790293, 0.0014298870286790293] 
INJ010_K 6 [0.9953796842116899, 0.0015401052627700372, 0.0015401052627700372, 0.0015401052627700372] 
INJ017_DIRECTION J [0.0018208979197584622, 0.9981791020802415] 
INJ017_I 34 [0.001334402678182278, 0.001334402678182278, 0.001334402678182278, 0.9933279866090886, 0.001334402678182278, 0.001334402678182278] 
INJ017_J 14 [0.9924947144282916, 0.001250880928618059, 0.001250880928618059, 0.001250880928618059, 0.001250880928618059, 0.001250880928618059, 0.001250880928618059] 
INJ017_K 15 [0.0014298870286790293, 0.0014298870286790293, 0.0014298870286790293, 0.9942804518852839, 0.0014298870286790295] 
INJ019_DIRECTION J [0.0018208979197584622, 0.9981791020802415] 
INJ019_I 30 [0.001334402678182278, 0.001334402678182278, 0.001334402678182278, 0.9933279866090886, 0.001334402678182278, 0.001334402678182278] 
INJ019_J 47 [0.0015401052627700372, 0.0015401052627700372, 0.9953796842116899, 0.0015401052627700372] 
INJ019_K 17 [0.0015401052627700372, 0.0015401052627700372, 0.0015401052627700372, 0.9953796842116899] 
INJ021_DIRECTION J [0.0018208979197584622, 0.9981791020802415] 
INJ021_I 27 [0.0011117296321575814, 0.0011117296321575814, 0.0011117296321575814, 0.0011117296321575814, 0.0011117296321575814, 0.0011117296321575814, 0.9911061629427393, 0.0011117296321575814, 0.0011117296321575814] 
INJ021_J 31 [0.001334402678182278, 0.001334402678182278, 0.001334402678182278, 0.001334402678182278, 0.9933279866090886, 0.001334402678182278] 
INJ021_K 16 [0.0015401052627700372, 0.0015401052627700372, 0.0015401052627700372, 0.9953796842116899] 
INJ022_DIRECTION I [0.9981791010862338, 0.001820898913766225] 
INJ022_I 73 [0.0014298870286790293, 0.0014298870286790293, 0.0014298870286790293, 0.0014298870286790293, 0.9942804518852839] 
INJ022_J 26 [0.0015401052627700372, 0.0015401052627700372, 0.0015401052627700372, 0.9953796842116899] 
INJ022_K 6 [0.9942804518852839, 0.0014298870286790293, 0.0014298870286790293, 0.0014298870286790293, 0.0014298870286790293] 
INJ023_DIRECTION J [0.0018208979197584622, 0.9981791020802415] 
INJ023_I 45 [0.0013344026781822776, 0.0013344026781822776, 0.0013344026781822776, 0.0013344026781822776, 0.0013344026781822776, 0.9933279866090886] 
INJ023_J 19 [0.0013344026781822776, 0.0013344026781822776, 0.0013344026781822776, 0.0013344026781822776, 0.0013344026781822776, 0.9933279866090886] 
INJ023_K 15 [0.0018208979197584622, 0.9981791020802415] 
NA1A_CONSIDER 1 [0.0018208979197584622, 0.9981791020802415] 

Elite 5 OF_MAX_VPL 2961839487.16
NA2_CONSIDER 0 [0.9981791020802415, 0.0018208979197584622] 
NA3D_CONSIDER 0 [0.9981791020802415, 0.0018208979197584622] 
PltPRDSTL_PltPRDSTO 22475 [0.001053157433396048, 0.9905215830994356, 0.001053157433396048, 0.001053157433396048, 0.001053157433396048, 0.001053157433396048, 0.001053157433396048, 0.001053157433396048, 0.001053157433396048, 0.001053157433396048] 
PltPRDSTW 11857.5 [0.9933275399468914, 0.0013342912164703833, 0.0013352951872270635, 0.0013342912164703833, 0.0013342912164703833, 0.0013342912164703833] 
PltINJSTW 26040 [0.0009527703578061396, 0.0009527703578061396, 0.0009527703578061396, 0.0009527703578061396, 0.0009527703578061396, 0.0009527703578061396, 0.9895195260641325, 0.0009527703578061396, 0.0009527703578061396, 0.0009527703578061396, 0.0009527703578061396, 0.0009527703578061396] 
PROD005_DIRECTION J [0.0018208979197584757, 0.9981791020802415] 
PROD005_I 29 [0.0015401052627700372, 0.0015401052627700372, 0.0015401052627700372, 0.9953796842116899] 
PROD005_J 21 [0.001177204902948835, 0.001177204902948835, 0.001177204902948835, 0.001177204902948835, 0.001177204902948835, 0.9917595656793582, 0.001177204902948835, 0.001177204902948835] 
PROD005_K 2 [0.0016687574742443034, 0.9966624850515113, 0.0016687574742443034] 
PROD006_I 52 [0.0015401052627700372, 0.9953796842116899, 0.0015401052627700372, 0.0015401052627700372] 
PROD006_J 2 [0.9981791020802415, 0.0018208979197584622] 
PROD007_I 60 [0.0014298870286791096, 0.9942804518852839, 0.001429887028679009, 0.001429887028679009, 0.001429887028679009] 
PROD007_J 11 [0.0016687574742443034, 0.9966624850515113, 0.0016687574742443034] 
PROD009_DIRECTION I [0.9981791020802415, 0.0018208979197584622] 
PROD009_I 5 [0.9942804518852839, 0.0014298870286790293, 0.0014298870286790293, 0.0014298870286790293, 0.0014298870286790293] 
PROD009_J 38 [0.9924947144282916, 0.001250880928618059, 0.001250880928618059, 0.001250880928618059, 0.001250880928618059, 0.001250880928618059, 0.001250880928618059] 
PROD009_K 3 [0.0016687574742443034, 0.0016687574742443034, 0.9966624850515113] 
PROD010_DIRECTION J [0.0018208979197584622, 0.9981791020802415] 
PROD010_I 36 [0.001177204902948835, 0.001177204902948835, 0.001177204902948835, 0.001177204902948835, 0.001177204902948835, 0.001177204902948835, 0.001177204902948835, 0.9917595656793582] 
PROD010_J 33 [0.001250880928618059, 0.001250880928618059, 0.001250880928618059, 0.9924947144282916, 0.001250880928618059, 0.001250880928618059, 0.001250880928618059] 
PROD010_K 2 [0.0016687574742443034, 0.9966624850515113, 0.0016687574742443034] 
PROD012_DIRECTION J [0.0018208979197584622, 0.9981791020802415] 
PROD012_I 42 [0.001111729632157559, 0.001111729632157559, 0.001111729632157559, 0.001111729632157559, 0.0011117296321577503, 0.9911061629427393, 0.001111729632157559, 0.001111729632157559, 0.001111729632157559] 
PROD012_J 35 [0.0010004508163055947, 0.0010004508163055947, 0.0010004508163055947, 0.0010004508163055947, 0.0010004508163055947, 0.989995491836944, 0.0010004508163055947, 0.0010004508163055947, 0.0010004508163055947, 0.0010004508163055947, 0.0010004508163055947] 
PROD012_K 3 [0.0016687574742443034, 0.0016687574742443034, 0.9966624850515113] 
PROD014_DIRECTION J [0.0018208979197584622, 0.9981791020802415] 
PROD014_I 50 [0.001250880928618059, 0.001250880928618059, 0.001250880928618059, 0.001250880928618059, 0.9924947144282916, 0.001250880928618059, 0.001250880928618059] 
PROD014_J 42 [0.0010531574333960485, 0.0010531574333960485, 0.0010531574333960485, 0.0010531574333960485, 0.0010531574333960485, 0.0010531574333960485, 0.0010531574333960485, 0.0010531574333960485, 0.9905215830994356, 0.0010531574333960485] 
PROD014_K 2 [0.0016687574742443034, 0.9966624850515113, 0.0016687574742443034] 
PROD021_DIRECTION I [0.9981791020802415, 0.0018208979197584622] 
PROD021_I 16 [0.0009527703578061398, 0.0009527703578061398, 0.9895195260641325, 0.0009527703578061398, 0.0009527703578061398, 0.0009527703578061398, 0.0009527703578061398, 0.0009527703578061398, 0.0009527703578061398, 0.0009527703578061398, 0.0009527703578061398, 0.0009527703578061398] 
PROD021_J 40 [0.001250880928618059, 0.001250880928618059, 0.001250880928618059, 0.9924947144282916, 0.001250880928618059, 0.001250880928618059, 0.001250880928618059] 
PROD021_K 3 [0.0016687574742443034, 0.0016687574742443034, 0.9966624850515113] 
PROD023A_DIRECTION I [0.9981791020802415, 0.0018208979197584622] 
PROD023A_I 56 [0.9942804518852839, 0.0014298870286790293, 0.0014298870286790293, 0.0014298870286790293, 0.0014298870286790293] 
PROD023A_J 13 [0.9933279866090886, 0.0013344026781822783, 0.0013344026781822783, 0.0013344026781822783, 0.0013344026781822783, 0.0013344026781822783] 
PROD023A_K 2 [0.0016687574742443034, 0.9966624850515113, 0.0016687574742443034] 
PROD024A_I 56 [0.9924947144282916, 0.001250880928618059, 0.001250880928618059, 0.001250880928618059, 0.001250880928618059, 0.001250880928618059, 0.001250880928618059] 
PROD024A_J 33 [0.9953796842112113, 0.0015401052638400292, 0.0015401052624743343, 0.0015401052624743343] 
PROD024A_K 2 [0.0016687574742443034, 0.9966624850515113, 0.0016687574742443034] 
PROD025A_DIRECTION J [0.0018208979197584622, 0.9981791020802415] 
PROD025A_I 54 [0.9933279866090886, 0.0013344026781822783, 0.0013344026781822783, 0.0013344026781822783, 0.0013344026781822783, 0.0013344026781822783] 
PROD025A_J 22 [0.0014298870286790293, 0.9942804518852839, 0.0014298870286790293, 0.0014298870286790293, 0.0014298870286790293] 
PROD025A_K 1 [0.9966624850515113, 0.0016687574742443034, 0.0016687574742443034] 
PROD026_DIRECTION J [0.0018208979197584622, 0.9981791020802415] 
PROD026_I 48 [0.0014298870286790293, 0.0014298870286790293, 0.0014298870286790293, 0.9942804518852839, 0.0014298870286790293] 
PROD026_J 10 [0.001250880928618059, 0.001250880928618059, 0.001250880928618059, 0.001250880928618059, 0.001250880928618059, 0.001250880928618059, 0.9924947144282916] 
PROD026_K 3 [0.0016687574742443034, 0.0016687574742443034, 0.9966624850515113] 
INJ006_I 50 [0.0013344026781822783, 0.9933279866090886, 0.0013344026781822783, 0.0013344026781822783, 0.0013344026781822783, 0.0013344026781822783] 
INJ006_J 25 [0.001177204902948835, 0.001177204902948835, 0.001177204902948835, 0.001177204902948835, 0.9917595656793582, 0.001177204902948835, 0.001177204902948835, 0.001177204902948835] 
INJ006_K 12 [0.0015386314578326415, 0.9953649947541382, 0.0015577423301965027, 0.0015386314578326415] 
INJ010_DIRECTION I [0.9981791020802415, 0.0018208979197584622] 
INJ010_I 72 [0.0014298870286790293, 0.0014298870286790293, 0.0014298870286790293, 0.0014298870286790293, 0.9942804518852839] 
INJ010_J 34 [0.0014298870286790293, 0.0014298870286790293, 0.9942804518852839, 0.0014298870286790293, 0.0014298870286790293] 
INJ010_K 6 [0.9953796842116899, 0.0015401052627700372, 0.0015401052627700372, 0.0015401052627700372] 
INJ017_DIRECTION J [0.0018208979197584622, 0.9981791020802415] 
INJ017_I 34 [0.001334402678182278, 0.001334402678182278, 0.001334402678182278, 0.9933279866090886, 0.001334402678182278, 0.001334402678182278] 
INJ017_J 14 [0.9924947144282916, 0.001250880928618059, 0.001250880928618059, 0.001250880928618059, 0.001250880928618059, 0.001250880928618059, 0.001250880928618059] 
INJ017_K 15 [0.0014298870286790293, 0.0014298870286790293, 0.0014298870286790293, 0.9942804518852839, 0.0014298870286790295] 
INJ019_DIRECTION J [0.0018208979197584622, 0.9981791020802415] 
INJ019_I 30 [0.001334402678182278, 0.001334402678182278, 0.001334402678182278, 0.9933279866090886, 0.001334402678182278, 0.001334402678182278] 
INJ019_J 47 [0.0015401052627700372, 0.0015401052627700372, 0.9953796842116899, 0.0015401052627700372] 
INJ019_K 17 [0.0015401052627700372, 0.0015401052627700372, 0.0015401052627700372, 0.9953796842116899] 
INJ021_DIRECTION J [0.0018208979197584622, 0.9981791020802415] 
INJ021_I 27 [0.0011117296321575814, 0.0011117296321575814, 0.0011117296321575814, 0.0011117296321575814, 0.0011117296321575814, 0.0011117296321575814, 0.9911061629427393, 0.0011117296321575814, 0.0011117296321575814] 
INJ021_J 31 [0.001334402678182278, 0.001334402678182278, 0.001334402678182278, 0.001334402678182278, 0.9933279866090886, 0.001334402678182278] 
INJ021_K 16 [0.0015401052627700372, 0.0015401052627700372, 0.0015401052627700372, 0.9953796842116899] 
INJ022_DIRECTION I [0.9981791010862338, 0.001820898913766225] 
INJ022_I 73 [0.0014298870286790293, 0.0014298870286790293, 0.0014298870286790293, 0.0014298870286790293, 0.9942804518852839] 
INJ022_J 26 [0.0015401052627700372, 0.0015401052627700372, 0.0015401052627700372, 0.9953796842116899] 
INJ022_K 6 [0.9942804518852839, 0.0014298870286790293, 0.0014298870286790293, 0.0014298870286790293, 0.0014298870286790293] 
INJ023_DIRECTION J [0.0018208979197584622, 0.9981791020802415] 
INJ023_I 45 [0.0013344026781822776, 0.0013344026781822776, 0.0013344026781822776, 0.0013344026781822776, 0.0013344026781822776, 0.9933279866090886] 
INJ023_J 19 [0.0013344026781822776, 0.0013344026781822776, 0.0013344026781822776, 0.0013344026781822776, 0.0013344026781822776, 0.9933279866090886] 
INJ023_K 15 [0.0018208979197584622, 0.9981791020802415] 
NA1A_CONSIDER 1 [0.0018208979197584622, 0.9981791020802415] 

