Elite 1 OF_MAX_VPL 2961977968.47
NA2_CONSIDER 0 [0.9993446165447917, 0.0006553834552082691] 
NA3D_CONSIDER 0 [0.9993446165447917, 0.0006553834552082691] 
PltPRDSTL_PltPRDSTO 19375 [0.00037910972118394983, 0.00037910972118394983, 0.00037910972118394983, 0.00037910972118394983, 0.00037910972118394983, 0.9965880125093445, 0.00037910972118394983, 0.00037910972118394983, 0.00037910972118394983, 0.00037910972118394983] 
PltPRDSTW 11857.5 [0.9975983489077442, 0.0004803320045135296, 0.0004803297719355731, 0.0004803297719355731, 0.0004803297719355731, 0.0004803297719355731] 
PltINJSTW 32550 [0.9962272488775371, 0.0003429773747693556, 0.0003429773747693556, 0.0003429773747693556, 0.0003429773747693556, 0.0003429773747693556, 0.0003429773747693556, 0.0003429773747693556, 0.0003429773747693556, 0.0003429773747693556, 0.0003429773747693556, 0.0003429773747693556] 
PROD005_DIRECTION I [0.9993446165447917, 0.0006553834552082691] 
PROD005_I 29 [0.0005543534470298015, 0.0005543534470298069, 0.0005543534470298015, 0.9983369396589106] 
PROD005_J 22 [0.0004237561069721138, 0.0004237561069721138, 0.00042375610697211385, 0.0004237561069721138, 0.0004237561069721138, 0.0004237561069721138, 0.9970337072511952, 0.0004237561069721138] 
PROD005_K 2 [0.0006006451892588207, 0.9987987096214823, 0.0006006451892588207] 
PROD006_I 53 [0.0005543534470298015, 0.0005543534470298069, 0.9983369396589106, 0.0005543534470298015] 
PROD006_J 3 [0.0006553834552082705, 0.9993446165447917] 
PROD007_I 59 [0.997941232872794, 0.0005146917818015002, 0.0005146917818015002, 0.0005146917818015002, 0.0005146917818015002] 
PROD007_J 10 [0.9987987096214823, 0.0006006451892588207, 0.0006006451892588207] 
PROD009_DIRECTION I [0.9993446165447917, 0.0006553834552082691] 
PROD009_I 6 [0.0005146917818015002, 0.997941232872794, 0.0005146917818015002, 0.0005146917818015002, 0.0005146917818015002] 
PROD009_J 40 [0.00045027194313405813, 0.00045027194313405813, 0.9972983683411957, 0.00045027194313405813, 0.00045027194313405813, 0.00045027194313405813, 0.00045027194313405813] 
PROD009_K 1 [0.9987987096214823, 0.0006006451892588207, 0.0006006451892588207] 
PROD010_DIRECTION I [0.9993446165447917, 0.0006553834552082691] 
PROD010_I 31 [0.00042375610697211385, 0.00042375610697211385, 0.9970337072511952, 0.00042375610697211385, 0.00042375610697211385, 0.00042375610697211385, 0.00042375610697211385, 0.00042375610697211385] 
PROD010_J 35 [0.00045027194313405813, 0.00045027194313405813, 0.00045027194313405813, 0.00045027194313405813, 0.00045027194313405834, 0.9972983683411957, 0.00045027194313405813] 
PROD010_K 2 [0.0006006451892588207, 0.9987987096214823, 0.0006006451892588207] 
PROD012_DIRECTION J [0.0006553834552082691, 0.9993446165447917] 
PROD012_I 39 [0.0004001909559579036, 0.0004001909559579036, 0.9967984723523368, 0.0004001909559579036, 0.0004001909559579036, 0.0004001909559579036, 0.0004001909559579036, 0.0004001909559579036, 0.0004001909559579036] 
PROD012_J 30 [0.9963986081046383, 0.00036013918953617353, 0.00036013918953617353, 0.00036013918953617353, 0.00036013918953617353, 0.00036013918953617353, 0.00036013918953617353, 0.00036013918953617353, 0.00036013918953617353, 0.00036013918953617353, 0.00036013918953617353] 
PROD012_K 3 [0.0006006451892588207, 0.0006006451892588207, 0.9987987096214823] 
PROD014_DIRECTION I [0.9993446165447917, 0.0006553834552082691] 
PROD014_I 48 [0.00045027194313405813, 0.00045027194313405813, 0.9972983683411957, 0.00045027194313405813, 0.00045027194313405813, 0.00045027194313405813, 0.00045027194313405813] 
PROD014_J 39 [0.00037910972118394983, 0.00037910972118394983, 0.00037910972118394983, 0.00037910972118394983, 0.00037910972118394983, 0.9965880125093445, 0.00037910972118394983, 0.00037910972118394983, 0.00037910972118394983, 0.00037910972118394983] 
PROD014_K 1 [0.9987410527297638, 0.0006640652903532495, 0.0005948819798830041] 
PROD021_DIRECTION I [0.9993446165447917, 0.0006553834552082691] 
PROD021_I 18 [0.0003429773747693556, 0.0003429773747693556, 0.0003429773747693556, 0.0003429773747693556, 0.9962272488775371, 0.0003429773747693556, 0.0003429773747693556, 0.0003429773747693556, 0.0003429773747693556, 0.0003429773747693556, 0.0003429773747693556, 0.0003429773747693556] 
PROD021_J 40 [0.00045027194313405813, 0.00045027194313405813, 0.00045027194313405813, 0.9972983683411957, 0.00045027194313405813, 0.00045027194313405813, 0.00045027194313405813] 
PROD021_K 3 [0.0006006451892588207, 0.0006006451892588207, 0.9987987096214823] 
PROD023A_DIRECTION J [0.0006553834552082691, 0.9993446165447917] 
PROD023A_I 56 [0.997941232872794, 0.0005146917818015238, 0.0005146917818014937, 0.0005146917818014937, 0.0005146917818014937] 
PROD023A_J 18 [0.00048033008601679113, 0.00048033008601679113, 0.00048033008601679113, 0.00048033008601679113, 0.00048033008601679113, 0.997598349569916] 
PROD023A_K 1 [0.0006006206580078034, 0.0006007813036328981, 0.9987985980383594] 
PROD024A_I 56 [0.9972983683411957, 0.0004502719431340581, 0.0004502719431340581, 0.0004502719431340581, 0.0004502719431340581, 0.0004502719431340581, 0.0004502719431340581] 
PROD024A_J 36 [0.000554353447029803, 0.000554353447029803, 0.000554353447029803, 0.9983369396589106] 
PROD024A_K 2 [0.0006006451892781749, 0.9987987096214712, 0.0006006451892505678] 
PROD025A_DIRECTION J [0.0006553834552082691, 0.9993446165447917] 
PROD025A_I 54 [0.997598349569916, 0.00048033008601679113, 0.00048033008601679113, 0.00048033008601679113, 0.00048033008601679113, 0.00048033008601679113] 
PROD025A_J 23 [0.0005146917818015002, 0.0005146917818015002, 0.997941232872794, 0.0005146917818015002, 0.0005146917818015002] 
PROD025A_K 1 [0.9987987096214823, 0.0006006451892588207, 0.0006006451892588207] 
PROD026_DIRECTION I [0.9987452138765527, 0.0012547861234473497] 
PROD026_I 49 [0.0005146917818015003, 0.0005146917818015003, 0.0005146917818015003, 0.0005146917818015003, 0.997941232872794] 
PROD026_J 6 [0.00045027194313405325, 0.0004502719431340869, 0.9972983683411957, 0.00045027194313405325, 0.00045027194313405325, 0.00045027194313405325, 0.00045027194313405325] 
PROD026_K 2 [0.0006006451892588205, 0.9987987096214823, 0.0006006451892588207] 
INJ006_I 50 [0.00048033008601679113, 0.997598349569916, 0.00048033008601679113, 0.00048033008601679113, 0.00048033008601679113, 0.00048033008601679113] 
INJ006_J 25 [0.00042375610697211385, 0.00042375610697211385, 0.00042375610697211385, 0.00042375610697211385, 0.9970337072511952, 0.00042375610697211385, 0.00042375610697211385, 0.00042375610697211385] 
INJ006_K 13 [0.0005543534467664215, 0.0005543534479828161, 0.9983369396584844, 0.0005543534467664215] 
INJ010_DIRECTION I [0.9993446165447917, 0.0006553834552082691] 
INJ010_I 72 [0.0005146917818015003, 0.0005146917818015003, 0.0005146917818015003, 0.0005146917818015003, 0.997941232872794] 
INJ010_J 34 [0.0005146917818015002, 0.0005146917818015002, 0.997941232872794, 0.0005146917818015002, 0.0005146917818015002] 
INJ010_K 6 [0.9983369396589101, 0.0005543534470309838, 0.0005543534470294228, 0.0005543534470294228] 
INJ017_DIRECTION I [0.9993446165447917, 0.0006553834552082691] 
INJ017_I 38 [0.00048033008601679113, 0.00048033008601679113, 0.00048033008601679113, 0.00048033008601679113, 0.00048033008601679113, 0.997598349569916] 
INJ017_J 14 [0.9972983683411957, 0.0004502719431340581, 0.0004502719431340581, 0.0004502719431340581, 0.0004502719431340581, 0.0004502719431340581, 0.0004502719431340581] 
INJ017_K 7 [0.997941232872794, 0.0005146917818015002, 0.0005146917818015002, 0.0005146917818015002, 0.0005146917818015002] 
INJ019_DIRECTION J [0.0006553834552082691, 0.9993446165447917] 
INJ019_I 32 [0.00048033008601679113, 0.00048033008601679113, 0.00048033008601679113, 0.00048033008601679113, 0.997598349569916, 0.00048033008601679113] 
INJ019_J 47 [0.0005543534433396705, 0.000554353463667644, 0.998336939649653, 0.0005543534433396705] 
INJ019_K 6 [0.9983363929855128, 0.0005551513364003767, 0.000554227839043409, 0.000554227839043409] 
INJ021_DIRECTION J [0.0006553834552082691, 0.9993446165447917] 
INJ021_I 25 [0.0004001909559579036, 0.0004001909559579036, 0.0004001909559579036, 0.0004001909559579036, 0.9967984723523368, 0.0004001909559579036, 0.0004001909559579036, 0.0004001909559579036, 0.0004001909559579036] 
INJ021_J 27 [0.00048033008601679113, 0.00048033008601679113, 0.997598349569916, 0.00048033008601679113, 0.00048033008601679113, 0.00048033008601679113] 
INJ021_K 16 [0.000554353447029803, 0.000554353447029803, 0.000554353447029803, 0.9983369396589106] 
INJ022_DIRECTION I [0.9993446165447917, 0.0006553834552082691] 
INJ022_I 65 [0.997941232872794, 0.0005146917818015002, 0.0005146917818015002, 0.0005146917818015002, 0.0005146917818015002] 
INJ022_J 20 [0.9983369396589106, 0.000554353447029803, 0.000554353447029803, 0.000554353447029803] 
INJ022_K 12 [0.0005146917818015003, 0.0005146917818015003, 0.0005146917818015003, 0.997941232872794, 0.0005146917818015003] 
INJ023_DIRECTION I [0.9993446165447842, 0.0006553834552157295] 
INJ023_I 45 [0.00048033008601679113, 0.00048033008601679113, 0.00048033008601679113, 0.00048033008601679113, 0.00048033008601679113, 0.997598349569916] 
INJ023_J 19 [0.00048033008601679113, 0.00048033008601679113, 0.00048033008601679113, 0.00048033008601679113, 0.00048033008601679113, 0.997598349569916] 
INJ023_K 15 [0.0006553834552082691, 0.9993446165447917] 
NA1A_CONSIDER 1 [0.0006553834552082691, 0.9993446165447917] 

Elite 2 OF_MAX_VPL 2961756846.0
NA2_CONSIDER 0 [0.9993446165447917, 0.0006553834552082691] 
NA3D_CONSIDER 0 [0.9993446165447917, 0.0006553834552082691] 
PltPRDSTL_PltPRDSTO 19375 [0.00037910972118394983, 0.00037910972118394983, 0.00037910972118394983, 0.00037910972118394983, 0.00037910972118394983, 0.9965880125093445, 0.00037910972118394983, 0.00037910972118394983, 0.00037910972118394983, 0.00037910972118394983] 
PltPRDSTW 11857.5 [0.9975983489077442, 0.0004803320045135296, 0.0004803297719355731, 0.0004803297719355731, 0.0004803297719355731, 0.0004803297719355731] 
PltINJSTW 32550 [0.9962272488775371, 0.0003429773747693556, 0.0003429773747693556, 0.0003429773747693556, 0.0003429773747693556, 0.0003429773747693556, 0.0003429773747693556, 0.0003429773747693556, 0.0003429773747693556, 0.0003429773747693556, 0.0003429773747693556, 0.0003429773747693556] 
PROD005_DIRECTION I [0.9993446165447917, 0.0006553834552082691] 
PROD005_I 29 [0.0005543534470298015, 0.0005543534470298069, 0.0005543534470298015, 0.9983369396589106] 
PROD005_J 22 [0.0004237561069721138, 0.0004237561069721138, 0.00042375610697211385, 0.0004237561069721138, 0.0004237561069721138, 0.0004237561069721138, 0.9970337072511952, 0.0004237561069721138] 
PROD005_K 2 [0.0006006451892588207, 0.9987987096214823, 0.0006006451892588207] 
PROD006_I 53 [0.0005543534470298015, 0.0005543534470298069, 0.9983369396589106, 0.0005543534470298015] 
PROD006_J 3 [0.0006553834552082705, 0.9993446165447917] 
PROD007_I 59 [0.997941232872794, 0.0005146917818015002, 0.0005146917818015002, 0.0005146917818015002, 0.0005146917818015002] 
PROD007_J 10 [0.9987987096214823, 0.0006006451892588207, 0.0006006451892588207] 
PROD009_DIRECTION I [0.9993446165447917, 0.0006553834552082691] 
PROD009_I 6 [0.0005146917818015002, 0.997941232872794, 0.0005146917818015002, 0.0005146917818015002, 0.0005146917818015002] 
PROD009_J 40 [0.00045027194313405813, 0.00045027194313405813, 0.9972983683411957, 0.00045027194313405813, 0.00045027194313405813, 0.00045027194313405813, 0.00045027194313405813] 
PROD009_K 1 [0.9987987096214823, 0.0006006451892588207, 0.0006006451892588207] 
PROD010_DIRECTION I [0.9993446165447917, 0.0006553834552082691] 
PROD010_I 31 [0.00042375610697211385, 0.00042375610697211385, 0.9970337072511952, 0.00042375610697211385, 0.00042375610697211385, 0.00042375610697211385, 0.00042375610697211385, 0.00042375610697211385] 
PROD010_J 35 [0.00045027194313405813, 0.00045027194313405813, 0.00045027194313405813, 0.00045027194313405813, 0.00045027194313405834, 0.9972983683411957, 0.00045027194313405813] 
PROD010_K 2 [0.0006006451892588207, 0.9987987096214823, 0.0006006451892588207] 
PROD012_DIRECTION J [0.0006553834552082691, 0.9993446165447917] 
PROD012_I 39 [0.0004001909559579036, 0.0004001909559579036, 0.9967984723523368, 0.0004001909559579036, 0.0004001909559579036, 0.0004001909559579036, 0.0004001909559579036, 0.0004001909559579036, 0.0004001909559579036] 
PROD012_J 30 [0.9963986081046383, 0.00036013918953617353, 0.00036013918953617353, 0.00036013918953617353, 0.00036013918953617353, 0.00036013918953617353, 0.00036013918953617353, 0.00036013918953617353, 0.00036013918953617353, 0.00036013918953617353, 0.00036013918953617353] 
PROD012_K 3 [0.0006006451892588207, 0.0006006451892588207, 0.9987987096214823] 
PROD014_DIRECTION I [0.9993446165447917, 0.0006553834552082691] 
PROD014_I 48 [0.00045027194313405813, 0.00045027194313405813, 0.9972983683411957, 0.00045027194313405813, 0.00045027194313405813, 0.00045027194313405813, 0.00045027194313405813] 
PROD014_J 39 [0.00037910972118394983, 0.00037910972118394983, 0.00037910972118394983, 0.00037910972118394983, 0.00037910972118394983, 0.9965880125093445, 0.00037910972118394983, 0.00037910972118394983, 0.00037910972118394983, 0.00037910972118394983] 
PROD014_K 1 [0.9987410527297638, 0.0006640652903532495, 0.0005948819798830041] 
PROD021_DIRECTION I [0.9993446165447917, 0.0006553834552082691] 
PROD021_I 18 [0.0003429773747693556, 0.0003429773747693556, 0.0003429773747693556, 0.0003429773747693556, 0.9962272488775371, 0.0003429773747693556, 0.0003429773747693556, 0.0003429773747693556, 0.0003429773747693556, 0.0003429773747693556, 0.0003429773747693556, 0.0003429773747693556] 
PROD021_J 40 [0.00045027194313405813, 0.00045027194313405813, 0.00045027194313405813, 0.9972983683411957, 0.00045027194313405813, 0.00045027194313405813, 0.00045027194313405813] 
PROD021_K 3 [0.0006006451892588207, 0.0006006451892588207, 0.9987987096214823] 
PROD023A_DIRECTION J [0.0006553834552082691, 0.9993446165447917] 
PROD023A_I 56 [0.997941232872794, 0.0005146917818015238, 0.0005146917818014937, 0.0005146917818014937, 0.0005146917818014937] 
PROD023A_J 18 [0.00048033008601679113, 0.00048033008601679113, 0.00048033008601679113, 0.00048033008601679113, 0.00048033008601679113, 0.997598349569916] 
PROD023A_K 3 [0.0006006206580078034, 0.0006007813036328981, 0.9987985980383594] 
PROD024A_I 56 [0.9972983683411957, 0.0004502719431340581, 0.0004502719431340581, 0.0004502719431340581, 0.0004502719431340581, 0.0004502719431340581, 0.0004502719431340581] 
PROD024A_J 36 [0.000554353447029803, 0.000554353447029803, 0.000554353447029803, 0.9983369396589106] 
PROD024A_K 2 [0.0006006451892781749, 0.9987987096214712, 0.0006006451892505678] 
PROD025A_DIRECTION J [0.0006553834552082691, 0.9993446165447917] 
PROD025A_I 54 [0.997598349569916, 0.00048033008601679113, 0.00048033008601679113, 0.00048033008601679113, 0.00048033008601679113, 0.00048033008601679113] 
PROD025A_J 23 [0.0005146917818015002, 0.0005146917818015002, 0.997941232872794, 0.0005146917818015002, 0.0005146917818015002] 
PROD025A_K 1 [0.9987987096214823, 0.0006006451892588207, 0.0006006451892588207] 
PROD026_DIRECTION I [0.9987452138765527, 0.0012547861234473497] 
PROD026_I 49 [0.0005146917818015003, 0.0005146917818015003, 0.0005146917818015003, 0.0005146917818015003, 0.997941232872794] 
PROD026_J 6 [0.00045027194313405325, 0.0004502719431340869, 0.9972983683411957, 0.00045027194313405325, 0.00045027194313405325, 0.00045027194313405325, 0.00045027194313405325] 
PROD026_K 2 [0.0006006451892588205, 0.9987987096214823, 0.0006006451892588207] 
INJ006_I 50 [0.00048033008601679113, 0.997598349569916, 0.00048033008601679113, 0.00048033008601679113, 0.00048033008601679113, 0.00048033008601679113] 
INJ006_J 25 [0.00042375610697211385, 0.00042375610697211385, 0.00042375610697211385, 0.00042375610697211385, 0.9970337072511952, 0.00042375610697211385, 0.00042375610697211385, 0.00042375610697211385] 
INJ006_K 13 [0.0005543534467664215, 0.0005543534479828161, 0.9983369396584844, 0.0005543534467664215] 
INJ010_DIRECTION I [0.9993446165447917, 0.0006553834552082691] 
INJ010_I 72 [0.0005146917818015003, 0.0005146917818015003, 0.0005146917818015003, 0.0005146917818015003, 0.997941232872794] 
INJ010_J 34 [0.0005146917818015002, 0.0005146917818015002, 0.997941232872794, 0.0005146917818015002, 0.0005146917818015002] 
INJ010_K 6 [0.9983369396589101, 0.0005543534470309838, 0.0005543534470294228, 0.0005543534470294228] 
INJ017_DIRECTION I [0.9993446165447917, 0.0006553834552082691] 
INJ017_I 38 [0.00048033008601679113, 0.00048033008601679113, 0.00048033008601679113, 0.00048033008601679113, 0.00048033008601679113, 0.997598349569916] 
INJ017_J 14 [0.9972983683411957, 0.0004502719431340581, 0.0004502719431340581, 0.0004502719431340581, 0.0004502719431340581, 0.0004502719431340581, 0.0004502719431340581] 
INJ017_K 7 [0.997941232872794, 0.0005146917818015002, 0.0005146917818015002, 0.0005146917818015002, 0.0005146917818015002] 
INJ019_DIRECTION J [0.0006553834552082691, 0.9993446165447917] 
INJ019_I 32 [0.00048033008601679113, 0.00048033008601679113, 0.00048033008601679113, 0.00048033008601679113, 0.997598349569916, 0.00048033008601679113] 
INJ019_J 47 [0.0005543534433396705, 0.000554353463667644, 0.998336939649653, 0.0005543534433396705] 
INJ019_K 6 [0.9983363929855128, 0.0005551513364003767, 0.000554227839043409, 0.000554227839043409] 
INJ021_DIRECTION J [0.0006553834552082691, 0.9993446165447917] 
INJ021_I 25 [0.0004001909559579036, 0.0004001909559579036, 0.0004001909559579036, 0.0004001909559579036, 0.9967984723523368, 0.0004001909559579036, 0.0004001909559579036, 0.0004001909559579036, 0.0004001909559579036] 
INJ021_J 27 [0.00048033008601679113, 0.00048033008601679113, 0.997598349569916, 0.00048033008601679113, 0.00048033008601679113, 0.00048033008601679113] 
INJ021_K 16 [0.000554353447029803, 0.000554353447029803, 0.000554353447029803, 0.9983369396589106] 
INJ022_DIRECTION I [0.9993446165447917, 0.0006553834552082691] 
INJ022_I 65 [0.997941232872794, 0.0005146917818015002, 0.0005146917818015002, 0.0005146917818015002, 0.0005146917818015002] 
INJ022_J 20 [0.9983369396589106, 0.000554353447029803, 0.000554353447029803, 0.000554353447029803] 
INJ022_K 12 [0.0005146917818015003, 0.0005146917818015003, 0.0005146917818015003, 0.997941232872794, 0.0005146917818015003] 
INJ023_DIRECTION I [0.9993446165447842, 0.0006553834552157295] 
INJ023_I 45 [0.00048033008601679113, 0.00048033008601679113, 0.00048033008601679113, 0.00048033008601679113, 0.00048033008601679113, 0.997598349569916] 
INJ023_J 19 [0.00048033008601679113, 0.00048033008601679113, 0.00048033008601679113, 0.00048033008601679113, 0.00048033008601679113, 0.997598349569916] 
INJ023_K 15 [0.0006553834552082691, 0.9993446165447917] 
NA1A_CONSIDER 1 [0.0006553834552082691, 0.9993446165447917] 

Elite 3 OF_MAX_VPL 2961756846.0
NA2_CONSIDER 0 [0.9993446165447917, 0.0006553834552082691] 
NA3D_CONSIDER 0 [0.9993446165447917, 0.0006553834552082691] 
PltPRDSTL_PltPRDSTO 19375 [0.00037910972118394983, 0.00037910972118394983, 0.00037910972118394983, 0.00037910972118394983, 0.00037910972118394983, 0.9965880125093445, 0.00037910972118394983, 0.00037910972118394983, 0.00037910972118394983, 0.00037910972118394983] 
PltPRDSTW 11857.5 [0.9975983489077442, 0.0004803320045135296, 0.0004803297719355731, 0.0004803297719355731, 0.0004803297719355731, 0.0004803297719355731] 
PltINJSTW 32550 [0.9962272488775371, 0.0003429773747693556, 0.0003429773747693556, 0.0003429773747693556, 0.0003429773747693556, 0.0003429773747693556, 0.0003429773747693556, 0.0003429773747693556, 0.0003429773747693556, 0.0003429773747693556, 0.0003429773747693556, 0.0003429773747693556] 
PROD005_DIRECTION I [0.9993446165447917, 0.0006553834552082691] 
PROD005_I 29 [0.0005543534470298015, 0.0005543534470298069, 0.0005543534470298015, 0.9983369396589106] 
PROD005_J 22 [0.0004237561069721138, 0.0004237561069721138, 0.00042375610697211385, 0.0004237561069721138, 0.0004237561069721138, 0.0004237561069721138, 0.9970337072511952, 0.0004237561069721138] 
PROD005_K 2 [0.0006006451892588207, 0.9987987096214823, 0.0006006451892588207] 
PROD006_I 53 [0.0005543534470298015, 0.0005543534470298069, 0.9983369396589106, 0.0005543534470298015] 
PROD006_J 3 [0.0006553834552082705, 0.9993446165447917] 
PROD007_I 59 [0.997941232872794, 0.0005146917818015002, 0.0005146917818015002, 0.0005146917818015002, 0.0005146917818015002] 
PROD007_J 10 [0.9987987096214823, 0.0006006451892588207, 0.0006006451892588207] 
PROD009_DIRECTION I [0.9993446165447917, 0.0006553834552082691] 
PROD009_I 6 [0.0005146917818015002, 0.997941232872794, 0.0005146917818015002, 0.0005146917818015002, 0.0005146917818015002] 
PROD009_J 40 [0.00045027194313405813, 0.00045027194313405813, 0.9972983683411957, 0.00045027194313405813, 0.00045027194313405813, 0.00045027194313405813, 0.00045027194313405813] 
PROD009_K 1 [0.9987987096214823, 0.0006006451892588207, 0.0006006451892588207] 
PROD010_DIRECTION I [0.9993446165447917, 0.0006553834552082691] 
PROD010_I 31 [0.00042375610697211385, 0.00042375610697211385, 0.9970337072511952, 0.00042375610697211385, 0.00042375610697211385, 0.00042375610697211385, 0.00042375610697211385, 0.00042375610697211385] 
PROD010_J 35 [0.00045027194313405813, 0.00045027194313405813, 0.00045027194313405813, 0.00045027194313405813, 0.00045027194313405834, 0.9972983683411957, 0.00045027194313405813] 
PROD010_K 2 [0.0006006451892588207, 0.9987987096214823, 0.0006006451892588207] 
PROD012_DIRECTION J [0.0006553834552082691, 0.9993446165447917] 
PROD012_I 39 [0.0004001909559579036, 0.0004001909559579036, 0.9967984723523368, 0.0004001909559579036, 0.0004001909559579036, 0.0004001909559579036, 0.0004001909559579036, 0.0004001909559579036, 0.0004001909559579036] 
PROD012_J 30 [0.9963986081046383, 0.00036013918953617353, 0.00036013918953617353, 0.00036013918953617353, 0.00036013918953617353, 0.00036013918953617353, 0.00036013918953617353, 0.00036013918953617353, 0.00036013918953617353, 0.00036013918953617353, 0.00036013918953617353] 
PROD012_K 3 [0.0006006451892588207, 0.0006006451892588207, 0.9987987096214823] 
PROD014_DIRECTION I [0.9993446165447917, 0.0006553834552082691] 
PROD014_I 48 [0.00045027194313405813, 0.00045027194313405813, 0.9972983683411957, 0.00045027194313405813, 0.00045027194313405813, 0.00045027194313405813, 0.00045027194313405813] 
PROD014_J 39 [0.00037910972118394983, 0.00037910972118394983, 0.00037910972118394983, 0.00037910972118394983, 0.00037910972118394983, 0.9965880125093445, 0.00037910972118394983, 0.00037910972118394983, 0.00037910972118394983, 0.00037910972118394983] 
PROD014_K 1 [0.9987410527297638, 0.0006640652903532495, 0.0005948819798830041] 
PROD021_DIRECTION I [0.9993446165447917, 0.0006553834552082691] 
PROD021_I 18 [0.0003429773747693556, 0.0003429773747693556, 0.0003429773747693556, 0.0003429773747693556, 0.9962272488775371, 0.0003429773747693556, 0.0003429773747693556, 0.0003429773747693556, 0.0003429773747693556, 0.0003429773747693556, 0.0003429773747693556, 0.0003429773747693556] 
PROD021_J 40 [0.00045027194313405813, 0.00045027194313405813, 0.00045027194313405813, 0.9972983683411957, 0.00045027194313405813, 0.00045027194313405813, 0.00045027194313405813] 
PROD021_K 3 [0.0006006451892588207, 0.0006006451892588207, 0.9987987096214823] 
PROD023A_DIRECTION J [0.0006553834552082691, 0.9993446165447917] 
PROD023A_I 56 [0.997941232872794, 0.0005146917818015238, 0.0005146917818014937, 0.0005146917818014937, 0.0005146917818014937] 
PROD023A_J 18 [0.00048033008601679113, 0.00048033008601679113, 0.00048033008601679113, 0.00048033008601679113, 0.00048033008601679113, 0.997598349569916] 
PROD023A_K 3 [0.0006006206580078034, 0.0006007813036328981, 0.9987985980383594] 
PROD024A_I 56 [0.9972983683411957, 0.0004502719431340581, 0.0004502719431340581, 0.0004502719431340581, 0.0004502719431340581, 0.0004502719431340581, 0.0004502719431340581] 
PROD024A_J 36 [0.000554353447029803, 0.000554353447029803, 0.000554353447029803, 0.9983369396589106] 
PROD024A_K 2 [0.0006006451892781749, 0.9987987096214712, 0.0006006451892505678] 
PROD025A_DIRECTION J [0.0006553834552082691, 0.9993446165447917] 
PROD025A_I 54 [0.997598349569916, 0.00048033008601679113, 0.00048033008601679113, 0.00048033008601679113, 0.00048033008601679113, 0.00048033008601679113] 
PROD025A_J 23 [0.0005146917818015002, 0.0005146917818015002, 0.997941232872794, 0.0005146917818015002, 0.0005146917818015002] 
PROD025A_K 1 [0.9987987096214823, 0.0006006451892588207, 0.0006006451892588207] 
PROD026_DIRECTION I [0.9987452138765527, 0.0012547861234473497] 
PROD026_I 49 [0.0005146917818015003, 0.0005146917818015003, 0.0005146917818015003, 0.0005146917818015003, 0.997941232872794] 
PROD026_J 6 [0.00045027194313405325, 0.0004502719431340869, 0.9972983683411957, 0.00045027194313405325, 0.00045027194313405325, 0.00045027194313405325, 0.00045027194313405325] 
PROD026_K 2 [0.0006006451892588205, 0.9987987096214823, 0.0006006451892588207] 
INJ006_I 50 [0.00048033008601679113, 0.997598349569916, 0.00048033008601679113, 0.00048033008601679113, 0.00048033008601679113, 0.00048033008601679113] 
INJ006_J 25 [0.00042375610697211385, 0.00042375610697211385, 0.00042375610697211385, 0.00042375610697211385, 0.9970337072511952, 0.00042375610697211385, 0.00042375610697211385, 0.00042375610697211385] 
INJ006_K 13 [0.0005543534467664215, 0.0005543534479828161, 0.9983369396584844, 0.0005543534467664215] 
INJ010_DIRECTION I [0.9993446165447917, 0.0006553834552082691] 
INJ010_I 72 [0.0005146917818015003, 0.0005146917818015003, 0.0005146917818015003, 0.0005146917818015003, 0.997941232872794] 
INJ010_J 34 [0.0005146917818015002, 0.0005146917818015002, 0.997941232872794, 0.0005146917818015002, 0.0005146917818015002] 
INJ010_K 6 [0.9983369396589101, 0.0005543534470309838, 0.0005543534470294228, 0.0005543534470294228] 
INJ017_DIRECTION I [0.9993446165447917, 0.0006553834552082691] 
INJ017_I 38 [0.00048033008601679113, 0.00048033008601679113, 0.00048033008601679113, 0.00048033008601679113, 0.00048033008601679113, 0.997598349569916] 
INJ017_J 14 [0.9972983683411957, 0.0004502719431340581, 0.0004502719431340581, 0.0004502719431340581, 0.0004502719431340581, 0.0004502719431340581, 0.0004502719431340581] 
INJ017_K 7 [0.997941232872794, 0.0005146917818015002, 0.0005146917818015002, 0.0005146917818015002, 0.0005146917818015002] 
INJ019_DIRECTION J [0.0006553834552082691, 0.9993446165447917] 
INJ019_I 32 [0.00048033008601679113, 0.00048033008601679113, 0.00048033008601679113, 0.00048033008601679113, 0.997598349569916, 0.00048033008601679113] 
INJ019_J 47 [0.0005543534433396705, 0.000554353463667644, 0.998336939649653, 0.0005543534433396705] 
INJ019_K 6 [0.9983363929855128, 0.0005551513364003767, 0.000554227839043409, 0.000554227839043409] 
INJ021_DIRECTION J [0.0006553834552082691, 0.9993446165447917] 
INJ021_I 25 [0.0004001909559579036, 0.0004001909559579036, 0.0004001909559579036, 0.0004001909559579036, 0.9967984723523368, 0.0004001909559579036, 0.0004001909559579036, 0.0004001909559579036, 0.0004001909559579036] 
INJ021_J 27 [0.00048033008601679113, 0.00048033008601679113, 0.997598349569916, 0.00048033008601679113, 0.00048033008601679113, 0.00048033008601679113] 
INJ021_K 16 [0.000554353447029803, 0.000554353447029803, 0.000554353447029803, 0.9983369396589106] 
INJ022_DIRECTION I [0.9993446165447917, 0.0006553834552082691] 
INJ022_I 65 [0.997941232872794, 0.0005146917818015002, 0.0005146917818015002, 0.0005146917818015002, 0.0005146917818015002] 
INJ022_J 20 [0.9983369396589106, 0.000554353447029803, 0.000554353447029803, 0.000554353447029803] 
INJ022_K 12 [0.0005146917818015003, 0.0005146917818015003, 0.0005146917818015003, 0.997941232872794, 0.0005146917818015003] 
INJ023_DIRECTION I [0.9993446165447842, 0.0006553834552157295] 
INJ023_I 45 [0.00048033008601679113, 0.00048033008601679113, 0.00048033008601679113, 0.00048033008601679113, 0.00048033008601679113, 0.997598349569916] 
INJ023_J 19 [0.00048033008601679113, 0.00048033008601679113, 0.00048033008601679113, 0.00048033008601679113, 0.00048033008601679113, 0.997598349569916] 
INJ023_K 15 [0.0006553834552082691, 0.9993446165447917] 
NA1A_CONSIDER 1 [0.0006553834552082691, 0.9993446165447917] 

Elite 4 OF_MAX_VPL 2961756846.0
NA2_CONSIDER 0 [0.9993446165447917, 0.0006553834552082691] 
NA3D_CONSIDER 0 [0.9993446165447917, 0.0006553834552082691] 
PltPRDSTL_PltPRDSTO 19375 [0.00037910972118394983, 0.00037910972118394983, 0.00037910972118394983, 0.00037910972118394983, 0.00037910972118394983, 0.9965880125093445, 0.00037910972118394983, 0.00037910972118394983, 0.00037910972118394983, 0.00037910972118394983] 
PltPRDSTW 11857.5 [0.9975983489077442, 0.0004803320045135296, 0.0004803297719355731, 0.0004803297719355731, 0.0004803297719355731, 0.0004803297719355731] 
PltINJSTW 32550 [0.9962272488775371, 0.0003429773747693556, 0.0003429773747693556, 0.0003429773747693556, 0.0003429773747693556, 0.0003429773747693556, 0.0003429773747693556, 0.0003429773747693556, 0.0003429773747693556, 0.0003429773747693556, 0.0003429773747693556, 0.0003429773747693556] 
PROD005_DIRECTION I [0.9993446165447917, 0.0006553834552082691] 
PROD005_I 29 [0.0005543534470298015, 0.0005543534470298069, 0.0005543534470298015, 0.9983369396589106] 
PROD005_J 22 [0.0004237561069721138, 0.0004237561069721138, 0.00042375610697211385, 0.0004237561069721138, 0.0004237561069721138, 0.0004237561069721138, 0.9970337072511952, 0.0004237561069721138] 
PROD005_K 2 [0.0006006451892588207, 0.9987987096214823, 0.0006006451892588207] 
PROD006_I 53 [0.0005543534470298015, 0.0005543534470298069, 0.9983369396589106, 0.0005543534470298015] 
PROD006_J 3 [0.0006553834552082705, 0.9993446165447917] 
PROD007_I 59 [0.997941232872794, 0.0005146917818015002, 0.0005146917818015002, 0.0005146917818015002, 0.0005146917818015002] 
PROD007_J 10 [0.9987987096214823, 0.0006006451892588207, 0.0006006451892588207] 
PROD009_DIRECTION I [0.9993446165447917, 0.0006553834552082691] 
PROD009_I 6 [0.0005146917818015002, 0.997941232872794, 0.0005146917818015002, 0.0005146917818015002, 0.0005146917818015002] 
PROD009_J 40 [0.00045027194313405813, 0.00045027194313405813, 0.9972983683411957, 0.00045027194313405813, 0.00045027194313405813, 0.00045027194313405813, 0.00045027194313405813] 
PROD009_K 1 [0.9987987096214823, 0.0006006451892588207, 0.0006006451892588207] 
PROD010_DIRECTION I [0.9993446165447917, 0.0006553834552082691] 
PROD010_I 31 [0.00042375610697211385, 0.00042375610697211385, 0.9970337072511952, 0.00042375610697211385, 0.00042375610697211385, 0.00042375610697211385, 0.00042375610697211385, 0.00042375610697211385] 
PROD010_J 35 [0.00045027194313405813, 0.00045027194313405813, 0.00045027194313405813, 0.00045027194313405813, 0.00045027194313405834, 0.9972983683411957, 0.00045027194313405813] 
PROD010_K 2 [0.0006006451892588207, 0.9987987096214823, 0.0006006451892588207] 
PROD012_DIRECTION J [0.0006553834552082691, 0.9993446165447917] 
PROD012_I 39 [0.0004001909559579036, 0.0004001909559579036, 0.9967984723523368, 0.0004001909559579036, 0.0004001909559579036, 0.0004001909559579036, 0.0004001909559579036, 0.0004001909559579036, 0.0004001909559579036] 
PROD012_J 30 [0.9963986081046383, 0.00036013918953617353, 0.00036013918953617353, 0.00036013918953617353, 0.00036013918953617353, 0.00036013918953617353, 0.00036013918953617353, 0.00036013918953617353, 0.00036013918953617353, 0.00036013918953617353, 0.00036013918953617353] 
PROD012_K 3 [0.0006006451892588207, 0.0006006451892588207, 0.9987987096214823] 
PROD014_DIRECTION I [0.9993446165447917, 0.0006553834552082691] 
PROD014_I 48 [0.00045027194313405813, 0.00045027194313405813, 0.9972983683411957, 0.00045027194313405813, 0.00045027194313405813, 0.00045027194313405813, 0.00045027194313405813] 
PROD014_J 39 [0.00037910972118394983, 0.00037910972118394983, 0.00037910972118394983, 0.00037910972118394983, 0.00037910972118394983, 0.9965880125093445, 0.00037910972118394983, 0.00037910972118394983, 0.00037910972118394983, 0.00037910972118394983] 
PROD014_K 1 [0.9259410527297638, 0.07346406529035321, 0.0005948819798830041] 
PROD021_DIRECTION I [0.9993446165447917, 0.0006553834552082691] 
PROD021_I 18 [0.0003429773747693556, 0.0003429773747693556, 0.0003429773747693556, 0.0003429773747693556, 0.9962272488775371, 0.0003429773747693556, 0.0003429773747693556, 0.0003429773747693556, 0.0003429773747693556, 0.0003429773747693556, 0.0003429773747693556, 0.0003429773747693556] 
PROD021_J 40 [0.00045027194313405813, 0.00045027194313405813, 0.00045027194313405813, 0.9972983683411957, 0.00045027194313405813, 0.00045027194313405813, 0.00045027194313405813] 
PROD021_K 3 [0.0006006451892588207, 0.0006006451892588207, 0.9987987096214823] 
PROD023A_DIRECTION J [0.0006553834552082691, 0.9993446165447917] 
PROD023A_I 56 [0.997941232872794, 0.0005146917818015238, 0.0005146917818014937, 0.0005146917818014937, 0.0005146917818014937] 
PROD023A_J 18 [0.00048033008601679113, 0.00048033008601679113, 0.00048033008601679113, 0.00048033008601679113, 0.00048033008601679113, 0.997598349569916] 
PROD023A_K 3 [0.0006006206580078034, 0.0006007813036328981, 0.9987985980383594] 
PROD024A_I 56 [0.9972983683411957, 0.0004502719431340581, 0.0004502719431340581, 0.0004502719431340581, 0.0004502719431340581, 0.0004502719431340581, 0.0004502719431340581] 
PROD024A_J 36 [0.000554353447029803, 0.000554353447029803, 0.000554353447029803, 0.9983369396589106] 
PROD024A_K 2 [0.0006006451892781749, 0.9987987096214712, 0.0006006451892505678] 
PROD025A_DIRECTION J [0.0006553834552082691, 0.9993446165447917] 
PROD025A_I 54 [0.997598349569916, 0.00048033008601679113, 0.00048033008601679113, 0.00048033008601679113, 0.00048033008601679113, 0.00048033008601679113] 
PROD025A_J 23 [0.0005146917818015002, 0.0005146917818015002, 0.997941232872794, 0.0005146917818015002, 0.0005146917818015002] 
PROD025A_K 1 [0.9987987096214823, 0.0006006451892588207, 0.0006006451892588207] 
PROD026_DIRECTION I [0.9987452138765527, 0.0012547861234473497] 
PROD026_I 49 [0.0005146917818015003, 0.0005146917818015003, 0.0005146917818015003, 0.0005146917818015003, 0.997941232872794] 
PROD026_J 6 [0.00045027194313405325, 0.0004502719431340869, 0.9972983683411957, 0.00045027194313405325, 0.00045027194313405325, 0.00045027194313405325, 0.00045027194313405325] 
PROD026_K 2 [0.0006006451892588205, 0.9987987096214823, 0.0006006451892588207] 
INJ006_I 50 [0.00048033008601679113, 0.997598349569916, 0.00048033008601679113, 0.00048033008601679113, 0.00048033008601679113, 0.00048033008601679113] 
INJ006_J 25 [0.00042375610697211385, 0.00042375610697211385, 0.00042375610697211385, 0.00042375610697211385, 0.9970337072511952, 0.00042375610697211385, 0.00042375610697211385, 0.00042375610697211385] 
INJ006_K 13 [0.0005543534467664215, 0.0005543534479828161, 0.9983369396584844, 0.0005543534467664215] 
INJ010_DIRECTION I [0.9993446165447917, 0.0006553834552082691] 
INJ010_I 72 [0.0005146917818015003, 0.0005146917818015003, 0.0005146917818015003, 0.0005146917818015003, 0.997941232872794] 
INJ010_J 34 [0.0005146917818015002, 0.0005146917818015002, 0.997941232872794, 0.0005146917818015002, 0.0005146917818015002] 
INJ010_K 6 [0.9983369396589101, 0.0005543534470309838, 0.0005543534470294228, 0.0005543534470294228] 
INJ017_DIRECTION I [0.9993446165447917, 0.0006553834552082691] 
INJ017_I 38 [0.00048033008601679113, 0.00048033008601679113, 0.00048033008601679113, 0.00048033008601679113, 0.00048033008601679113, 0.997598349569916] 
INJ017_J 14 [0.9972983683411957, 0.0004502719431340581, 0.0004502719431340581, 0.0004502719431340581, 0.0004502719431340581, 0.0004502719431340581, 0.0004502719431340581] 
INJ017_K 7 [0.997941232872794, 0.0005146917818015002, 0.0005146917818015002, 0.0005146917818015002, 0.0005146917818015002] 
INJ019_DIRECTION J [0.0006553834552082691, 0.9993446165447917] 
INJ019_I 32 [0.00048033008601679113, 0.00048033008601679113, 0.00048033008601679113, 0.00048033008601679113, 0.997598349569916, 0.00048033008601679113] 
INJ019_J 47 [0.0005543534433396705, 0.000554353463667644, 0.998336939649653, 0.0005543534433396705] 
INJ019_K 6 [0.9983363929855128, 0.0005551513364003767, 0.000554227839043409, 0.000554227839043409] 
INJ021_DIRECTION J [0.0006553834552082691, 0.9993446165447917] 
INJ021_I 25 [0.0004001909559579036, 0.0004001909559579036, 0.0004001909559579036, 0.0004001909559579036, 0.9967984723523368, 0.0004001909559579036, 0.0004001909559579036, 0.0004001909559579036, 0.0004001909559579036] 
INJ021_J 27 [0.00048033008601679113, 0.00048033008601679113, 0.997598349569916, 0.00048033008601679113, 0.00048033008601679113, 0.00048033008601679113] 
INJ021_K 16 [0.000554353447029803, 0.000554353447029803, 0.000554353447029803, 0.9983369396589106] 
INJ022_DIRECTION I [0.9993446165447917, 0.0006553834552082691] 
INJ022_I 65 [0.997941232872794, 0.0005146917818015002, 0.0005146917818015002, 0.0005146917818015002, 0.0005146917818015002] 
INJ022_J 20 [0.9983369396589106, 0.000554353447029803, 0.000554353447029803, 0.000554353447029803] 
INJ022_K 12 [0.0005146917818015003, 0.0005146917818015003, 0.0005146917818015003, 0.997941232872794, 0.0005146917818015003] 
INJ023_DIRECTION I [0.9993446165447842, 0.0006553834552157295] 
INJ023_I 45 [0.00048033008601679113, 0.00048033008601679113, 0.00048033008601679113, 0.00048033008601679113, 0.00048033008601679113, 0.997598349569916] 
INJ023_J 19 [0.00048033008601679113, 0.00048033008601679113, 0.00048033008601679113, 0.00048033008601679113, 0.00048033008601679113, 0.997598349569916] 
INJ023_K 15 [0.0006553834552082691, 0.9993446165447917] 
NA1A_CONSIDER 1 [0.0006553834552082691, 0.9993446165447917] 

Elite 5 OF_MAX_VPL 2961756846.0
NA2_CONSIDER 0 [0.9993446165447917, 0.0006553834552082691] 
NA3D_CONSIDER 0 [0.9993446165447917, 0.0006553834552082691] 
PltPRDSTL_PltPRDSTO 19375 [0.00037910972118394983, 0.00037910972118394983, 0.00037910972118394983, 0.00037910972118394983, 0.00037910972118394983, 0.9965880125093445, 0.00037910972118394983, 0.00037910972118394983, 0.00037910972118394983, 0.00037910972118394983] 
PltPRDSTW 11857.5 [0.9975983489077442, 0.0004803320045135296, 0.0004803297719355731, 0.0004803297719355731, 0.0004803297719355731, 0.0004803297719355731] 
PltINJSTW 32550 [0.9962272488775371, 0.0003429773747693556, 0.0003429773747693556, 0.0003429773747693556, 0.0003429773747693556, 0.0003429773747693556, 0.0003429773747693556, 0.0003429773747693556, 0.0003429773747693556, 0.0003429773747693556, 0.0003429773747693556, 0.0003429773747693556] 
PROD005_DIRECTION I [0.9993446165447917, 0.0006553834552082691] 
PROD005_I 29 [0.0005543534470298015, 0.0005543534470298069, 0.0005543534470298015, 0.9983369396589106] 
PROD005_J 22 [0.0004237561069721138, 0.0004237561069721138, 0.00042375610697211385, 0.0004237561069721138, 0.0004237561069721138, 0.0004237561069721138, 0.9970337072511952, 0.0004237561069721138] 
PROD005_K 2 [0.0006006451892588207, 0.9987987096214823, 0.0006006451892588207] 
PROD006_I 53 [0.0005543534470298015, 0.0005543534470298069, 0.07833693965891055, 0.9205543534470298] 
PROD006_J 3 [0.0006553834552082705, 0.9993446165447917] 
PROD007_I 59 [0.997941232872794, 0.0005146917818015002, 0.0005146917818015002, 0.0005146917818015002, 0.0005146917818015002] 
PROD007_J 10 [0.9987987096214823, 0.0006006451892588207, 0.0006006451892588207] 
PROD009_DIRECTION I [0.9993446165447917, 0.0006553834552082691] 
PROD009_I 6 [0.0005146917818015002, 0.997941232872794, 0.0005146917818015002, 0.0005146917818015002, 0.0005146917818015002] 
PROD009_J 40 [0.00045027194313405813, 0.00045027194313405813, 0.9972983683411957, 0.00045027194313405813, 0.00045027194313405813, 0.00045027194313405813, 0.00045027194313405813] 
PROD009_K 1 [0.9987987096214823, 0.0006006451892588207, 0.0006006451892588207] 
PROD010_DIRECTION I [0.9993446165447917, 0.0006553834552082691] 
PROD010_I 31 [0.00042375610697211385, 0.00042375610697211385, 0.9970337072511952, 0.00042375610697211385, 0.00042375610697211385, 0.00042375610697211385, 0.00042375610697211385, 0.00042375610697211385] 
PROD010_J 35 [0.00045027194313405813, 0.00045027194313405813, 0.00045027194313405813, 0.00045027194313405813, 0.00045027194313405834, 0.9972983683411957, 0.00045027194313405813] 
PROD010_K 2 [0.0006006451892588207, 0.9987987096214823, 0.0006006451892588207] 
PROD012_DIRECTION J [0.0006553834552082691, 0.9993446165447917] 
PROD012_I 39 [0.0004001909559579036, 0.0004001909559579036, 0.9967984723523368, 0.0004001909559579036, 0.0004001909559579036, 0.0004001909559579036, 0.0004001909559579036, 0.0004001909559579036, 0.0004001909559579036] 
PROD012_J 30 [0.9963986081046383, 0.00036013918953617353, 0.00036013918953617353, 0.00036013918953617353, 0.00036013918953617353, 0.00036013918953617353, 0.00036013918953617353, 0.00036013918953617353, 0.00036013918953617353, 0.00036013918953617353, 0.00036013918953617353] 
PROD012_K 3 [0.0006006451892588207, 0.0006006451892588207, 0.9987987096214823] 
PROD014_DIRECTION I [0.9993446165447917, 0.0006553834552082691] 
PROD014_I 48 [0.00045027194313405813, 0.00045027194313405813, 0.9972983683411957, 0.00045027194313405813, 0.00045027194313405813, 0.00045027194313405813, 0.00045027194313405813] 
PROD014_J 39 [0.00037910972118394983, 0.00037910972118394983, 0.00037910972118394983, 0.00037910972118394983, 0.00037910972118394983, 0.9965880125093445, 0.00037910972118394983, 0.00037910972118394983, 0.00037910972118394983, 0.00037910972118394983] 
PROD014_K 1 [0.9987410527297638, 0.0006640652903532495, 0.0005948819798830041] 
PROD021_DIRECTION I [0.9993446165447917, 0.0006553834552082691] 
PROD021_I 18 [0.0003429773747693556, 0.0003429773747693556, 0.0003429773747693556, 0.0003429773747693556, 0.9962272488775371, 0.0003429773747693556, 0.0003429773747693556, 0.0003429773747693556, 0.0003429773747693556, 0.0003429773747693556, 0.0003429773747693556, 0.0003429773747693556] 
PROD021_J 40 [0.00045027194313405813, 0.00045027194313405813, 0.00045027194313405813, 0.9972983683411957, 0.00045027194313405813, 0.00045027194313405813, 0.00045027194313405813] 
PROD021_K 3 [0.0006006451892588207, 0.0006006451892588207, 0.9987987096214823] 
PROD023A_DIRECTION J [0.0006553834552082691, 0.9993446165447917] 
PROD023A_I 56 [0.997941232872794, 0.0005146917818015238, 0.0005146917818014937, 0.0005146917818014937, 0.0005146917818014937] 
PROD023A_J 18 [0.00048033008601679113, 0.00048033008601679113, 0.00048033008601679113, 0.00048033008601679113, 0.00048033008601679113, 0.997598349569916] 
PROD023A_K 3 [0.0006006206580078034, 0.0006007813036328981, 0.9987985980383594] 
PROD024A_I 56 [0.9972983683411957, 0.0004502719431340581, 0.0004502719431340581, 0.0004502719431340581, 0.0004502719431340581, 0.0004502719431340581, 0.0004502719431340581] 
PROD024A_J 36 [0.000554353447029803, 0.000554353447029803, 0.000554353447029803, 0.9983369396589106] 
PROD024A_K 2 [0.0006006451892781749, 0.9987987096214712, 0.0006006451892505678] 
PROD025A_DIRECTION J [0.0006553834552082691, 0.9993446165447917] 
PROD025A_I 54 [0.997598349569916, 0.00048033008601679113, 0.00048033008601679113, 0.00048033008601679113, 0.00048033008601679113, 0.00048033008601679113] 
PROD025A_J 23 [0.0005146917818015002, 0.0005146917818015002, 0.997941232872794, 0.0005146917818015002, 0.0005146917818015002] 
PROD025A_K 1 [0.9987987096214823, 0.0006006451892588207, 0.0006006451892588207] 
PROD026_DIRECTION I [0.9987452138765527, 0.0012547861234473497] 
PROD026_I 49 [0.0005146917818015003, 0.0005146917818015003, 0.0005146917818015003, 0.0005146917818015003, 0.997941232872794] 
PROD026_J 6 [0.00045027194313405325, 0.0004502719431340869, 0.9972983683411957, 0.00045027194313405325, 0.00045027194313405325, 0.00045027194313405325, 0.00045027194313405325] 
PROD026_K 2 [0.0006006451892588205, 0.9987987096214823, 0.0006006451892588207] 
INJ006_I 50 [0.00048033008601679113, 0.997598349569916, 0.00048033008601679113, 0.00048033008601679113, 0.00048033008601679113, 0.00048033008601679113] 
INJ006_J 25 [0.00042375610697211385, 0.00042375610697211385, 0.00042375610697211385, 0.00042375610697211385, 0.9970337072511952, 0.00042375610697211385, 0.00042375610697211385, 0.00042375610697211385] 
INJ006_K 13 [0.0005543534467664215, 0.0005543534479828161, 0.9983369396584844, 0.0005543534467664215] 
INJ010_DIRECTION I [0.9993446165447917, 0.0006553834552082691] 
INJ010_I 72 [0.0005146917818015003, 0.0005146917818015003, 0.0005146917818015003, 0.0005146917818015003, 0.997941232872794] 
INJ010_J 34 [0.0005146917818015002, 0.0005146917818015002, 0.997941232872794, 0.0005146917818015002, 0.0005146917818015002] 
INJ010_K 6 [0.9983369396589101, 0.0005543534470309838, 0.0005543534470294228, 0.0005543534470294228] 
INJ017_DIRECTION I [0.9993446165447917, 0.0006553834552082691] 
INJ017_I 38 [0.00048033008601679113, 0.00048033008601679113, 0.00048033008601679113, 0.00048033008601679113, 0.00048033008601679113, 0.997598349569916] 
INJ017_J 14 [0.9972983683411957, 0.0004502719431340581, 0.0004502719431340581, 0.0004502719431340581, 0.0004502719431340581, 0.0004502719431340581, 0.0004502719431340581] 
INJ017_K 7 [0.997941232872794, 0.0005146917818015002, 0.0005146917818015002, 0.0005146917818015002, 0.0005146917818015002] 
INJ019_DIRECTION J [0.0006553834552082691, 0.9993446165447917] 
INJ019_I 32 [0.00048033008601679113, 0.00048033008601679113, 0.00048033008601679113, 0.00048033008601679113, 0.997598349569916, 0.00048033008601679113] 
INJ019_J 47 [0.0005543534433396705, 0.000554353463667644, 0.998336939649653, 0.0005543534433396705] 
INJ019_K 6 [0.9983363929855128, 0.0005551513364003767, 0.000554227839043409, 0.000554227839043409] 
INJ021_DIRECTION J [0.0006553834552082691, 0.9993446165447917] 
INJ021_I 25 [0.0004001909559579036, 0.0004001909559579036, 0.0004001909559579036, 0.0004001909559579036, 0.9967984723523368, 0.0004001909559579036, 0.0004001909559579036, 0.0004001909559579036, 0.0004001909559579036] 
INJ021_J 27 [0.00048033008601679113, 0.00048033008601679113, 0.997598349569916, 0.00048033008601679113, 0.00048033008601679113, 0.00048033008601679113] 
INJ021_K 16 [0.000554353447029803, 0.000554353447029803, 0.000554353447029803, 0.9983369396589106] 
INJ022_DIRECTION I [0.9993446165447917, 0.0006553834552082691] 
INJ022_I 65 [0.997941232872794, 0.0005146917818015002, 0.0005146917818015002, 0.0005146917818015002, 0.0005146917818015002] 
INJ022_J 20 [0.9983369396589106, 0.000554353447029803, 0.000554353447029803, 0.000554353447029803] 
INJ022_K 12 [0.0005146917818015003, 0.0005146917818015003, 0.0005146917818015003, 0.997941232872794, 0.0005146917818015003] 
INJ023_DIRECTION I [0.9993446165447842, 0.0006553834552157295] 
INJ023_I 45 [0.00048033008601679113, 0.00048033008601679113, 0.00048033008601679113, 0.00048033008601679113, 0.00048033008601679113, 0.997598349569916] 
INJ023_J 19 [0.00048033008601679113, 0.00048033008601679113, 0.00048033008601679113, 0.00048033008601679113, 0.00048033008601679113, 0.997598349569916] 
INJ023_K 15 [0.0006553834552082691, 0.9993446165447917] 
NA1A_CONSIDER 1 [0.0006553834552082691, 0.9993446165447917] 

