Elite 1 OF_MAX_VPL 3026379366.26
NA2_CONSIDER 0 [0.9090773652535854, 0.09092263474641465] 
NA3D_CONSIDER 0 [0.9090773652535854, 0.09092263474641465] 
PltPRDSTL_PltPRDSTO 21700 [0.05263420467693884, 0.05263420467693884, 0.5262921579075501, 0.05263420467693884, 0.05263420467693884, 0.05263420467693884, 0.05263420467693884, 0.05263420467693884, 0.05263420467693884, 0.05263420467693884] 
PltPRDSTW 11857.5 [0.666639977944401, 0.0666720044111198, 0.0666720044111198, 0.0666720044111198, 0.0666720044111198, 0.0666720044111198] 
PltINJSTW 32550 [0.4761690861962512, 0.04762099216397718, 0.04762099216397718, 0.04762099216397718, 0.04762099216397718, 0.04762099216397718, 0.04762099216397718, 0.04762099216397718, 0.04762099216397718, 0.04762099216397718, 0.04762099216397718, 0.04762099216397718] 
PROD005_DIRECTION I [0.9090773652535854, 0.09092263474641465] 
PROD005_I 26 [0.7692061594061691, 0.07693128651520932, 0.07693127703931088, 0.07693127703931088] 
PROD005_J 21 [0.05882719558633338, 0.05882719558633338, 0.05882719558633338, 0.05882719558633338, 0.05882719558633338, 0.5882096308956664, 0.05882719558633338, 0.05882719558633338] 
PROD005_K 2 [0.08334376311304877, 0.8333124737739026, 0.08334376311304877] 
PROD006_I 54 [0.0769312787599648, 0.0769312787599648, 0.0769312787599648, 0.7692061637201056] 
PROD006_J 3 [0.09092263474641465, 0.9090773652535854] 
PROD007_I 63 [0.07143513735635815, 0.07143513735635815, 0.07143513735635815, 0.07143513735635815, 0.7142594505745674] 
PROD007_J 12 [0.08334376311304875, 0.08334376311304875, 0.8333124737739024] 
PROD009_DIRECTION I [0.9090773652535854, 0.09092263474641465] 
PROD009_I 6 [0.07143513735635813, 0.7142594505745673, 0.07143513735635813, 0.07143513735635813, 0.07143513735635813] 
PROD009_J 41 [0.06250439776712048, 0.06250439776712048, 0.06250439776712048, 0.6249736133972773, 0.06250439776712048, 0.06250439776712048, 0.06250439776712048] 
PROD009_K 1 [0.8333124737739026, 0.08334376311304877, 0.08334376311304877] 
PROD010_DIRECTION I [0.9090773652535854, 0.09092263474641465] 
PROD010_I 33 [0.05882719558633339, 0.05882719558633339, 0.05882719558633339, 0.0588271955863334, 0.5882096308956665, 0.05882719558633339, 0.05882719558633339, 0.05882719558633339] 
PROD010_J 32 [0.06250439776712048, 0.6249736133972773, 0.06250439776712048, 0.06250439776712048, 0.06250439776712048, 0.06250439776712048, 0.06250439776712048] 
PROD010_K 1 [0.8333124737739026, 0.08334376311304877, 0.08334376311304877] 
PROD012_DIRECTION J [0.09092263474641465, 0.9090773652535854] 
PROD012_I 41 [0.055558643828321985, 0.055558643828321985, 0.055558643828321985, 0.055558643828321985, 0.5555308493734242, 0.055558643828321985, 0.055558643828321985, 0.055558643828321985, 0.055558643828321985] 
PROD012_J 33 [0.05000225113704048, 0.05000225113704048, 0.05000225113704048, 0.49997748862959523, 0.05000225113704048, 0.05000225113704048, 0.05000225113704048, 0.05000225113704048, 0.05000225113704048, 0.05000225113704048, 0.05000225113704048] 
PROD012_K 2 [0.08334376311304877, 0.8333124737739026, 0.08334376311304877] 
PROD014_DIRECTION J [0.09092263474641465, 0.9090773652535854] 
PROD014_I 50 [0.06250439776712048, 0.06250439776712048, 0.06250439776712048, 0.06250439776712048, 0.6249736133972773, 0.06250439776712048, 0.06250439776712048] 
PROD014_J 41 [0.05263420467693885, 0.05263420467693885, 0.05263420467693885, 0.05263420467693885, 0.05263420467693885, 0.05263420467693885, 0.05263420467693885, 0.5262921579075504, 0.05263420467693885, 0.05263420467693885] 
PROD014_K 2 [0.08334376311304877, 0.8333124737739026, 0.08334376311304877] 
PROD021_DIRECTION I [0.9090773652535854, 0.09092263474641465] 
PROD021_I 18 [0.04762099216397717, 0.04762099216397717, 0.04762099216397717, 0.04762099216397717, 0.47616908619625115, 0.04762099216397717, 0.04762099216397717, 0.04762099216397717, 0.04762099216397717, 0.04762099216397717, 0.04762099216397717, 0.04762099216397717] 
PROD021_J 41 [0.06250439776712048, 0.06250439776712048, 0.06250439776712048, 0.06250439776712048, 0.6249736133972773, 0.06250439776712048, 0.06250439776712048] 
PROD021_K 3 [0.08334376311304875, 0.08334376311304875, 0.8333124737739024] 
PROD023A_DIRECTION I [0.9090773652535854, 0.09092263474641465] 
PROD023A_I 56 [0.7142594505745673, 0.07143513735635813, 0.07143513735635813, 0.07143513735635813, 0.07143513735635813] 
PROD023A_J 13 [0.666639977944401, 0.0666720044111198, 0.0666720044111198, 0.0666720044111198, 0.0666720044111198, 0.0666720044111198] 
PROD023A_K 2 [0.08334376311304877, 0.8333124737739026, 0.08334376311304877] 
PROD024A_I 56 [0.6249736133972773, 0.06250439776712048, 0.06250439776712048, 0.06250439776712048, 0.06250439776712048, 0.06250439776712048, 0.06250439776712048] 
PROD024A_J 36 [0.0769312787599648, 0.0769312787599648, 0.0769312787599648, 0.7692061637201056] 
PROD024A_K 3 [0.08334376311304875, 0.08334376311304875, 0.8333124737739024] 
PROD025A_DIRECTION J [0.09092263474641465, 0.9090773652535854] 
PROD025A_I 54 [0.666639977944401, 0.0666720044111198, 0.0666720044111198, 0.0666720044111198, 0.0666720044111198, 0.0666720044111198] 
PROD025A_J 22 [0.07143513735635813, 0.7142594505745673, 0.07143513735635813, 0.07143513735635813, 0.07143513735635813] 
PROD025A_K 1 [0.8333124737739026, 0.08334376311304877, 0.08334376311304877] 
PROD026_DIRECTION J [0.09092263474641465, 0.9090773652535854] 
PROD026_I 45 [0.7142594505745673, 0.07143513735635813, 0.07143513735635813, 0.07143513735635813, 0.07143513735635813] 
PROD026_J 6 [0.06250439776712048, 0.06250439776712048, 0.6249736133972773, 0.06250439776712048, 0.06250439776712048, 0.06250439776712048, 0.06250439776712048] 
PROD026_K 2 [0.08334376311304877, 0.8333124737739026, 0.08334376311304877] 
INJ006_I 50 [0.0666720044111198, 0.666639977944401, 0.0666720044111198, 0.0666720044111198, 0.0666720044111198, 0.0666720044111198] 
INJ006_J 25 [0.05882719558633339, 0.05882719558633339, 0.05882719558633339, 0.05882719558633339, 0.5882096308956665, 0.05882719558633339, 0.05882719558633339, 0.05882719558633339] 
INJ006_K 13 [0.07693127862849579, 0.07693127935251536, 0.7692061633904932, 0.07693127862849579] 
INJ010_DIRECTION J [0.09092263474641465, 0.9090773652535854] 
INJ010_I 66 [0.7142594505745673, 0.07143513735635813, 0.07143513735635813, 0.07143513735635813, 0.07143513735635813] 
INJ010_J 30 [0.7142594505745673, 0.07143513735635813, 0.07143513735635813, 0.07143513735635813, 0.07143513735635813] 
INJ010_K 15 [0.07693127875996479, 0.07693127875996479, 0.7692061637201055, 0.07693127875996479] 
INJ017_DIRECTION I [0.9090773652535854, 0.09092263474641465] 
INJ017_I 30 [0.0666720044111198, 0.666639977944401, 0.0666720044111198, 0.0666720044111198, 0.0666720044111198, 0.0666720044111198] 
INJ017_J 16 [0.06250439776712048, 0.6249736133972773, 0.06250439776712048, 0.06250439776712048, 0.06250439776712048, 0.06250439776712048, 0.06250439776712048] 
INJ017_K 15 [0.07143513735635815, 0.07143513735635815, 0.07143513735635815, 0.7142594505745674, 0.07143513735635815] 
INJ019_DIRECTION J [0.09092263474641465, 0.9090773652535854] 
INJ019_I 34 [0.0666720044111198, 0.0666720044111198, 0.0666720044111198, 0.0666720044111198, 0.0666720044111198, 0.666639977944401] 
INJ019_J 45 [0.07693127875996479, 0.7692061637201055, 0.07693127875996479, 0.07693127875996479] 
INJ019_K 6 [0.7692039016893181, 0.07693458092666641, 0.07693075869200769, 0.07693075869200769] 
INJ021_DIRECTION I [0.9090773652535854, 0.09092263474641465] 
INJ021_I 22 [0.05555864382832199, 0.5555308493734242, 0.05555864382832199, 0.05555864382832199, 0.05555864382832199, 0.05555864382832199, 0.05555864382832199, 0.05555864382832199, 0.05555864382832199] 
INJ021_J 33 [0.0666720044111197, 0.0666720044111197, 0.0666720044111197, 0.0666720044111197, 0.06667200441112031, 0.666639977944401] 
INJ021_K 16 [0.0769312787599648, 0.0769312787599648, 0.0769312787599648, 0.7692061637201056] 
INJ022_DIRECTION I [0.9090773652535854, 0.09092263474641465] 
INJ022_I 73 [0.07143513735635815, 0.07143513735635815, 0.07143513735635815, 0.07143513735635815, 0.7142594505745674] 
INJ022_J 26 [0.0769312787599648, 0.0769312787599648, 0.0769312787599648, 0.7692061637201056] 
INJ022_K 6 [0.7142594505745673, 0.07143513735635813, 0.07143513735635813, 0.07143513735635813, 0.07143513735635813] 
INJ023_DIRECTION J [0.09092263474641465, 0.9090773652535854] 
INJ023_I 45 [0.0666720044111198, 0.0666720044111198, 0.0666720044111198, 0.0666720044111198, 0.0666720044111198, 0.666639977944401] 
INJ023_J 19 [0.0666720044111198, 0.0666720044111198, 0.0666720044111198, 0.0666720044111198, 0.0666720044111198, 0.666639977944401] 
INJ023_K 15 [0.09092263474641465, 0.9090773652535854] 
NA1A_CONSIDER 1 [0.09092263474641465, 0.9090773652535854] 

Elite 2 OF_MAX_VPL 3025867802.97
NA2_CONSIDER 0 [0.9090773652535854, 0.09092263474641465] 
NA3D_CONSIDER 0 [0.9090773652535854, 0.09092263474641465] 
PltPRDSTL_PltPRDSTO 21700 [0.05263420467693884, 0.05263420467693884, 0.5262921579075501, 0.05263420467693884, 0.05263420467693884, 0.05263420467693884, 0.05263420467693884, 0.05263420467693884, 0.05263420467693884, 0.05263420467693884] 
PltPRDSTW 11857.5 [0.666639977944401, 0.0666720044111198, 0.0666720044111198, 0.0666720044111198, 0.0666720044111198, 0.0666720044111198] 
PltINJSTW 32550 [0.4761690861962512, 0.04762099216397718, 0.04762099216397718, 0.04762099216397718, 0.04762099216397718, 0.04762099216397718, 0.04762099216397718, 0.04762099216397718, 0.04762099216397718, 0.04762099216397718, 0.04762099216397718, 0.04762099216397718] 
PROD005_DIRECTION I [0.9090773652535854, 0.09092263474641465] 
PROD005_I 26 [0.7692061594061691, 0.07693128651520932, 0.07693127703931088, 0.07693127703931088] 
PROD005_J 21 [0.05882719558633338, 0.05882719558633338, 0.05882719558633338, 0.05882719558633338, 0.05882719558633338, 0.5882096308956664, 0.05882719558633338, 0.05882719558633338] 
PROD005_K 2 [0.08334376311304877, 0.8333124737739026, 0.08334376311304877] 
PROD006_I 54 [0.0769312787599648, 0.0769312787599648, 0.0769312787599648, 0.7692061637201056] 
PROD006_J 3 [0.09092263474641465, 0.9090773652535854] 
PROD007_I 63 [0.07143513735635815, 0.07143513735635815, 0.07143513735635815, 0.07143513735635815, 0.7142594505745674] 
PROD007_J 12 [0.08334376311304875, 0.08334376311304875, 0.8333124737739024] 
PROD009_DIRECTION I [0.9090773652535854, 0.09092263474641465] 
PROD009_I 6 [0.07143513735635813, 0.7142594505745673, 0.07143513735635813, 0.07143513735635813, 0.07143513735635813] 
PROD009_J 41 [0.06250439776712048, 0.06250439776712048, 0.06250439776712048, 0.6249736133972773, 0.06250439776712048, 0.06250439776712048, 0.06250439776712048] 
PROD009_K 1 [0.8333124737739026, 0.08334376311304877, 0.08334376311304877] 
PROD010_DIRECTION I [0.9090773652535854, 0.09092263474641465] 
PROD010_I 33 [0.05882719558633339, 0.05882719558633339, 0.05882719558633339, 0.0588271955863334, 0.5882096308956665, 0.05882719558633339, 0.05882719558633339, 0.05882719558633339] 
PROD010_J 31 [0.06250439776712048, 0.6249736133972773, 0.06250439776712048, 0.06250439776712048, 0.06250439776712048, 0.06250439776712048, 0.06250439776712048] 
PROD010_K 1 [0.8333124737739026, 0.08334376311304877, 0.08334376311304877] 
PROD012_DIRECTION J [0.09092263474641465, 0.9090773652535854] 
PROD012_I 41 [0.055558643828321985, 0.055558643828321985, 0.055558643828321985, 0.055558643828321985, 0.5555308493734242, 0.055558643828321985, 0.055558643828321985, 0.055558643828321985, 0.055558643828321985] 
PROD012_J 33 [0.05000225113704048, 0.05000225113704048, 0.05000225113704048, 0.49997748862959523, 0.05000225113704048, 0.05000225113704048, 0.05000225113704048, 0.05000225113704048, 0.05000225113704048, 0.05000225113704048, 0.05000225113704048] 
PROD012_K 2 [0.08334376311304877, 0.8333124737739026, 0.08334376311304877] 
PROD014_DIRECTION J [0.09092263474641465, 0.9090773652535854] 
PROD014_I 50 [0.06250439776712048, 0.06250439776712048, 0.06250439776712048, 0.06250439776712048, 0.6249736133972773, 0.06250439776712048, 0.06250439776712048] 
PROD014_J 41 [0.05263420467693885, 0.05263420467693885, 0.05263420467693885, 0.05263420467693885, 0.05263420467693885, 0.05263420467693885, 0.05263420467693885, 0.5262921579075504, 0.05263420467693885, 0.05263420467693885] 
PROD014_K 2 [0.08334376311304877, 0.8333124737739026, 0.08334376311304877] 
PROD021_DIRECTION I [0.9090773652535854, 0.09092263474641465] 
PROD021_I 18 [0.04762099216397717, 0.04762099216397717, 0.04762099216397717, 0.04762099216397717, 0.47616908619625115, 0.04762099216397717, 0.04762099216397717, 0.04762099216397717, 0.04762099216397717, 0.04762099216397717, 0.04762099216397717, 0.04762099216397717] 
PROD021_J 41 [0.06250439776712048, 0.06250439776712048, 0.06250439776712048, 0.06250439776712048, 0.6249736133972773, 0.06250439776712048, 0.06250439776712048] 
PROD021_K 3 [0.08334376311304875, 0.08334376311304875, 0.8333124737739024] 
PROD023A_DIRECTION I [0.9090773652535854, 0.09092263474641465] 
PROD023A_I 56 [0.7142594505745673, 0.07143513735635813, 0.07143513735635813, 0.07143513735635813, 0.07143513735635813] 
PROD023A_J 13 [0.666639977944401, 0.0666720044111198, 0.0666720044111198, 0.0666720044111198, 0.0666720044111198, 0.0666720044111198] 
PROD023A_K 2 [0.08334376311304877, 0.8333124737739026, 0.08334376311304877] 
PROD024A_I 56 [0.6249736133972773, 0.06250439776712048, 0.06250439776712048, 0.06250439776712048, 0.06250439776712048, 0.06250439776712048, 0.06250439776712048] 
PROD024A_J 36 [0.0769312787599648, 0.0769312787599648, 0.0769312787599648, 0.7692061637201056] 
PROD024A_K 2 [0.08334373732784776, 0.8333123565332574, 0.08334390613889488] 
PROD025A_DIRECTION J [0.09092263474641465, 0.9090773652535854] 
PROD025A_I 54 [0.666639977944401, 0.0666720044111198, 0.0666720044111198, 0.0666720044111198, 0.0666720044111198, 0.0666720044111198] 
PROD025A_J 22 [0.07143513735635813, 0.7142594505745673, 0.07143513735635813, 0.07143513735635813, 0.07143513735635813] 
PROD025A_K 1 [0.8333124737739026, 0.08334376311304877, 0.08334376311304877] 
PROD026_DIRECTION J [0.09092263474641465, 0.9090773652535854] 
PROD026_I 45 [0.7142594505745673, 0.07143513735635813, 0.07143513735635813, 0.07143513735635813, 0.07143513735635813] 
PROD026_J 6 [0.06250439776712048, 0.06250439776712048, 0.6249736133972773, 0.06250439776712048, 0.06250439776712048, 0.06250439776712048, 0.06250439776712048] 
PROD026_K 2 [0.08334376311304877, 0.8333124737739026, 0.08334376311304877] 
INJ006_I 50 [0.0666720044111198, 0.666639977944401, 0.0666720044111198, 0.0666720044111198, 0.0666720044111198, 0.0666720044111198] 
INJ006_J 25 [0.05882719558633339, 0.05882719558633339, 0.05882719558633339, 0.05882719558633339, 0.5882096308956665, 0.05882719558633339, 0.05882719558633339, 0.05882719558633339] 
INJ006_K 13 [0.07693127862849579, 0.07693127935251536, 0.7692061633904932, 0.07693127862849579] 
INJ010_DIRECTION J [0.09092263474641465, 0.9090773652535854] 
INJ010_I 66 [0.7142594505745673, 0.07143513735635813, 0.07143513735635813, 0.07143513735635813, 0.07143513735635813] 
INJ010_J 30 [0.7142594505745673, 0.07143513735635813, 0.07143513735635813, 0.07143513735635813, 0.07143513735635813] 
INJ010_K 15 [0.07693127875996479, 0.07693127875996479, 0.7692061637201055, 0.07693127875996479] 
INJ017_DIRECTION I [0.9090773652535854, 0.09092263474641465] 
INJ017_I 30 [0.0666720044111198, 0.666639977944401, 0.0666720044111198, 0.0666720044111198, 0.0666720044111198, 0.0666720044111198] 
INJ017_J 16 [0.06250439776712048, 0.6249736133972773, 0.06250439776712048, 0.06250439776712048, 0.06250439776712048, 0.06250439776712048, 0.06250439776712048] 
INJ017_K 15 [0.07143513735635815, 0.07143513735635815, 0.07143513735635815, 0.7142594505745674, 0.07143513735635815] 
INJ019_DIRECTION J [0.09092263474641465, 0.9090773652535854] 
INJ019_I 34 [0.0666720044111198, 0.0666720044111198, 0.0666720044111198, 0.0666720044111198, 0.0666720044111198, 0.666639977944401] 
INJ019_J 45 [0.07693127875996479, 0.7692061637201055, 0.07693127875996479, 0.07693127875996479] 
INJ019_K 11 [0.07693127875996479, 0.7692061637201055, 0.07693127875996479, 0.07693127875996479] 
INJ021_DIRECTION I [0.9090773652535854, 0.09092263474641465] 
INJ021_I 22 [0.05555864382832199, 0.5555308493734242, 0.05555864382832199, 0.05555864382832199, 0.05555864382832199, 0.05555864382832199, 0.05555864382832199, 0.05555864382832199, 0.05555864382832199] 
INJ021_J 33 [0.0666720044111197, 0.0666720044111197, 0.0666720044111197, 0.0666720044111197, 0.06667200441112031, 0.666639977944401] 
INJ021_K 16 [0.0769312787599648, 0.0769312787599648, 0.0769312787599648, 0.7692061637201056] 
INJ022_DIRECTION I [0.9090773652535854, 0.09092263474641465] 
INJ022_I 73 [0.07143513735635815, 0.07143513735635815, 0.07143513735635815, 0.07143513735635815, 0.7142594505745674] 
INJ022_J 26 [0.0769312787599648, 0.0769312787599648, 0.0769312787599648, 0.7692061637201056] 
INJ022_K 6 [0.7142594505745673, 0.07143513735635813, 0.07143513735635813, 0.07143513735635813, 0.07143513735635813] 
INJ023_DIRECTION J [0.09092263474641465, 0.9090773652535854] 
INJ023_I 45 [0.0666720044111198, 0.0666720044111198, 0.0666720044111198, 0.0666720044111198, 0.0666720044111198, 0.666639977944401] 
INJ023_J 19 [0.0666720044111198, 0.0666720044111198, 0.0666720044111198, 0.0666720044111198, 0.0666720044111198, 0.666639977944401] 
INJ023_K 15 [0.09092263474641465, 0.9090773652535854] 
NA1A_CONSIDER 1 [0.09092263474641465, 0.9090773652535854] 

Elite 3 OF_MAX_VPL 3025867802.97
NA2_CONSIDER 0 [0.9090773652535854, 0.09092263474641465] 
NA3D_CONSIDER 0 [0.9090773652535854, 0.09092263474641465] 
PltPRDSTL_PltPRDSTO 21700 [0.05263420467693884, 0.05263420467693884, 0.5262921579075501, 0.05263420467693884, 0.05263420467693884, 0.05263420467693884, 0.05263420467693884, 0.05263420467693884, 0.05263420467693884, 0.05263420467693884] 
PltPRDSTW 11857.5 [0.666639977944401, 0.0666720044111198, 0.0666720044111198, 0.0666720044111198, 0.0666720044111198, 0.0666720044111198] 
PltINJSTW 32550 [0.4761690861962512, 0.04762099216397718, 0.04762099216397718, 0.04762099216397718, 0.04762099216397718, 0.04762099216397718, 0.04762099216397718, 0.04762099216397718, 0.04762099216397718, 0.04762099216397718, 0.04762099216397718, 0.04762099216397718] 
PROD005_DIRECTION I [0.9090773652535854, 0.09092263474641465] 
PROD005_I 26 [0.7692061594061691, 0.07693128651520932, 0.07693127703931088, 0.07693127703931088] 
PROD005_J 21 [0.05882719558633338, 0.05882719558633338, 0.05882719558633338, 0.05882719558633338, 0.05882719558633338, 0.5882096308956664, 0.05882719558633338, 0.05882719558633338] 
PROD005_K 2 [0.08334376311304877, 0.8333124737739026, 0.08334376311304877] 
PROD006_I 54 [0.0769312787599648, 0.0769312787599648, 0.0769312787599648, 0.7692061637201056] 
PROD006_J 3 [0.09092263474641465, 0.9090773652535854] 
PROD007_I 63 [0.07143513735635815, 0.07143513735635815, 0.07143513735635815, 0.07143513735635815, 0.7142594505745674] 
PROD007_J 12 [0.08334376311304875, 0.08334376311304875, 0.8333124737739024] 
PROD009_DIRECTION I [0.9090773652535854, 0.09092263474641465] 
PROD009_I 6 [0.07143513735635813, 0.7142594505745673, 0.07143513735635813, 0.07143513735635813, 0.07143513735635813] 
PROD009_J 41 [0.06250439776712048, 0.06250439776712048, 0.06250439776712048, 0.6249736133972773, 0.06250439776712048, 0.06250439776712048, 0.06250439776712048] 
PROD009_K 1 [0.8333124737739026, 0.08334376311304877, 0.08334376311304877] 
PROD010_DIRECTION I [0.9090773652535854, 0.09092263474641465] 
PROD010_I 33 [0.05882719558633339, 0.05882719558633339, 0.05882719558633339, 0.0588271955863334, 0.5882096308956665, 0.05882719558633339, 0.05882719558633339, 0.05882719558633339] 
PROD010_J 31 [0.06250439776712048, 0.6249736133972773, 0.06250439776712048, 0.06250439776712048, 0.06250439776712048, 0.06250439776712048, 0.06250439776712048] 
PROD010_K 1 [0.8333124737739026, 0.08334376311304877, 0.08334376311304877] 
PROD012_DIRECTION J [0.09092263474641465, 0.9090773652535854] 
PROD012_I 41 [0.055558643828321985, 0.055558643828321985, 0.055558643828321985, 0.055558643828321985, 0.5555308493734242, 0.055558643828321985, 0.055558643828321985, 0.055558643828321985, 0.055558643828321985] 
PROD012_J 33 [0.05000225113704048, 0.05000225113704048, 0.05000225113704048, 0.49997748862959523, 0.05000225113704048, 0.05000225113704048, 0.05000225113704048, 0.05000225113704048, 0.05000225113704048, 0.05000225113704048, 0.05000225113704048] 
PROD012_K 2 [0.08334376311304877, 0.8333124737739026, 0.08334376311304877] 
PROD014_DIRECTION J [0.09092263474641465, 0.9090773652535854] 
PROD014_I 50 [0.06250439776712048, 0.06250439776712048, 0.06250439776712048, 0.06250439776712048, 0.6249736133972773, 0.06250439776712048, 0.06250439776712048] 
PROD014_J 41 [0.05263420467693885, 0.05263420467693885, 0.05263420467693885, 0.05263420467693885, 0.05263420467693885, 0.05263420467693885, 0.05263420467693885, 0.5262921579075504, 0.05263420467693885, 0.05263420467693885] 
PROD014_K 2 [0.08334376311304877, 0.8333124737739026, 0.08334376311304877] 
PROD021_DIRECTION I [0.9090773652535854, 0.09092263474641465] 
PROD021_I 18 [0.04762099216397717, 0.04762099216397717, 0.04762099216397717, 0.04762099216397717, 0.47616908619625115, 0.04762099216397717, 0.04762099216397717, 0.04762099216397717, 0.04762099216397717, 0.04762099216397717, 0.04762099216397717, 0.04762099216397717] 
PROD021_J 41 [0.06250439776712048, 0.06250439776712048, 0.06250439776712048, 0.06250439776712048, 0.6249736133972773, 0.06250439776712048, 0.06250439776712048] 
PROD021_K 3 [0.08334376311304875, 0.08334376311304875, 0.8333124737739024] 
PROD023A_DIRECTION I [0.9090773652535854, 0.09092263474641465] 
PROD023A_I 56 [0.7142594505745673, 0.07143513735635813, 0.07143513735635813, 0.07143513735635813, 0.07143513735635813] 
PROD023A_J 13 [0.666639977944401, 0.0666720044111198, 0.0666720044111198, 0.0666720044111198, 0.0666720044111198, 0.0666720044111198] 
PROD023A_K 2 [0.08334376311304877, 0.8333124737739026, 0.08334376311304877] 
PROD024A_I 56 [0.6249736133972773, 0.06250439776712048, 0.06250439776712048, 0.06250439776712048, 0.06250439776712048, 0.06250439776712048, 0.06250439776712048] 
PROD024A_J 36 [0.0769312787599648, 0.0769312787599648, 0.0769312787599648, 0.7692061637201056] 
PROD024A_K 2 [0.08334373732784776, 0.8333123565332574, 0.08334390613889488] 
PROD025A_DIRECTION J [0.09092263474641465, 0.9090773652535854] 
PROD025A_I 54 [0.666639977944401, 0.0666720044111198, 0.0666720044111198, 0.0666720044111198, 0.0666720044111198, 0.0666720044111198] 
PROD025A_J 22 [0.07143513735635813, 0.7142594505745673, 0.07143513735635813, 0.07143513735635813, 0.07143513735635813] 
PROD025A_K 1 [0.8333124737739026, 0.08334376311304877, 0.08334376311304877] 
PROD026_DIRECTION J [0.09092263474641465, 0.9090773652535854] 
PROD026_I 45 [0.7142594505745673, 0.07143513735635813, 0.07143513735635813, 0.07143513735635813, 0.07143513735635813] 
PROD026_J 6 [0.06250439776712048, 0.06250439776712048, 0.6249736133972773, 0.06250439776712048, 0.06250439776712048, 0.06250439776712048, 0.06250439776712048] 
PROD026_K 2 [0.08334376311304877, 0.8333124737739026, 0.08334376311304877] 
INJ006_I 50 [0.0666720044111198, 0.666639977944401, 0.0666720044111198, 0.0666720044111198, 0.0666720044111198, 0.0666720044111198] 
INJ006_J 25 [0.05882719558633339, 0.05882719558633339, 0.05882719558633339, 0.05882719558633339, 0.5882096308956665, 0.05882719558633339, 0.05882719558633339, 0.05882719558633339] 
INJ006_K 13 [0.07693127862849579, 0.07693127935251536, 0.7692061633904932, 0.07693127862849579] 
INJ010_DIRECTION J [0.09092263474641465, 0.9090773652535854] 
INJ010_I 66 [0.7142594505745673, 0.07143513735635813, 0.07143513735635813, 0.07143513735635813, 0.07143513735635813] 
INJ010_J 30 [0.7142594505745673, 0.07143513735635813, 0.07143513735635813, 0.07143513735635813, 0.07143513735635813] 
INJ010_K 15 [0.07693127875996479, 0.07693127875996479, 0.7692061637201055, 0.07693127875996479] 
INJ017_DIRECTION I [0.9090773652535854, 0.09092263474641465] 
INJ017_I 30 [0.0666720044111198, 0.666639977944401, 0.0666720044111198, 0.0666720044111198, 0.0666720044111198, 0.0666720044111198] 
INJ017_J 16 [0.06250439776712048, 0.6249736133972773, 0.06250439776712048, 0.06250439776712048, 0.06250439776712048, 0.06250439776712048, 0.06250439776712048] 
INJ017_K 15 [0.07143513735635815, 0.07143513735635815, 0.07143513735635815, 0.7142594505745674, 0.07143513735635815] 
INJ019_DIRECTION J [0.09092263474641465, 0.9090773652535854] 
INJ019_I 34 [0.0666720044111198, 0.0666720044111198, 0.0666720044111198, 0.0666720044111198, 0.0666720044111198, 0.666639977944401] 
INJ019_J 45 [0.07693127875996479, 0.7692061637201055, 0.07693127875996479, 0.07693127875996479] 
INJ019_K 11 [0.07693127875996479, 0.7692061637201055, 0.07693127875996479, 0.07693127875996479] 
INJ021_DIRECTION I [0.9090773652535854, 0.09092263474641465] 
INJ021_I 22 [0.05555864382832199, 0.5555308493734242, 0.05555864382832199, 0.05555864382832199, 0.05555864382832199, 0.05555864382832199, 0.05555864382832199, 0.05555864382832199, 0.05555864382832199] 
INJ021_J 33 [0.0666720044111197, 0.0666720044111197, 0.0666720044111197, 0.0666720044111197, 0.06667200441112031, 0.666639977944401] 
INJ021_K 16 [0.0769312787599648, 0.0769312787599648, 0.0769312787599648, 0.7692061637201056] 
INJ022_DIRECTION I [0.9090773652535854, 0.09092263474641465] 
INJ022_I 73 [0.07143513735635815, 0.07143513735635815, 0.07143513735635815, 0.07143513735635815, 0.7142594505745674] 
INJ022_J 26 [0.0769312787599648, 0.0769312787599648, 0.0769312787599648, 0.7692061637201056] 
INJ022_K 6 [0.7142594505745673, 0.07143513735635813, 0.07143513735635813, 0.07143513735635813, 0.07143513735635813] 
INJ023_DIRECTION J [0.09092263474641465, 0.9090773652535854] 
INJ023_I 45 [0.0666720044111198, 0.0666720044111198, 0.0666720044111198, 0.0666720044111198, 0.0666720044111198, 0.666639977944401] 
INJ023_J 19 [0.0666720044111198, 0.0666720044111198, 0.0666720044111198, 0.0666720044111198, 0.0666720044111198, 0.666639977944401] 
INJ023_K 15 [0.09092263474641465, 0.9090773652535854] 
NA1A_CONSIDER 1 [0.09092263474641465, 0.9090773652535854] 

Elite 4 OF_MAX_VPL 3025739764.56
NA2_CONSIDER 0 [0.9090773652535854, 0.09092263474641465] 
NA3D_CONSIDER 0 [0.9090773652535854, 0.09092263474641465] 
PltPRDSTL_PltPRDSTO 21700 [0.05263420467693884, 0.05263420467693884, 0.5262921579075501, 0.05263420467693884, 0.05263420467693884, 0.05263420467693884, 0.05263420467693884, 0.05263420467693884, 0.05263420467693884, 0.05263420467693884] 
PltPRDSTW 11857.5 [0.666639977944401, 0.0666720044111198, 0.0666720044111198, 0.0666720044111198, 0.0666720044111198, 0.0666720044111198] 
PltINJSTW 32550 [0.4761690861962512, 0.04762099216397718, 0.04762099216397718, 0.04762099216397718, 0.04762099216397718, 0.04762099216397718, 0.04762099216397718, 0.04762099216397718, 0.04762099216397718, 0.04762099216397718, 0.04762099216397718, 0.04762099216397718] 
PROD005_DIRECTION I [0.9090773652535854, 0.09092263474641465] 
PROD005_I 26 [0.7692061594061691, 0.07693128651520932, 0.07693127703931088, 0.07693127703931088] 
PROD005_J 21 [0.05882719558633338, 0.05882719558633338, 0.05882719558633338, 0.05882719558633338, 0.05882719558633338, 0.5882096308956664, 0.05882719558633338, 0.05882719558633338] 
PROD005_K 2 [0.08334376311304877, 0.8333124737739026, 0.08334376311304877] 
PROD006_I 54 [0.0769312787599648, 0.0769312787599648, 0.0769312787599648, 0.7692061637201056] 
PROD006_J 3 [0.09092263474641465, 0.9090773652535854] 
PROD007_I 63 [0.07143513735635815, 0.07143513735635815, 0.07143513735635815, 0.07143513735635815, 0.7142594505745674] 
PROD007_J 12 [0.08334376311304875, 0.08334376311304875, 0.8333124737739024] 
PROD009_DIRECTION I [0.9090773652535854, 0.09092263474641465] 
PROD009_I 6 [0.07143513735635813, 0.7142594505745673, 0.07143513735635813, 0.07143513735635813, 0.07143513735635813] 
PROD009_J 41 [0.06250439776712048, 0.06250439776712048, 0.06250439776712048, 0.6249736133972773, 0.06250439776712048, 0.06250439776712048, 0.06250439776712048] 
PROD009_K 1 [0.8333124737739026, 0.08334376311304877, 0.08334376311304877] 
PROD010_DIRECTION I [0.9090773652535854, 0.09092263474641465] 
PROD010_I 33 [0.05882719558633339, 0.05882719558633339, 0.05882719558633339, 0.0588271955863334, 0.5882096308956665, 0.05882719558633339, 0.05882719558633339, 0.05882719558633339] 
PROD010_J 31 [0.06250439776712048, 0.6249736133972773, 0.06250439776712048, 0.06250439776712048, 0.06250439776712048, 0.06250439776712048, 0.06250439776712048] 
PROD010_K 1 [0.8333124737739026, 0.08334376311304877, 0.08334376311304877] 
PROD012_DIRECTION J [0.09092263474641465, 0.9090773652535854] 
PROD012_I 41 [0.055558643828321985, 0.055558643828321985, 0.055558643828321985, 0.055558643828321985, 0.5555308493734242, 0.055558643828321985, 0.055558643828321985, 0.055558643828321985, 0.055558643828321985] 
PROD012_J 33 [0.05000225113704048, 0.05000225113704048, 0.05000225113704048, 0.49997748862959523, 0.05000225113704048, 0.05000225113704048, 0.05000225113704048, 0.05000225113704048, 0.05000225113704048, 0.05000225113704048, 0.05000225113704048] 
PROD012_K 2 [0.08334376311304877, 0.8333124737739026, 0.08334376311304877] 
PROD014_DIRECTION J [0.09092263474641465, 0.9090773652535854] 
PROD014_I 51 [0.0621544033646508, 0.0621544033646508, 0.0621544033646508, 0.0621544033646508, 0.06775462029154182, 0.6214733628852043, 0.0621544033646508] 
PROD014_J 41 [0.05263420467693885, 0.05263420467693885, 0.05263420467693885, 0.05263420467693885, 0.05263420467693885, 0.05263420467693885, 0.05263420467693885, 0.5262921579075504, 0.05263420467693885, 0.05263420467693885] 
PROD014_K 2 [0.08334376311304877, 0.8333124737739026, 0.08334376311304877] 
PROD021_DIRECTION I [0.9090773652535854, 0.09092263474641465] 
PROD021_I 18 [0.04762099216397717, 0.04762099216397717, 0.04762099216397717, 0.04762099216397717, 0.47616908619625115, 0.04762099216397717, 0.04762099216397717, 0.04762099216397717, 0.04762099216397717, 0.04762099216397717, 0.04762099216397717, 0.04762099216397717] 
PROD021_J 41 [0.06250439776712048, 0.06250439776712048, 0.06250439776712048, 0.06250439776712048, 0.6249736133972773, 0.06250439776712048, 0.06250439776712048] 
PROD021_K 3 [0.08334376311304875, 0.08334376311304875, 0.8333124737739024] 
PROD023A_DIRECTION I [0.9090773652535854, 0.09092263474641465] 
PROD023A_I 56 [0.7142594505745673, 0.07143513735635813, 0.07143513735635813, 0.07143513735635813, 0.07143513735635813] 
PROD023A_J 13 [0.666639977944401, 0.0666720044111198, 0.0666720044111198, 0.0666720044111198, 0.0666720044111198, 0.0666720044111198] 
PROD023A_K 2 [0.08334376311304877, 0.8333124737739026, 0.08334376311304877] 
PROD024A_I 56 [0.6249736133972773, 0.06250439776712048, 0.06250439776712048, 0.06250439776712048, 0.06250439776712048, 0.06250439776712048, 0.06250439776712048] 
PROD024A_J 36 [0.0769312787599648, 0.0769312787599648, 0.0769312787599648, 0.7692061637201056] 
PROD024A_K 3 [0.08334376311304875, 0.08334376311304875, 0.8333124737739024] 
PROD025A_DIRECTION J [0.09092263474641465, 0.9090773652535854] 
PROD025A_I 54 [0.666639977944401, 0.0666720044111198, 0.0666720044111198, 0.0666720044111198, 0.0666720044111198, 0.0666720044111198] 
PROD025A_J 22 [0.07143513735635813, 0.7142594505745673, 0.07143513735635813, 0.07143513735635813, 0.07143513735635813] 
PROD025A_K 1 [0.8333124737739026, 0.08334376311304877, 0.08334376311304877] 
PROD026_DIRECTION J [0.09092263474641465, 0.9090773652535854] 
PROD026_I 45 [0.7142594505745673, 0.07143513735635813, 0.07143513735635813, 0.07143513735635813, 0.07143513735635813] 
PROD026_J 6 [0.06250439776712048, 0.06250439776712048, 0.6249736133972773, 0.06250439776712048, 0.06250439776712048, 0.06250439776712048, 0.06250439776712048] 
PROD026_K 2 [0.08334376311304877, 0.8333124737739026, 0.08334376311304877] 
INJ006_I 50 [0.0666720044111198, 0.666639977944401, 0.0666720044111198, 0.0666720044111198, 0.0666720044111198, 0.0666720044111198] 
INJ006_J 25 [0.05882719558633339, 0.05882719558633339, 0.05882719558633339, 0.05882719558633339, 0.5882096308956665, 0.05882719558633339, 0.05882719558633339, 0.05882719558633339] 
INJ006_K 13 [0.07693127862849579, 0.07693127935251536, 0.7692061633904932, 0.07693127862849579] 
INJ010_DIRECTION J [0.09092263474641465, 0.9090773652535854] 
INJ010_I 66 [0.7142594505745673, 0.07143513735635813, 0.07143513735635813, 0.07143513735635813, 0.07143513735635813] 
INJ010_J 30 [0.7142594505745673, 0.07143513735635813, 0.07143513735635813, 0.07143513735635813, 0.07143513735635813] 
INJ010_K 15 [0.07693127875996479, 0.07693127875996479, 0.7692061637201055, 0.07693127875996479] 
INJ017_DIRECTION I [0.9090773652535854, 0.09092263474641465] 
INJ017_I 30 [0.0666720044111198, 0.666639977944401, 0.0666720044111198, 0.0666720044111198, 0.0666720044111198, 0.0666720044111198] 
INJ017_J 16 [0.06250439776712048, 0.6249736133972773, 0.06250439776712048, 0.06250439776712048, 0.06250439776712048, 0.06250439776712048, 0.06250439776712048] 
INJ017_K 15 [0.07143513735635815, 0.07143513735635815, 0.07143513735635815, 0.7142594505745674, 0.07143513735635815] 
INJ019_DIRECTION J [0.09092263474641465, 0.9090773652535854] 
INJ019_I 34 [0.0666720044111198, 0.0666720044111198, 0.0666720044111198, 0.0666720044111198, 0.0666720044111198, 0.666639977944401] 
INJ019_J 45 [0.07693127875996479, 0.7692061637201055, 0.07693127875996479, 0.07693127875996479] 
INJ019_K 6 [0.7692039016893181, 0.07693458092666641, 0.07693075869200769, 0.07693075869200769] 
INJ021_DIRECTION I [0.9090773652535854, 0.09092263474641465] 
INJ021_I 22 [0.05555864382832199, 0.5555308493734242, 0.05555864382832199, 0.05555864382832199, 0.05555864382832199, 0.05555864382832199, 0.05555864382832199, 0.05555864382832199, 0.05555864382832199] 
INJ021_J 33 [0.0666720044111197, 0.0666720044111197, 0.0666720044111197, 0.0666720044111197, 0.06667200441112031, 0.666639977944401] 
INJ021_K 16 [0.0769312787599648, 0.0769312787599648, 0.0769312787599648, 0.7692061637201056] 
INJ022_DIRECTION I [0.9090773652535854, 0.09092263474641465] 
INJ022_I 73 [0.07143513735635815, 0.07143513735635815, 0.07143513735635815, 0.07143513735635815, 0.7142594505745674] 
INJ022_J 26 [0.0769312787599648, 0.0769312787599648, 0.0769312787599648, 0.7692061637201056] 
INJ022_K 6 [0.7142594505745673, 0.07143513735635813, 0.07143513735635813, 0.07143513735635813, 0.07143513735635813] 
INJ023_DIRECTION J [0.09092263474641465, 0.9090773652535854] 
INJ023_I 45 [0.0666720044111198, 0.0666720044111198, 0.0666720044111198, 0.0666720044111198, 0.0666720044111198, 0.666639977944401] 
INJ023_J 19 [0.0666720044111198, 0.0666720044111198, 0.0666720044111198, 0.0666720044111198, 0.0666720044111198, 0.666639977944401] 
INJ023_K 15 [0.09092263474641465, 0.9090773652535854] 
NA1A_CONSIDER 1 [0.09092263474641465, 0.9090773652535854] 

Elite 5 OF_MAX_VPL 3025739764.56
NA2_CONSIDER 0 [0.9090773652535854, 0.09092263474641465] 
NA3D_CONSIDER 0 [0.9090773652535854, 0.09092263474641465] 
PltPRDSTL_PltPRDSTO 21700 [0.05263420467693884, 0.05263420467693884, 0.5262921579075501, 0.05263420467693884, 0.05263420467693884, 0.05263420467693884, 0.05263420467693884, 0.05263420467693884, 0.05263420467693884, 0.05263420467693884] 
PltPRDSTW 11857.5 [0.666639977944401, 0.0666720044111198, 0.0666720044111198, 0.0666720044111198, 0.0666720044111198, 0.0666720044111198] 
PltINJSTW 32550 [0.4761690861962512, 0.04762099216397718, 0.04762099216397718, 0.04762099216397718, 0.04762099216397718, 0.04762099216397718, 0.04762099216397718, 0.04762099216397718, 0.04762099216397718, 0.04762099216397718, 0.04762099216397718, 0.04762099216397718] 
PROD005_DIRECTION I [0.9090773652535854, 0.09092263474641465] 
PROD005_I 26 [0.7692061594061691, 0.07693128651520932, 0.07693127703931088, 0.07693127703931088] 
PROD005_J 21 [0.05882719558633338, 0.05882719558633338, 0.05882719558633338, 0.05882719558633338, 0.05882719558633338, 0.5882096308956664, 0.05882719558633338, 0.05882719558633338] 
PROD005_K 2 [0.08334376311304877, 0.8333124737739026, 0.08334376311304877] 
PROD006_I 54 [0.0769312787599648, 0.0769312787599648, 0.0769312787599648, 0.7692061637201056] 
PROD006_J 3 [0.09092263474641465, 0.9090773652535854] 
PROD007_I 63 [0.07143513735635815, 0.07143513735635815, 0.07143513735635815, 0.07143513735635815, 0.7142594505745674] 
PROD007_J 12 [0.08334376311304875, 0.08334376311304875, 0.8333124737739024] 
PROD009_DIRECTION I [0.9090773652535854, 0.09092263474641465] 
PROD009_I 6 [0.07143513735635813, 0.7142594505745673, 0.07143513735635813, 0.07143513735635813, 0.07143513735635813] 
PROD009_J 41 [0.06250439776712048, 0.06250439776712048, 0.06250439776712048, 0.6249736133972773, 0.06250439776712048, 0.06250439776712048, 0.06250439776712048] 
PROD009_K 1 [0.8333124737739026, 0.08334376311304877, 0.08334376311304877] 
PROD010_DIRECTION I [0.9090773652535854, 0.09092263474641465] 
PROD010_I 33 [0.05882719558633339, 0.05882719558633339, 0.05882719558633339, 0.0588271955863334, 0.5882096308956665, 0.05882719558633339, 0.05882719558633339, 0.05882719558633339] 
PROD010_J 31 [0.06250439776712048, 0.6249736133972773, 0.06250439776712048, 0.06250439776712048, 0.06250439776712048, 0.06250439776712048, 0.06250439776712048] 
PROD010_K 1 [0.8333124737739026, 0.08334376311304877, 0.08334376311304877] 
PROD012_DIRECTION J [0.09092263474641465, 0.9090773652535854] 
PROD012_I 41 [0.055558643828321985, 0.055558643828321985, 0.055558643828321985, 0.055558643828321985, 0.5555308493734242, 0.055558643828321985, 0.055558643828321985, 0.055558643828321985, 0.055558643828321985] 
PROD012_J 33 [0.05000225113704048, 0.05000225113704048, 0.05000225113704048, 0.49997748862959523, 0.05000225113704048, 0.05000225113704048, 0.05000225113704048, 0.05000225113704048, 0.05000225113704048, 0.05000225113704048, 0.05000225113704048] 
PROD012_K 2 [0.08334376311304877, 0.8333124737739026, 0.08334376311304877] 
PROD014_DIRECTION J [0.09092263474641465, 0.9090773652535854] 
PROD014_I 51 [0.0621544033646508, 0.0621544033646508, 0.0621544033646508, 0.0621544033646508, 0.06775462029154182, 0.6214733628852043, 0.0621544033646508] 
PROD014_J 41 [0.05263420467693885, 0.05263420467693885, 0.05263420467693885, 0.05263420467693885, 0.05263420467693885, 0.05263420467693885, 0.05263420467693885, 0.5262921579075504, 0.05263420467693885, 0.05263420467693885] 
PROD014_K 2 [0.08334376311304877, 0.8333124737739026, 0.08334376311304877] 
PROD021_DIRECTION I [0.9090773652535854, 0.09092263474641465] 
PROD021_I 18 [0.04762099216397717, 0.04762099216397717, 0.04762099216397717, 0.04762099216397717, 0.47616908619625115, 0.04762099216397717, 0.04762099216397717, 0.04762099216397717, 0.04762099216397717, 0.04762099216397717, 0.04762099216397717, 0.04762099216397717] 
PROD021_J 41 [0.06250439776712048, 0.06250439776712048, 0.06250439776712048, 0.06250439776712048, 0.6249736133972773, 0.06250439776712048, 0.06250439776712048] 
PROD021_K 3 [0.08334376311304875, 0.08334376311304875, 0.8333124737739024] 
PROD023A_DIRECTION I [0.9090773652535854, 0.09092263474641465] 
PROD023A_I 56 [0.7142594505745673, 0.07143513735635813, 0.07143513735635813, 0.07143513735635813, 0.07143513735635813] 
PROD023A_J 13 [0.666639977944401, 0.0666720044111198, 0.0666720044111198, 0.0666720044111198, 0.0666720044111198, 0.0666720044111198] 
PROD023A_K 2 [0.08334376311304877, 0.8333124737739026, 0.08334376311304877] 
PROD024A_I 56 [0.6249736133972773, 0.06250439776712048, 0.06250439776712048, 0.06250439776712048, 0.06250439776712048, 0.06250439776712048, 0.06250439776712048] 
PROD024A_J 36 [0.0769312787599648, 0.0769312787599648, 0.0769312787599648, 0.7692061637201056] 
PROD024A_K 3 [0.08334376311304875, 0.08334376311304875, 0.8333124737739024] 
PROD025A_DIRECTION J [0.09092263474641465, 0.9090773652535854] 
PROD025A_I 54 [0.666639977944401, 0.0666720044111198, 0.0666720044111198, 0.0666720044111198, 0.0666720044111198, 0.0666720044111198] 
PROD025A_J 22 [0.07143513735635813, 0.7142594505745673, 0.07143513735635813, 0.07143513735635813, 0.07143513735635813] 
PROD025A_K 1 [0.8333124737739026, 0.08334376311304877, 0.08334376311304877] 
PROD026_DIRECTION J [0.09092263474641465, 0.9090773652535854] 
PROD026_I 45 [0.7142594505745673, 0.07143513735635813, 0.07143513735635813, 0.07143513735635813, 0.07143513735635813] 
PROD026_J 6 [0.06250439776712048, 0.06250439776712048, 0.6249736133972773, 0.06250439776712048, 0.06250439776712048, 0.06250439776712048, 0.06250439776712048] 
PROD026_K 2 [0.08334376311304877, 0.8333124737739026, 0.08334376311304877] 
INJ006_I 50 [0.0666720044111198, 0.666639977944401, 0.0666720044111198, 0.0666720044111198, 0.0666720044111198, 0.0666720044111198] 
INJ006_J 25 [0.05882719558633339, 0.05882719558633339, 0.05882719558633339, 0.05882719558633339, 0.5882096308956665, 0.05882719558633339, 0.05882719558633339, 0.05882719558633339] 
INJ006_K 13 [0.07693127862849579, 0.07693127935251536, 0.7692061633904932, 0.07693127862849579] 
INJ010_DIRECTION J [0.09092263474641465, 0.9090773652535854] 
INJ010_I 66 [0.7142594505745673, 0.07143513735635813, 0.07143513735635813, 0.07143513735635813, 0.07143513735635813] 
INJ010_J 30 [0.7142594505745673, 0.07143513735635813, 0.07143513735635813, 0.07143513735635813, 0.07143513735635813] 
INJ010_K 15 [0.07693127875996479, 0.07693127875996479, 0.7692061637201055, 0.07693127875996479] 
INJ017_DIRECTION I [0.9090773652535854, 0.09092263474641465] 
INJ017_I 30 [0.0666720044111198, 0.666639977944401, 0.0666720044111198, 0.0666720044111198, 0.0666720044111198, 0.0666720044111198] 
INJ017_J 16 [0.06250439776712048, 0.6249736133972773, 0.06250439776712048, 0.06250439776712048, 0.06250439776712048, 0.06250439776712048, 0.06250439776712048] 
INJ017_K 15 [0.07143513735635815, 0.07143513735635815, 0.07143513735635815, 0.7142594505745674, 0.07143513735635815] 
INJ019_DIRECTION J [0.09092263474641465, 0.9090773652535854] 
INJ019_I 34 [0.0666720044111198, 0.0666720044111198, 0.0666720044111198, 0.0666720044111198, 0.0666720044111198, 0.666639977944401] 
INJ019_J 45 [0.07693127875996479, 0.7692061637201055, 0.07693127875996479, 0.07693127875996479] 
INJ019_K 6 [0.7692039016893181, 0.07693458092666641, 0.07693075869200769, 0.07693075869200769] 
INJ021_DIRECTION I [0.9090773652535854, 0.09092263474641465] 
INJ021_I 22 [0.05555864382832199, 0.5555308493734242, 0.05555864382832199, 0.05555864382832199, 0.05555864382832199, 0.05555864382832199, 0.05555864382832199, 0.05555864382832199, 0.05555864382832199] 
INJ021_J 33 [0.0666720044111197, 0.0666720044111197, 0.0666720044111197, 0.0666720044111197, 0.06667200441112031, 0.666639977944401] 
INJ021_K 16 [0.0769312787599648, 0.0769312787599648, 0.0769312787599648, 0.7692061637201056] 
INJ022_DIRECTION I [0.9090773652535854, 0.09092263474641465] 
INJ022_I 73 [0.07143513735635815, 0.07143513735635815, 0.07143513735635815, 0.07143513735635815, 0.7142594505745674] 
INJ022_J 26 [0.0769312787599648, 0.0769312787599648, 0.0769312787599648, 0.7692061637201056] 
INJ022_K 6 [0.7142594505745673, 0.07143513735635813, 0.07143513735635813, 0.07143513735635813, 0.07143513735635813] 
INJ023_DIRECTION J [0.09092263474641465, 0.9090773652535854] 
INJ023_I 45 [0.0666720044111198, 0.0666720044111198, 0.0666720044111198, 0.0666720044111198, 0.0666720044111198, 0.666639977944401] 
INJ023_J 19 [0.0666720044111198, 0.0666720044111198, 0.0666720044111198, 0.0666720044111198, 0.0666720044111198, 0.666639977944401] 
INJ023_K 15 [0.09092263474641465, 0.9090773652535854] 
NA1A_CONSIDER 1 [0.09092263474641465, 0.9090773652535854] 

