Elite 1 OF_MAX_VPL 2963747971.57
NA2_CONSIDER 0 [0.9990900951178329, 0.0009099048821671304] 
NA3D_CONSIDER 1 [0.0009099048821671304, 0.9990900951178329] 
PltPRDSTL_PltPRDSTO 21700 [0.000526473459134188, 0.000526473459134188, 0.9952617388677923, 0.000526473459134188, 0.000526473459134188, 0.000526473459134188, 0.000526473459134188, 0.000526473459134188, 0.000526473459134188, 0.000526473459134188] 
PltPRDSTW 10462.5 [0.0006669872561618576, 0.0006669872561618576, 0.9966650637191907, 0.0006669872561618576, 0.0006669872561618576, 0.0006669872561618576] 
PltINJSTW 32550 [0.9947606204002044, 0.0004763072363450538, 0.0004763072363450538, 0.0004763072363450538, 0.0004763072363450538, 0.0004763072363450538, 0.0004763072363450538, 0.0004763072363450538, 0.0004763072363450538, 0.0004763072363450538, 0.0004763072363450538, 0.0004763072363450538] 
PROD005_DIRECTION I [0.9990900951178329, 0.0009099048821671304] 
PROD005_I 26 [0.9976908295213227, 0.000769723500533951, 0.0007697234890716864, 0.0007697234890716864] 
PROD005_J 21 [0.0005884554581777244, 0.0005884554581777244, 0.0005884554581777244, 0.0005884554581777244, 0.005880811792755936, 0.9905884554581778, 0.0005884554581777244, 0.0005884554581777244] 
PROD005_K 2 [0.0008339600066787457, 0.9983320799866425, 0.0008339600066787457] 
PROD006_I 54 [0.0007697234911092256, 0.0007697234911092256, 0.0007697234913093999, 0.9976908295264721] 
PROD006_J 3 [0.0009099048821671304, 0.9990900951178329] 
PROD007_I 59 [0.9971412795663683, 0.0007146801084079247, 0.0007146801084079247, 0.0007146801084079247, 0.0007146801084079247] 
PROD007_J 12 [0.0008339600066787457, 0.0008339600066787457, 0.9983320799866425] 
PROD009_DIRECTION I [0.9990900951178329, 0.0009099048821671304] 
PROD009_I 5 [0.9971412795663683, 0.0007146801084079247, 0.0007146801084079247, 0.0007146801084079247, 0.0007146801084079247] 
PROD009_J 40 [0.0006252641136815418, 0.0006252641136815418, 0.9962484153179108, 0.0006252641136815418, 0.0006252641136815418, 0.0006252641136815418, 0.0006252641136815418] 
PROD009_K 1 [0.9983320799866425, 0.0008339600066787501, 0.0008339600066787434] 
PROD010_DIRECTION J [0.0009099048821671304, 0.9990900951178329] 
PROD010_I 35 [0.0005884554581777245, 0.0005884554581777245, 0.0005884554581777245, 0.0005884554581777245, 0.0005884554581777245, 0.0005884554581777245, 0.9958808117927559, 0.0005884554581777245] 
PROD010_J 34 [0.0006252641136815418, 0.0006252641136815418, 0.0006252641136815418, 0.0006252641136815418, 0.9962484153179108, 0.0006252641136815418, 0.0006252641136815418] 
PROD010_K 2 [0.0008339600066787457, 0.9983320799866425, 0.0008339600066787457] 
PROD012_DIRECTION I [0.9990900951178329, 0.0009099048821671304] 
PROD012_I 37 [0.9955540719474967, 0.000555741006562909, 0.000555741006562909, 0.000555741006562909, 0.000555741006562909, 0.000555741006562909, 0.000555741006562909, 0.000555741006562909, 0.000555741006562909] 
PROD012_J 38 [0.000500135172400132, 0.000500135172400132, 0.000500135172400132, 0.000500135172400132, 0.000500135172400132, 0.000500135172400132, 0.000500135172400132, 0.000500135172400132, 0.9949986482759987, 0.000500135172400132, 0.000500135172400132] 
PROD012_K 3 [0.0008339600066787457, 0.0008339600066787457, 0.9983320799866425] 
PROD014_DIRECTION I [0.9990900951178329, 0.0009099048821671304] 
PROD014_I 50 [0.0006252641136815064, 0.0006252641136815064, 0.0006252641136815064, 0.0006252641136817408, 0.9962484153179108, 0.0006252641136815064, 0.0006252641136815064] 
PROD014_J 41 [0.0005264734591341882, 0.0005264734591341882, 0.0005264734591341882, 0.0005264734591341882, 0.0005264734591341882, 0.0005264734591341882, 0.0005264734591341882, 0.9952617388677923, 0.0005264734591341882, 0.0005264734591341882] 
PROD014_K 2 [0.0008339600066787457, 0.9983320799866425, 0.0008339600066787457] 
PROD021_DIRECTION J [0.0009099048821671304, 0.9990900951178329] 
PROD021_I 16 [0.0004763072363450538, 0.0004763072363450538, 0.9947606204002044, 0.0004763072363450538, 0.0004763072363450538, 0.0004763072363450538, 0.0004763072363450538, 0.0004763072363450538, 0.0004763072363450538, 0.0004763072363450538, 0.0004763072363450538, 0.0004763072363450538] 
PROD021_J 39 [0.0006252641136815418, 0.0006252641136815418, 0.9962484153179108, 0.0006252641136815418, 0.0006252641136815418, 0.0006252641136815418, 0.0006252641136815418] 
PROD021_K 2 [0.0008339600066787457, 0.9983320799866425, 0.0008339600066787457] 
PROD023A_DIRECTION I [0.9990900951178329, 0.0009099048821671304] 
PROD023A_I 58 [0.0007146801084079247, 0.0007146801084079247, 0.9971412795663683, 0.0007146801084079247, 0.0007146801084079247] 
PROD023A_J 13 [0.9966650637191907, 0.0006669872561618576, 0.0006669872561618576, 0.0006669872561618576, 0.0006669872561618576, 0.0006669872561618576] 
PROD023A_K 1 [0.9983320799866425, 0.0008339600066787457, 0.0008339600066787457] 
PROD024A_I 56 [0.9962484153179108, 0.0006252641136815418, 0.0006252641136815418, 0.0006252641136815418, 0.0006252641136815418, 0.0006252641136815418, 0.0006252641136815418] 
PROD024A_J 36 [0.0007697234911525731, 0.0007697234911525731, 0.0007697234911525731, 0.9976908295265423] 
PROD024A_K 2 [0.0008339600066787457, 0.9983320799866425, 0.0008339600066787457] 
PROD025A_DIRECTION I [0.9990900951178329, 0.0009099048821671304] 
PROD025A_I 58 [0.0006669872561618576, 0.0006669872561618576, 0.0006669872561618576, 0.0006669872561618576, 0.9966650637191907, 0.0006669872561618576] 
PROD025A_J 21 [0.9971412795663683, 0.0007146801084079247, 0.0007146801084079247, 0.0007146801084079247, 0.0007146801084079247] 
PROD025A_K 1 [0.9983320799866425, 0.0008339600066787457, 0.0008339600066787457] 
PROD026_DIRECTION J [0.0009099048821671304, 0.9990900951178329] 
PROD026_I 48 [0.0007146801084079249, 0.0007146801084079249, 0.0007146801084079249, 0.9971412795663683, 0.0007146801084079249] 
PROD026_J 5 [0.0006252641136815418, 0.9962484153179108, 0.0006252641136815418, 0.0006252641136815418, 0.0006252641136815418, 0.0006252641136815418, 0.0006252641136815418] 
PROD026_K 2 [0.0008339600066787457, 0.9983320799866425, 0.0008339600066787457] 
INJ006_I 51 [0.0006669872561618576, 0.0006669872561618576, 0.9966650637191907, 0.0006669872561618576, 0.0006669872561618576, 0.0006669872561618576] 
INJ006_J 27 [0.0005884554581777245, 0.0005884554581777245, 0.0005884554581777245, 0.0005884554581777245, 0.0005884554581777245, 0.0005884554581777245, 0.9958808117927559, 0.0005884554581777245] 
INJ006_K 12 [0.0007697234911525731, 0.9976908295265423, 0.0007697234911525731, 0.0007697234911525731] 
INJ010_DIRECTION J [0.0009099048821671304, 0.9990900951178329] 
INJ010_I 72 [0.0007146801084079249, 0.0007146801084079249, 0.0007146801084079249, 0.0007146801084079249, 0.9971412795663683] 
INJ010_J 32 [0.0007146801084079247, 0.9971412795663683, 0.0007146801084079247, 0.0007146801084079247, 0.0007146801084079247] 
INJ010_K 6 [0.9976908295265423, 0.0007697234911525731, 0.0007697234911525731, 0.0007697234911525731] 
INJ017_DIRECTION I [0.9990900951178329, 0.0009099048821671304] 
INJ017_I 36 [0.0006669872561618576, 0.0006669872561618576, 0.0006669872561618576, 0.0006669872561618576, 0.9966650637191907, 0.0006669872561618576] 
INJ017_J 14 [0.9962484153179108, 0.0006252641136815418, 0.0006252641136815418, 0.0006252641136815418, 0.0006252641136815418, 0.0006252641136815418, 0.0006252641136815418] 
INJ017_K 15 [0.0007146801084079249, 0.0007146801084079249, 0.0007146801084079249, 0.9971412795663683, 0.0007146801084079249] 
INJ019_DIRECTION J [0.0009099048821671304, 0.9990900951178329] 
INJ019_I 24 [0.9966650637191907, 0.0006669872561618576, 0.0006669872561618576, 0.0006669872561618576, 0.0006669872561618576, 0.0006669872561618576] 
INJ019_J 45 [0.0007697234911525731, 0.9976908295265423, 0.0007697234911525731, 0.0007697234911525731] 
INJ019_K 15 [0.000769723491152573, 0.000769723491152573, 0.9976908295265423, 0.000769723491152573] 
INJ021_DIRECTION J [0.0009099048821671304, 0.9990900951178329] 
INJ021_I 22 [0.000555741006562909, 0.9955540719474967, 0.000555741006562909, 0.000555741006562909, 0.000555741006562909, 0.000555741006562909, 0.000555741006562909, 0.000555741006562909, 0.000555741006562909] 
INJ021_J 31 [0.0006669872561618576, 0.0006669872561618576, 0.0006669872561618576, 0.0006669872561618576, 0.9966650637191907, 0.0006669872561618576] 
INJ021_K 12 [0.000769723491152573, 0.000769723491152573, 0.9976908295265423, 0.000769723491152573] 
INJ022_DIRECTION I [0.9990900951178329, 0.0009099048821671304] 
INJ022_I 67 [0.0007146801084079247, 0.9971412795663683, 0.0007146801084079247, 0.0007146801084079247, 0.0007146801084079247] 
INJ022_J 26 [0.0007697234911525731, 0.0007697234911525731, 0.0007697234911525731, 0.9976908295265423] 
INJ022_K 6 [0.9971412795663683, 0.0007146801084079247, 0.0007146801084079247, 0.0007146801084079247, 0.0007146801084079247] 
INJ023_DIRECTION J [0.0009099048821671304, 0.9990900951178329] 
INJ023_I 43 [0.0006669872561618576, 0.0006669872561618576, 0.0006669872561618576, 0.9966650637191907, 0.0006669872561618576, 0.0006669872561618576] 
INJ023_J 19 [0.0006669872561618576, 0.0006669872561618576, 0.0006669872561618576, 0.0006669872561618576, 0.0006669872561618576, 0.9966650637191907] 
INJ023_K 15 [0.0009099048821671304, 0.9990900951178329] 
NA1A_CONSIDER 1 [0.0009099048821671304, 0.9990900951178329] 

Elite 2 OF_MAX_VPL 2960719103.61
NA2_CONSIDER 0 [0.9990900951178329, 0.0009099048821671304] 
NA3D_CONSIDER 1 [0.0009099048821671304, 0.9990900951178329] 
PltPRDSTL_PltPRDSTO 21700 [0.000526473459134188, 0.000526473459134188, 0.9952617388677923, 0.000526473459134188, 0.000526473459134188, 0.000526473459134188, 0.000526473459134188, 0.000526473459134188, 0.000526473459134188, 0.000526473459134188] 
PltPRDSTW 10462.5 [0.0006669872561618576, 0.0006669872561618576, 0.9966650637191907, 0.0006669872561618576, 0.0006669872561618576, 0.0006669872561618576] 
PltINJSTW 32550 [0.9947606204002044, 0.0004763072363450538, 0.0004763072363450538, 0.0004763072363450538, 0.0004763072363450538, 0.0004763072363450538, 0.0004763072363450538, 0.0004763072363450538, 0.0004763072363450538, 0.0004763072363450538, 0.0004763072363450538, 0.0004763072363450538] 
PROD005_DIRECTION I [0.9990900951178329, 0.0009099048821671304] 
PROD005_I 26 [0.9976908295213227, 0.000769723500533951, 0.0007697234890716864, 0.0007697234890716864] 
PROD005_J 20 [0.0005884554581777244, 0.0005884554581777244, 0.0005884554581777244, 0.0005884554581777244, 0.9958808117927559, 0.0005884554581777244, 0.0005884554581777244, 0.0005884554581777244] 
PROD005_K 2 [0.0008339600066787457, 0.9983320799866425, 0.0008339600066787457] 
PROD006_I 54 [0.0007697234911092256, 0.0007697234911092256, 0.0007697234913093999, 0.9976908295264721] 
PROD006_J 3 [0.0009099048821671304, 0.9990900951178329] 
PROD007_I 59 [0.9971412795663683, 0.0007146801084079247, 0.0007146801084079247, 0.0007146801084079247, 0.0007146801084079247] 
PROD007_J 12 [0.0008339600066787457, 0.0008339600066787457, 0.9983320799866425] 
PROD009_DIRECTION I [0.9990900951178329, 0.0009099048821671304] 
PROD009_I 5 [0.9971412795663683, 0.0007146801084079247, 0.0007146801084079247, 0.0007146801084079247, 0.0007146801084079247] 
PROD009_J 40 [0.0006252641136815418, 0.0006252641136815418, 0.9962484153179108, 0.0006252641136815418, 0.0006252641136815418, 0.0006252641136815418, 0.0006252641136815418] 
PROD009_K 1 [0.9983320799866425, 0.0008339600066787501, 0.0008339600066787434] 
PROD010_DIRECTION J [0.0009099048821671304, 0.9990900951178329] 
PROD010_I 35 [0.0005884554581777245, 0.0005884554581777245, 0.0005884554581777245, 0.0005884554581777245, 0.0005884554581777245, 0.0005884554581777245, 0.9958808117927559, 0.0005884554581777245] 
PROD010_J 34 [0.0006252641136815418, 0.0006252641136815418, 0.0006252641136815418, 0.0006252641136815418, 0.9962484153179108, 0.0006252641136815418, 0.0006252641136815418] 
PROD010_K 2 [0.0008339600066787457, 0.9983320799866425, 0.0008339600066787457] 
PROD012_DIRECTION I [0.9990900951178329, 0.0009099048821671304] 
PROD012_I 37 [0.9955540719474967, 0.000555741006562909, 0.000555741006562909, 0.000555741006562909, 0.000555741006562909, 0.000555741006562909, 0.000555741006562909, 0.000555741006562909, 0.000555741006562909] 
PROD012_J 38 [0.000500135172400132, 0.000500135172400132, 0.000500135172400132, 0.000500135172400132, 0.000500135172400132, 0.000500135172400132, 0.000500135172400132, 0.000500135172400132, 0.9949986482759987, 0.000500135172400132, 0.000500135172400132] 
PROD012_K 3 [0.0008339600066787457, 0.0008339600066787457, 0.9983320799866425] 
PROD014_DIRECTION I [0.9990900951178329, 0.0009099048821671304] 
PROD014_I 50 [0.0006252641136815064, 0.0006252641136815064, 0.0006252641136815064, 0.0006252641136817408, 0.9962484153179108, 0.0006252641136815064, 0.0006252641136815064] 
PROD014_J 41 [0.0005264734591341882, 0.0005264734591341882, 0.0005264734591341882, 0.0005264734591341882, 0.0005264734591341882, 0.0005264734591341882, 0.0005264734591341882, 0.9952617388677923, 0.0005264734591341882, 0.0005264734591341882] 
PROD014_K 2 [0.0008339600066787457, 0.9983320799866425, 0.0008339600066787457] 
PROD021_DIRECTION J [0.0009099048821671304, 0.9990900951178329] 
PROD021_I 16 [0.0004763072363450538, 0.0004763072363450538, 0.9947606204002044, 0.0004763072363450538, 0.0004763072363450538, 0.0004763072363450538, 0.0004763072363450538, 0.0004763072363450538, 0.0004763072363450538, 0.0004763072363450538, 0.0004763072363450538, 0.0004763072363450538] 
PROD021_J 39 [0.0006252641136815418, 0.0006252641136815418, 0.9962484153179108, 0.0006252641136815418, 0.0006252641136815418, 0.0006252641136815418, 0.0006252641136815418] 
PROD021_K 2 [0.0008339600066787457, 0.9983320799866425, 0.0008339600066787457] 
PROD023A_DIRECTION I [0.9990900951178329, 0.0009099048821671304] 
PROD023A_I 58 [0.0007146801084079247, 0.0007146801084079247, 0.9971412795663683, 0.0007146801084079247, 0.0007146801084079247] 
PROD023A_J 13 [0.9966650637191907, 0.0006669872561618576, 0.0006669872561618576, 0.0006669872561618576, 0.0006669872561618576, 0.0006669872561618576] 
PROD023A_K 1 [0.9983320799866425, 0.0008339600066787457, 0.0008339600066787457] 
PROD024A_I 56 [0.9962484153179108, 0.0006252641136815418, 0.0006252641136815418, 0.0006252641136815418, 0.0006252641136815418, 0.0006252641136815418, 0.0006252641136815418] 
PROD024A_J 36 [0.0007697234911525731, 0.0007697234911525731, 0.0007697234911525731, 0.9976908295265423] 
PROD024A_K 2 [0.0008339600066787457, 0.9983320799866425, 0.0008339600066787457] 
PROD025A_DIRECTION I [0.9990900951178329, 0.0009099048821671304] 
PROD025A_I 58 [0.0006669872561618576, 0.0006669872561618576, 0.0006669872561618576, 0.0006669872561618576, 0.9966650637191907, 0.0006669872561618576] 
PROD025A_J 21 [0.9971412795663683, 0.0007146801084079247, 0.0007146801084079247, 0.0007146801084079247, 0.0007146801084079247] 
PROD025A_K 1 [0.9983320799866425, 0.0008339600066787457, 0.0008339600066787457] 
PROD026_DIRECTION J [0.0009099048821671304, 0.9990900951178329] 
PROD026_I 48 [0.0007146801084079249, 0.0007146801084079249, 0.0007146801084079249, 0.9971412795663683, 0.0007146801084079249] 
PROD026_J 5 [0.0006252641136815418, 0.9962484153179108, 0.0006252641136815418, 0.0006252641136815418, 0.0006252641136815418, 0.0006252641136815418, 0.0006252641136815418] 
PROD026_K 2 [0.0008339600066787457, 0.9983320799866425, 0.0008339600066787457] 
INJ006_I 51 [0.0006669872561618576, 0.0006669872561618576, 0.9966650637191907, 0.0006669872561618576, 0.0006669872561618576, 0.0006669872561618576] 
INJ006_J 27 [0.0005884554581777245, 0.0005884554581777245, 0.0005884554581777245, 0.0005884554581777245, 0.0005884554581777245, 0.0005884554581777245, 0.9958808117927559, 0.0005884554581777245] 
INJ006_K 12 [0.0007697234911525731, 0.9976908295265423, 0.0007697234911525731, 0.0007697234911525731] 
INJ010_DIRECTION J [0.0009099048821671304, 0.9990900951178329] 
INJ010_I 72 [0.0007146801084079249, 0.0007146801084079249, 0.0007146801084079249, 0.0007146801084079249, 0.9971412795663683] 
INJ010_J 32 [0.0007146801084079247, 0.9971412795663683, 0.0007146801084079247, 0.0007146801084079247, 0.0007146801084079247] 
INJ010_K 6 [0.9976908295265423, 0.0007697234911525731, 0.0007697234911525731, 0.0007697234911525731] 
INJ017_DIRECTION I [0.9990900951178329, 0.0009099048821671304] 
INJ017_I 36 [0.0006669872561618576, 0.0006669872561618576, 0.0006669872561618576, 0.0006669872561618576, 0.9966650637191907, 0.0006669872561618576] 
INJ017_J 14 [0.9962484153179108, 0.0006252641136815418, 0.0006252641136815418, 0.0006252641136815418, 0.0006252641136815418, 0.0006252641136815418, 0.0006252641136815418] 
INJ017_K 15 [0.0007146801084079249, 0.0007146801084079249, 0.0007146801084079249, 0.9971412795663683, 0.0007146801084079249] 
INJ019_DIRECTION J [0.0009099048821671304, 0.9990900951178329] 
INJ019_I 24 [0.9966650637191907, 0.0006669872561618576, 0.0006669872561618576, 0.0006669872561618576, 0.0006669872561618576, 0.0006669872561618576] 
INJ019_J 45 [0.0007697234911525731, 0.9976908295265423, 0.0007697234911525731, 0.0007697234911525731] 
INJ019_K 15 [0.000769723491152573, 0.000769723491152573, 0.9976908295265423, 0.000769723491152573] 
INJ021_DIRECTION J [0.0009099048821671304, 0.9990900951178329] 
INJ021_I 22 [0.000555741006562909, 0.9955540719474967, 0.000555741006562909, 0.000555741006562909, 0.000555741006562909, 0.000555741006562909, 0.000555741006562909, 0.000555741006562909, 0.000555741006562909] 
INJ021_J 31 [0.0006669872561618576, 0.0006669872561618576, 0.0006669872561618576, 0.0006669872561618576, 0.9966650637191907, 0.0006669872561618576] 
INJ021_K 12 [0.000769723491152573, 0.000769723491152573, 0.9976908295265423, 0.000769723491152573] 
INJ022_DIRECTION I [0.9990900951178329, 0.0009099048821671304] 
INJ022_I 67 [0.0007146801084079247, 0.9971412795663683, 0.0007146801084079247, 0.0007146801084079247, 0.0007146801084079247] 
INJ022_J 26 [0.0007697234911525731, 0.0007697234911525731, 0.0007697234911525731, 0.9976908295265423] 
INJ022_K 6 [0.9971412795663683, 0.0007146801084079247, 0.0007146801084079247, 0.0007146801084079247, 0.0007146801084079247] 
INJ023_DIRECTION J [0.0009099048821671304, 0.9990900951178329] 
INJ023_I 43 [0.0006669872561618576, 0.0006669872561618576, 0.0006669872561618576, 0.9966650637191907, 0.0006669872561618576, 0.0006669872561618576] 
INJ023_J 19 [0.0006669872561618576, 0.0006669872561618576, 0.0006669872561618576, 0.0006669872561618576, 0.0006669872561618576, 0.9966650637191907] 
INJ023_K 15 [0.0009099048821671304, 0.9990900951178329] 
NA1A_CONSIDER 1 [0.0009099048821671304, 0.9990900951178329] 

Elite 3 OF_MAX_VPL 2960719103.61
NA2_CONSIDER 0 [0.9990900951178329, 0.0009099048821671304] 
NA3D_CONSIDER 1 [0.0009099048821671304, 0.9990900951178329] 
PltPRDSTL_PltPRDSTO 21700 [0.000526473459134188, 0.000526473459134188, 0.9952617388677923, 0.000526473459134188, 0.000526473459134188, 0.000526473459134188, 0.000526473459134188, 0.000526473459134188, 0.000526473459134188, 0.000526473459134188] 
PltPRDSTW 10462.5 [0.0006669872561618576, 0.0006669872561618576, 0.9966650637191907, 0.0006669872561618576, 0.0006669872561618576, 0.0006669872561618576] 
PltINJSTW 32550 [0.9947606204002044, 0.0004763072363450538, 0.0004763072363450538, 0.0004763072363450538, 0.0004763072363450538, 0.0004763072363450538, 0.0004763072363450538, 0.0004763072363450538, 0.0004763072363450538, 0.0004763072363450538, 0.0004763072363450538, 0.0004763072363450538] 
PROD005_DIRECTION I [0.9990900951178329, 0.0009099048821671304] 
PROD005_I 26 [0.9976908295213227, 0.000769723500533951, 0.0007697234890716864, 0.0007697234890716864] 
PROD005_J 20 [0.0005884554581777244, 0.0005884554581777244, 0.0005884554581777244, 0.0005884554581777244, 0.9958808117927559, 0.0005884554581777244, 0.0005884554581777244, 0.0005884554581777244] 
PROD005_K 2 [0.0008339600066787457, 0.9983320799866425, 0.0008339600066787457] 
PROD006_I 54 [0.0007697234911092256, 0.0007697234911092256, 0.0007697234913093999, 0.9976908295264721] 
PROD006_J 3 [0.0009099048821671304, 0.9990900951178329] 
PROD007_I 59 [0.9971412795663683, 0.0007146801084079247, 0.0007146801084079247, 0.0007146801084079247, 0.0007146801084079247] 
PROD007_J 12 [0.0008339600066787457, 0.0008339600066787457, 0.9983320799866425] 
PROD009_DIRECTION I [0.9990900951178329, 0.0009099048821671304] 
PROD009_I 5 [0.9971412795663683, 0.0007146801084079247, 0.0007146801084079247, 0.0007146801084079247, 0.0007146801084079247] 
PROD009_J 40 [0.0006252641136815418, 0.0006252641136815418, 0.9962484153179108, 0.0006252641136815418, 0.0006252641136815418, 0.0006252641136815418, 0.0006252641136815418] 
PROD009_K 1 [0.9983320799866425, 0.0008339600066787501, 0.0008339600066787434] 
PROD010_DIRECTION J [0.0009099048821671304, 0.9990900951178329] 
PROD010_I 35 [0.0005884554581777245, 0.0005884554581777245, 0.0005884554581777245, 0.0005884554581777245, 0.0005884554581777245, 0.0005884554581777245, 0.9958808117927559, 0.0005884554581777245] 
PROD010_J 34 [0.0006252641136815418, 0.0006252641136815418, 0.0006252641136815418, 0.0006252641136815418, 0.9962484153179108, 0.0006252641136815418, 0.0006252641136815418] 
PROD010_K 2 [0.0008339600066787457, 0.9983320799866425, 0.0008339600066787457] 
PROD012_DIRECTION I [0.9990900951178329, 0.0009099048821671304] 
PROD012_I 37 [0.9955540719474967, 0.000555741006562909, 0.000555741006562909, 0.000555741006562909, 0.000555741006562909, 0.000555741006562909, 0.000555741006562909, 0.000555741006562909, 0.000555741006562909] 
PROD012_J 38 [0.000500135172400132, 0.000500135172400132, 0.000500135172400132, 0.000500135172400132, 0.000500135172400132, 0.000500135172400132, 0.000500135172400132, 0.000500135172400132, 0.9949986482759987, 0.000500135172400132, 0.000500135172400132] 
PROD012_K 3 [0.0008339600066787457, 0.0008339600066787457, 0.9983320799866425] 
PROD014_DIRECTION I [0.9990900951178329, 0.0009099048821671304] 
PROD014_I 50 [0.0006252641136815064, 0.0006252641136815064, 0.0006252641136815064, 0.0006252641136817408, 0.9962484153179108, 0.0006252641136815064, 0.0006252641136815064] 
PROD014_J 41 [0.0005264734591341882, 0.0005264734591341882, 0.0005264734591341882, 0.0005264734591341882, 0.0005264734591341882, 0.0005264734591341882, 0.0005264734591341882, 0.9952617388677923, 0.0005264734591341882, 0.0005264734591341882] 
PROD014_K 2 [0.0008339600066787457, 0.9983320799866425, 0.0008339600066787457] 
PROD021_DIRECTION J [0.0009099048821671304, 0.9990900951178329] 
PROD021_I 16 [0.0004763072363450538, 0.0004763072363450538, 0.9947606204002044, 0.0004763072363450538, 0.0004763072363450538, 0.0004763072363450538, 0.0004763072363450538, 0.0004763072363450538, 0.0004763072363450538, 0.0004763072363450538, 0.0004763072363450538, 0.0004763072363450538] 
PROD021_J 39 [0.0006252641136815418, 0.0006252641136815418, 0.9962484153179108, 0.0006252641136815418, 0.0006252641136815418, 0.0006252641136815418, 0.0006252641136815418] 
PROD021_K 2 [0.0008339600066787457, 0.9983320799866425, 0.0008339600066787457] 
PROD023A_DIRECTION I [0.9990900951178329, 0.0009099048821671304] 
PROD023A_I 58 [0.0007146801084079247, 0.0007146801084079247, 0.9971412795663683, 0.0007146801084079247, 0.0007146801084079247] 
PROD023A_J 13 [0.9966650637191907, 0.0006669872561618576, 0.0006669872561618576, 0.0006669872561618576, 0.0006669872561618576, 0.0006669872561618576] 
PROD023A_K 1 [0.9983320799866425, 0.0008339600066787457, 0.0008339600066787457] 
PROD024A_I 56 [0.9962484153179108, 0.0006252641136815418, 0.0006252641136815418, 0.0006252641136815418, 0.0006252641136815418, 0.0006252641136815418, 0.0006252641136815418] 
PROD024A_J 36 [0.0007697234911525731, 0.0007697234911525731, 0.0007697234911525731, 0.9976908295265423] 
PROD024A_K 2 [0.0008339600066787457, 0.9983320799866425, 0.0008339600066787457] 
PROD025A_DIRECTION I [0.9990900951178329, 0.0009099048821671304] 
PROD025A_I 58 [0.0006669872561618576, 0.0006669872561618576, 0.0006669872561618576, 0.0006669872561618576, 0.9966650637191907, 0.0006669872561618576] 
PROD025A_J 21 [0.9971412795663683, 0.0007146801084079247, 0.0007146801084079247, 0.0007146801084079247, 0.0007146801084079247] 
PROD025A_K 1 [0.9983320799866425, 0.0008339600066787457, 0.0008339600066787457] 
PROD026_DIRECTION J [0.0009099048821671304, 0.9990900951178329] 
PROD026_I 48 [0.0007146801084079249, 0.0007146801084079249, 0.0007146801084079249, 0.9971412795663683, 0.0007146801084079249] 
PROD026_J 5 [0.0006252641136815418, 0.9962484153179108, 0.0006252641136815418, 0.0006252641136815418, 0.0006252641136815418, 0.0006252641136815418, 0.0006252641136815418] 
PROD026_K 2 [0.0008339600066787457, 0.9983320799866425, 0.0008339600066787457] 
INJ006_I 51 [0.0006669872561618576, 0.0006669872561618576, 0.9966650637191907, 0.0006669872561618576, 0.0006669872561618576, 0.0006669872561618576] 
INJ006_J 27 [0.0005884554581777245, 0.0005884554581777245, 0.0005884554581777245, 0.0005884554581777245, 0.0005884554581777245, 0.0005884554581777245, 0.9958808117927559, 0.0005884554581777245] 
INJ006_K 12 [0.0007697234911525731, 0.9976908295265423, 0.0007697234911525731, 0.0007697234911525731] 
INJ010_DIRECTION J [0.0009099048821671304, 0.9990900951178329] 
INJ010_I 72 [0.0007146801084079249, 0.0007146801084079249, 0.0007146801084079249, 0.0007146801084079249, 0.9971412795663683] 
INJ010_J 32 [0.0007146801084079247, 0.9971412795663683, 0.0007146801084079247, 0.0007146801084079247, 0.0007146801084079247] 
INJ010_K 6 [0.9976908295265423, 0.0007697234911525731, 0.0007697234911525731, 0.0007697234911525731] 
INJ017_DIRECTION I [0.9990900951178329, 0.0009099048821671304] 
INJ017_I 36 [0.0006669872561618576, 0.0006669872561618576, 0.0006669872561618576, 0.0006669872561618576, 0.9966650637191907, 0.0006669872561618576] 
INJ017_J 14 [0.9962484153179108, 0.0006252641136815418, 0.0006252641136815418, 0.0006252641136815418, 0.0006252641136815418, 0.0006252641136815418, 0.0006252641136815418] 
INJ017_K 15 [0.0007146801084079249, 0.0007146801084079249, 0.0007146801084079249, 0.9971412795663683, 0.0007146801084079249] 
INJ019_DIRECTION J [0.0009099048821671304, 0.9990900951178329] 
INJ019_I 24 [0.9966650637191907, 0.0006669872561618576, 0.0006669872561618576, 0.0006669872561618576, 0.0006669872561618576, 0.0006669872561618576] 
INJ019_J 45 [0.0007697234911525731, 0.9976908295265423, 0.0007697234911525731, 0.0007697234911525731] 
INJ019_K 15 [0.000769723491152573, 0.000769723491152573, 0.9976908295265423, 0.000769723491152573] 
INJ021_DIRECTION J [0.0009099048821671304, 0.9990900951178329] 
INJ021_I 22 [0.000555741006562909, 0.9955540719474967, 0.000555741006562909, 0.000555741006562909, 0.000555741006562909, 0.000555741006562909, 0.000555741006562909, 0.000555741006562909, 0.000555741006562909] 
INJ021_J 31 [0.0006669872561618576, 0.0006669872561618576, 0.0006669872561618576, 0.0006669872561618576, 0.9966650637191907, 0.0006669872561618576] 
INJ021_K 12 [0.000769723491152573, 0.000769723491152573, 0.9976908295265423, 0.000769723491152573] 
INJ022_DIRECTION I [0.9990900951178329, 0.0009099048821671304] 
INJ022_I 67 [0.0007146801084079247, 0.9971412795663683, 0.0007146801084079247, 0.0007146801084079247, 0.0007146801084079247] 
INJ022_J 26 [0.0007697234911525731, 0.0007697234911525731, 0.0007697234911525731, 0.9976908295265423] 
INJ022_K 6 [0.9971412795663683, 0.0007146801084079247, 0.0007146801084079247, 0.0007146801084079247, 0.0007146801084079247] 
INJ023_DIRECTION J [0.0009099048821671304, 0.9990900951178329] 
INJ023_I 43 [0.0006669872561618576, 0.0006669872561618576, 0.0006669872561618576, 0.9966650637191907, 0.0006669872561618576, 0.0006669872561618576] 
INJ023_J 19 [0.0006669872561618576, 0.0006669872561618576, 0.0006669872561618576, 0.0006669872561618576, 0.0006669872561618576, 0.9966650637191907] 
INJ023_K 15 [0.0009099048821671304, 0.9990900951178329] 
NA1A_CONSIDER 1 [0.0009099048821671304, 0.9990900951178329] 

Elite 4 OF_MAX_VPL 2960719103.61
NA2_CONSIDER 0 [0.9990900951178329, 0.0009099048821671304] 
NA3D_CONSIDER 1 [0.0009099048821671304, 0.9990900951178329] 
PltPRDSTL_PltPRDSTO 21700 [0.000526473459134188, 0.000526473459134188, 0.9952617388677923, 0.000526473459134188, 0.000526473459134188, 0.000526473459134188, 0.000526473459134188, 0.000526473459134188, 0.000526473459134188, 0.000526473459134188] 
PltPRDSTW 10462.5 [0.0006669872561618576, 0.0006669872561618576, 0.9966650637191907, 0.0006669872561618576, 0.0006669872561618576, 0.0006669872561618576] 
PltINJSTW 32550 [0.9947606204002044, 0.0004763072363450538, 0.0004763072363450538, 0.0004763072363450538, 0.0004763072363450538, 0.0004763072363450538, 0.0004763072363450538, 0.0004763072363450538, 0.0004763072363450538, 0.0004763072363450538, 0.0004763072363450538, 0.0004763072363450538] 
PROD005_DIRECTION I [0.9990900951178329, 0.0009099048821671304] 
PROD005_I 26 [0.9976908295213227, 0.000769723500533951, 0.0007697234890716864, 0.0007697234890716864] 
PROD005_J 20 [0.0005884554581777244, 0.0005884554581777244, 0.0005884554581777244, 0.0005884554581777244, 0.9958808117927559, 0.0005884554581777244, 0.0005884554581777244, 0.0005884554581777244] 
PROD005_K 2 [0.0008339600066787457, 0.9983320799866425, 0.0008339600066787457] 
PROD006_I 54 [0.0007697234911092256, 0.0007697234911092256, 0.0007697234913093999, 0.9976908295264721] 
PROD006_J 3 [0.0009099048821671304, 0.9990900951178329] 
PROD007_I 59 [0.9971412795663683, 0.0007146801084079247, 0.0007146801084079247, 0.0007146801084079247, 0.0007146801084079247] 
PROD007_J 12 [0.0008339600066787457, 0.0008339600066787457, 0.9983320799866425] 
PROD009_DIRECTION I [0.9990900951178329, 0.0009099048821671304] 
PROD009_I 5 [0.9971412795663683, 0.0007146801084079247, 0.0007146801084079247, 0.0007146801084079247, 0.0007146801084079247] 
PROD009_J 40 [0.0006252641136815418, 0.0006252641136815418, 0.9962484153179108, 0.0006252641136815418, 0.0006252641136815418, 0.0006252641136815418, 0.0006252641136815418] 
PROD009_K 1 [0.9983320799866425, 0.0008339600066787501, 0.0008339600066787434] 
PROD010_DIRECTION J [0.0009099048821671304, 0.9990900951178329] 
PROD010_I 35 [0.0005884554581777245, 0.0005884554581777245, 0.0005884554581777245, 0.0005884554581777245, 0.0005884554581777245, 0.0005884554581777245, 0.9958808117927559, 0.0005884554581777245] 
PROD010_J 34 [0.0006252641136815418, 0.0006252641136815418, 0.0006252641136815418, 0.0006252641136815418, 0.9962484153179108, 0.0006252641136815418, 0.0006252641136815418] 
PROD010_K 2 [0.0008339600066787457, 0.9983320799866425, 0.0008339600066787457] 
PROD012_DIRECTION I [0.9990900951178329, 0.0009099048821671304] 
PROD012_I 37 [0.9955540719474967, 0.000555741006562909, 0.000555741006562909, 0.000555741006562909, 0.000555741006562909, 0.000555741006562909, 0.000555741006562909, 0.000555741006562909, 0.000555741006562909] 
PROD012_J 38 [0.000500135172400132, 0.000500135172400132, 0.000500135172400132, 0.000500135172400132, 0.000500135172400132, 0.000500135172400132, 0.000500135172400132, 0.000500135172400132, 0.9949986482759987, 0.000500135172400132, 0.000500135172400132] 
PROD012_K 3 [0.0008339600066787457, 0.0008339600066787457, 0.9983320799866425] 
PROD014_DIRECTION I [0.9990900951178329, 0.0009099048821671304] 
PROD014_I 50 [0.0006252641136815064, 0.0006252641136815064, 0.0006252641136815064, 0.0006252641136817408, 0.9962484153179108, 0.0006252641136815064, 0.0006252641136815064] 
PROD014_J 41 [0.0005264734591341882, 0.0005264734591341882, 0.0005264734591341882, 0.0005264734591341882, 0.0005264734591341882, 0.0005264734591341882, 0.0005264734591341882, 0.9952617388677923, 0.0005264734591341882, 0.0005264734591341882] 
PROD014_K 2 [0.0008339600066787457, 0.9983320799866425, 0.0008339600066787457] 
PROD021_DIRECTION J [0.0009099048821671304, 0.9990900951178329] 
PROD021_I 16 [0.0004763072363450538, 0.0004763072363450538, 0.9947606204002044, 0.0004763072363450538, 0.0004763072363450538, 0.0004763072363450538, 0.0004763072363450538, 0.0004763072363450538, 0.0004763072363450538, 0.0004763072363450538, 0.0004763072363450538, 0.0004763072363450538] 
PROD021_J 39 [0.0006252641136815418, 0.0006252641136815418, 0.9962484153179108, 0.0006252641136815418, 0.0006252641136815418, 0.0006252641136815418, 0.0006252641136815418] 
PROD021_K 2 [0.0008339600066787457, 0.9983320799866425, 0.0008339600066787457] 
PROD023A_DIRECTION I [0.9990900951178329, 0.0009099048821671304] 
PROD023A_I 58 [0.0007146801084079247, 0.0007146801084079247, 0.9971412795663683, 0.0007146801084079247, 0.0007146801084079247] 
PROD023A_J 13 [0.9966650637191907, 0.0006669872561618576, 0.0006669872561618576, 0.0006669872561618576, 0.0006669872561618576, 0.0006669872561618576] 
PROD023A_K 1 [0.9983320799866425, 0.0008339600066787457, 0.0008339600066787457] 
PROD024A_I 56 [0.9962484153179108, 0.0006252641136815418, 0.0006252641136815418, 0.0006252641136815418, 0.0006252641136815418, 0.0006252641136815418, 0.0006252641136815418] 
PROD024A_J 36 [0.0007697234911525731, 0.0007697234911525731, 0.0007697234911525731, 0.9976908295265423] 
PROD024A_K 2 [0.0008339600066787457, 0.9983320799866425, 0.0008339600066787457] 
PROD025A_DIRECTION I [0.9990900951178329, 0.0009099048821671304] 
PROD025A_I 58 [0.0006669872561618576, 0.0006669872561618576, 0.0006669872561618576, 0.0006669872561618576, 0.9966650637191907, 0.0006669872561618576] 
PROD025A_J 21 [0.9971412795663683, 0.0007146801084079247, 0.0007146801084079247, 0.0007146801084079247, 0.0007146801084079247] 
PROD025A_K 1 [0.9983320799866425, 0.0008339600066787457, 0.0008339600066787457] 
PROD026_DIRECTION J [0.0009099048821671304, 0.9990900951178329] 
PROD026_I 48 [0.0007146801084079249, 0.0007146801084079249, 0.0007146801084079249, 0.9971412795663683, 0.0007146801084079249] 
PROD026_J 5 [0.0006252641136815418, 0.9962484153179108, 0.0006252641136815418, 0.0006252641136815418, 0.0006252641136815418, 0.0006252641136815418, 0.0006252641136815418] 
PROD026_K 2 [0.0008339600066787457, 0.9983320799866425, 0.0008339600066787457] 
INJ006_I 51 [0.0006669872561618576, 0.0006669872561618576, 0.9966650637191907, 0.0006669872561618576, 0.0006669872561618576, 0.0006669872561618576] 
INJ006_J 27 [0.0005884554581777245, 0.0005884554581777245, 0.0005884554581777245, 0.0005884554581777245, 0.0005884554581777245, 0.0005884554581777245, 0.9958808117927559, 0.0005884554581777245] 
INJ006_K 12 [0.0007697234911525731, 0.9976908295265423, 0.0007697234911525731, 0.0007697234911525731] 
INJ010_DIRECTION J [0.0009099048821671304, 0.9990900951178329] 
INJ010_I 72 [0.0007146801084079249, 0.0007146801084079249, 0.0007146801084079249, 0.0007146801084079249, 0.9971412795663683] 
INJ010_J 32 [0.0007146801084079247, 0.9971412795663683, 0.0007146801084079247, 0.0007146801084079247, 0.0007146801084079247] 
INJ010_K 6 [0.9976908295265423, 0.0007697234911525731, 0.0007697234911525731, 0.0007697234911525731] 
INJ017_DIRECTION I [0.9990900951178329, 0.0009099048821671304] 
INJ017_I 36 [0.0006669872561618576, 0.0006669872561618576, 0.0006669872561618576, 0.0006669872561618576, 0.9966650637191907, 0.0006669872561618576] 
INJ017_J 14 [0.9962484153179108, 0.0006252641136815418, 0.0006252641136815418, 0.0006252641136815418, 0.0006252641136815418, 0.0006252641136815418, 0.0006252641136815418] 
INJ017_K 15 [0.0007146801084079249, 0.0007146801084079249, 0.0007146801084079249, 0.9971412795663683, 0.0007146801084079249] 
INJ019_DIRECTION J [0.0009099048821671304, 0.9990900951178329] 
INJ019_I 24 [0.9966650637191907, 0.0006669872561618576, 0.0006669872561618576, 0.0006669872561618576, 0.0006669872561618576, 0.0006669872561618576] 
INJ019_J 45 [0.0007697234911525731, 0.9976908295265423, 0.0007697234911525731, 0.0007697234911525731] 
INJ019_K 15 [0.000769723491152573, 0.000769723491152573, 0.9976908295265423, 0.000769723491152573] 
INJ021_DIRECTION J [0.0009099048821671304, 0.9990900951178329] 
INJ021_I 22 [0.000555741006562909, 0.9955540719474967, 0.000555741006562909, 0.000555741006562909, 0.000555741006562909, 0.000555741006562909, 0.000555741006562909, 0.000555741006562909, 0.000555741006562909] 
INJ021_J 31 [0.0006669872561618576, 0.0006669872561618576, 0.0006669872561618576, 0.0006669872561618576, 0.9966650637191907, 0.0006669872561618576] 
INJ021_K 12 [0.000769723491152573, 0.000769723491152573, 0.9976908295265423, 0.000769723491152573] 
INJ022_DIRECTION I [0.9990900951178329, 0.0009099048821671304] 
INJ022_I 67 [0.0007146801084079247, 0.9971412795663683, 0.0007146801084079247, 0.0007146801084079247, 0.0007146801084079247] 
INJ022_J 26 [0.0007697234911525731, 0.0007697234911525731, 0.0007697234911525731, 0.9976908295265423] 
INJ022_K 6 [0.9971412795663683, 0.0007146801084079247, 0.0007146801084079247, 0.0007146801084079247, 0.0007146801084079247] 
INJ023_DIRECTION J [0.0009099048821671304, 0.9990900951178329] 
INJ023_I 43 [0.0006669872561618576, 0.0006669872561618576, 0.0006669872561618576, 0.9966650637191907, 0.0006669872561618576, 0.0006669872561618576] 
INJ023_J 19 [0.0006669872561618576, 0.0006669872561618576, 0.0006669872561618576, 0.0006669872561618576, 0.0006669872561618576, 0.9966650637191907] 
INJ023_K 15 [0.0009099048821671304, 0.9990900951178329] 
NA1A_CONSIDER 1 [0.0009099048821671304, 0.9990900951178329] 

Elite 5 OF_MAX_VPL 2960719103.61
NA2_CONSIDER 0 [0.9990900951178329, 0.0009099048821671304] 
NA3D_CONSIDER 1 [0.0009099048821671304, 0.9990900951178329] 
PltPRDSTL_PltPRDSTO 21700 [0.000526473459134188, 0.000526473459134188, 0.9952617388677923, 0.000526473459134188, 0.000526473459134188, 0.000526473459134188, 0.000526473459134188, 0.000526473459134188, 0.000526473459134188, 0.000526473459134188] 
PltPRDSTW 10462.5 [0.0006669872561618576, 0.0006669872561618576, 0.9966650637191907, 0.0006669872561618576, 0.0006669872561618576, 0.0006669872561618576] 
PltINJSTW 32550 [0.9947606204002044, 0.0004763072363450538, 0.0004763072363450538, 0.0004763072363450538, 0.0004763072363450538, 0.0004763072363450538, 0.0004763072363450538, 0.0004763072363450538, 0.0004763072363450538, 0.0004763072363450538, 0.0004763072363450538, 0.0004763072363450538] 
PROD005_DIRECTION I [0.9990900951178329, 0.0009099048821671304] 
PROD005_I 26 [0.9976908295213227, 0.000769723500533951, 0.0007697234890716864, 0.0007697234890716864] 
PROD005_J 20 [0.0005884554581777244, 0.0005884554581777244, 0.0005884554581777244, 0.0005884554581777244, 0.9958808117927559, 0.0005884554581777244, 0.0005884554581777244, 0.0005884554581777244] 
PROD005_K 2 [0.0008339600066787457, 0.9983320799866425, 0.0008339600066787457] 
PROD006_I 54 [0.0007697234911092256, 0.0007697234911092256, 0.0007697234913093999, 0.9976908295264721] 
PROD006_J 3 [0.0009099048821671304, 0.9990900951178329] 
PROD007_I 59 [0.9971412795663683, 0.0007146801084079247, 0.0007146801084079247, 0.0007146801084079247, 0.0007146801084079247] 
PROD007_J 12 [0.0008339600066787457, 0.0008339600066787457, 0.9983320799866425] 
PROD009_DIRECTION I [0.9990900951178329, 0.0009099048821671304] 
PROD009_I 5 [0.9971412795663683, 0.0007146801084079247, 0.0007146801084079247, 0.0007146801084079247, 0.0007146801084079247] 
PROD009_J 40 [0.0006252641136815418, 0.0006252641136815418, 0.9962484153179108, 0.0006252641136815418, 0.0006252641136815418, 0.0006252641136815418, 0.0006252641136815418] 
PROD009_K 1 [0.9983320799866425, 0.0008339600066787501, 0.0008339600066787434] 
PROD010_DIRECTION J [0.0009099048821671304, 0.9990900951178329] 
PROD010_I 35 [0.0005884554581777245, 0.0005884554581777245, 0.0005884554581777245, 0.0005884554581777245, 0.0005884554581777245, 0.0005884554581777245, 0.9958808117927559, 0.0005884554581777245] 
PROD010_J 34 [0.0006252641136815418, 0.0006252641136815418, 0.0006252641136815418, 0.0006252641136815418, 0.9962484153179108, 0.0006252641136815418, 0.0006252641136815418] 
PROD010_K 2 [0.0008339600066787457, 0.9983320799866425, 0.0008339600066787457] 
PROD012_DIRECTION I [0.9990900951178329, 0.0009099048821671304] 
PROD012_I 37 [0.9955540719474967, 0.000555741006562909, 0.000555741006562909, 0.000555741006562909, 0.000555741006562909, 0.000555741006562909, 0.000555741006562909, 0.000555741006562909, 0.000555741006562909] 
PROD012_J 38 [0.000500135172400132, 0.000500135172400132, 0.000500135172400132, 0.000500135172400132, 0.000500135172400132, 0.000500135172400132, 0.000500135172400132, 0.000500135172400132, 0.9949986482759987, 0.000500135172400132, 0.000500135172400132] 
PROD012_K 3 [0.0008339600066787457, 0.0008339600066787457, 0.9983320799866425] 
PROD014_DIRECTION I [0.9990900951178329, 0.0009099048821671304] 
PROD014_I 50 [0.0006252641136815064, 0.0006252641136815064, 0.0006252641136815064, 0.0006252641136817408, 0.9962484153179108, 0.0006252641136815064, 0.0006252641136815064] 
PROD014_J 41 [0.0005264734591341882, 0.0005264734591341882, 0.0005264734591341882, 0.0005264734591341882, 0.0005264734591341882, 0.0005264734591341882, 0.0005264734591341882, 0.9952617388677923, 0.0005264734591341882, 0.0005264734591341882] 
PROD014_K 2 [0.0008339600066787457, 0.9983320799866425, 0.0008339600066787457] 
PROD021_DIRECTION J [0.0009099048821671304, 0.9990900951178329] 
PROD021_I 16 [0.0004763072363450538, 0.0004763072363450538, 0.9947606204002044, 0.0004763072363450538, 0.0004763072363450538, 0.0004763072363450538, 0.0004763072363450538, 0.0004763072363450538, 0.0004763072363450538, 0.0004763072363450538, 0.0004763072363450538, 0.0004763072363450538] 
PROD021_J 39 [0.0006252641136815418, 0.0006252641136815418, 0.9962484153179108, 0.0006252641136815418, 0.0006252641136815418, 0.0006252641136815418, 0.0006252641136815418] 
PROD021_K 2 [0.0008339600066787457, 0.9983320799866425, 0.0008339600066787457] 
PROD023A_DIRECTION I [0.9990900951178329, 0.0009099048821671304] 
PROD023A_I 58 [0.0007146801084079247, 0.0007146801084079247, 0.9971412795663683, 0.0007146801084079247, 0.0007146801084079247] 
PROD023A_J 13 [0.9966650637191907, 0.0006669872561618576, 0.0006669872561618576, 0.0006669872561618576, 0.0006669872561618576, 0.0006669872561618576] 
PROD023A_K 1 [0.9983320799866425, 0.0008339600066787457, 0.0008339600066787457] 
PROD024A_I 56 [0.9962484153179108, 0.0006252641136815418, 0.0006252641136815418, 0.0006252641136815418, 0.0006252641136815418, 0.0006252641136815418, 0.0006252641136815418] 
PROD024A_J 36 [0.0007697234911525731, 0.0007697234911525731, 0.0007697234911525731, 0.9976908295265423] 
PROD024A_K 2 [0.0008339600066787457, 0.9983320799866425, 0.0008339600066787457] 
PROD025A_DIRECTION I [0.9990900951178329, 0.0009099048821671304] 
PROD025A_I 58 [0.0006669872561618576, 0.0006669872561618576, 0.0006669872561618576, 0.0006669872561618576, 0.9966650637191907, 0.0006669872561618576] 
PROD025A_J 21 [0.9971412795663683, 0.0007146801084079247, 0.0007146801084079247, 0.0007146801084079247, 0.0007146801084079247] 
PROD025A_K 1 [0.9983320799866425, 0.0008339600066787457, 0.0008339600066787457] 
PROD026_DIRECTION J [0.0009099048821671304, 0.9990900951178329] 
PROD026_I 48 [0.0007146801084079249, 0.0007146801084079249, 0.0007146801084079249, 0.9971412795663683, 0.0007146801084079249] 
PROD026_J 5 [0.0006252641136815418, 0.9962484153179108, 0.0006252641136815418, 0.0006252641136815418, 0.0006252641136815418, 0.0006252641136815418, 0.0006252641136815418] 
PROD026_K 2 [0.0008339600066787457, 0.9983320799866425, 0.0008339600066787457] 
INJ006_I 51 [0.0006669872561618576, 0.0006669872561618576, 0.9966650637191907, 0.0006669872561618576, 0.0006669872561618576, 0.0006669872561618576] 
INJ006_J 27 [0.0005884554581777245, 0.0005884554581777245, 0.0005884554581777245, 0.0005884554581777245, 0.0005884554581777245, 0.0005884554581777245, 0.9958808117927559, 0.0005884554581777245] 
INJ006_K 12 [0.0007697234911525731, 0.9976908295265423, 0.0007697234911525731, 0.0007697234911525731] 
INJ010_DIRECTION J [0.0009099048821671304, 0.9990900951178329] 
INJ010_I 72 [0.0007146801084079249, 0.0007146801084079249, 0.0007146801084079249, 0.0007146801084079249, 0.9971412795663683] 
INJ010_J 32 [0.0007146801084079247, 0.9971412795663683, 0.0007146801084079247, 0.0007146801084079247, 0.0007146801084079247] 
INJ010_K 6 [0.9976908295265423, 0.0007697234911525731, 0.0007697234911525731, 0.0007697234911525731] 
INJ017_DIRECTION I [0.9990900951178329, 0.0009099048821671304] 
INJ017_I 36 [0.0006669872561618576, 0.0006669872561618576, 0.0006669872561618576, 0.0006669872561618576, 0.9966650637191907, 0.0006669872561618576] 
INJ017_J 14 [0.9962484153179108, 0.0006252641136815418, 0.0006252641136815418, 0.0006252641136815418, 0.0006252641136815418, 0.0006252641136815418, 0.0006252641136815418] 
INJ017_K 15 [0.0007146801084079249, 0.0007146801084079249, 0.0007146801084079249, 0.9971412795663683, 0.0007146801084079249] 
INJ019_DIRECTION J [0.0009099048821671304, 0.9990900951178329] 
INJ019_I 24 [0.9966650637191907, 0.0006669872561618576, 0.0006669872561618576, 0.0006669872561618576, 0.0006669872561618576, 0.0006669872561618576] 
INJ019_J 45 [0.0007697234911525731, 0.9976908295265423, 0.0007697234911525731, 0.0007697234911525731] 
INJ019_K 15 [0.000769723491152573, 0.000769723491152573, 0.9976908295265423, 0.000769723491152573] 
INJ021_DIRECTION J [0.0009099048821671304, 0.9990900951178329] 
INJ021_I 22 [0.000555741006562909, 0.9955540719474967, 0.000555741006562909, 0.000555741006562909, 0.000555741006562909, 0.000555741006562909, 0.000555741006562909, 0.000555741006562909, 0.000555741006562909] 
INJ021_J 31 [0.0006669872561618576, 0.0006669872561618576, 0.0006669872561618576, 0.0006669872561618576, 0.9966650637191907, 0.0006669872561618576] 
INJ021_K 12 [0.000769723491152573, 0.000769723491152573, 0.9976908295265423, 0.000769723491152573] 
INJ022_DIRECTION I [0.9990900951178329, 0.0009099048821671304] 
INJ022_I 67 [0.0007146801084079247, 0.9971412795663683, 0.0007146801084079247, 0.0007146801084079247, 0.0007146801084079247] 
INJ022_J 26 [0.0007697234911525731, 0.0007697234911525731, 0.0007697234911525731, 0.9976908295265423] 
INJ022_K 6 [0.9971412795663683, 0.0007146801084079247, 0.0007146801084079247, 0.0007146801084079247, 0.0007146801084079247] 
INJ023_DIRECTION J [0.0009099048821671304, 0.9990900951178329] 
INJ023_I 43 [0.0006669872561618576, 0.0006669872561618576, 0.0006669872561618576, 0.9966650637191907, 0.0006669872561618576, 0.0006669872561618576] 
INJ023_J 19 [0.0006669872561618576, 0.0006669872561618576, 0.0006669872561618576, 0.0006669872561618576, 0.0006669872561618576, 0.9966650637191907] 
INJ023_K 15 [0.0009099048821671304, 0.9990900951178329] 
NA1A_CONSIDER 1 [0.0009099048821671304, 0.9990900951178329] 

