Elite 1 OF_MAX_VPL 3001097120.03
NA2_CONSIDER 0 [0.9090773651772442, 0.09092263482275571] 
NA3D_CONSIDER 0 [0.9090773651772442, 0.09092263482275571] 
PltPRDSTL_PltPRDSTO 23250 [0.526292146115464, 0.05263420126584708, 0.05263424375775974, 0.05263420126584708, 0.05263420126584708, 0.05263420126584708, 0.05263420126584708, 0.05263420126584708, 0.05263420126584708, 0.05263420126584708] 
PltPRDSTW 8370 [0.06667200441983363, 0.06667200441983363, 0.06667200441983363, 0.06667200441983363, 0.06667200441983363, 0.6666399779008317] 
PltINJSTW 31465 [0.04762099216480503, 0.4761690861871445, 0.04762099216480503, 0.04762099216480503, 0.04762099216480503, 0.04762099216480503, 0.04762099216480503, 0.04762099216480503, 0.04762099216480503, 0.04762099216480503, 0.04762099216480503, 0.04762099216480503] 
PROD005_DIRECTION J [0.09092263482275571, 0.9090773651772442] 
PROD005_I 29 [0.0769312787836804, 0.0769312787836804, 0.0769312787836804, 0.7692061636489588] 
PROD005_J 18 [0.05882719558996359, 0.05882719558996359, 0.5882096308702549, 0.05882719558996359, 0.05882719558996359, 0.05882719558996359, 0.05882719558996359, 0.05882719558996359] 
PROD005_K 2 [0.08334376315457157, 0.8333124736908568, 0.08334376315457157] 
PROD006_I 53 [0.0769312787836804, 0.0769312787836804, 0.7692061636489588, 0.0769312787836804] 
PROD006_J 3 [0.09092263482275571, 0.9090773651772442] 
PROD007_I 60 [0.07143513737047841, 0.7142594505180865, 0.07143513737047841, 0.07143513737047841, 0.07143513737047841] 
PROD007_J 11 [0.08334376315457157, 0.8333124736908568, 0.08334376315457157] 
PROD009_DIRECTION I [0.9090773651772442, 0.09092263482275571] 
PROD009_I 5 [0.7142594505180865, 0.07143513737047841, 0.07143513737047841, 0.07143513737047841, 0.07143513737047841] 
PROD009_J 38 [0.6249736133639902, 0.06250439777266827, 0.06250439777266827, 0.06250439777266827, 0.06250439777266827, 0.06250439777266827, 0.06250439777266827] 
PROD009_K 3 [0.08334376315457157, 0.08334376315457157, 0.8333124736908568] 
PROD010_DIRECTION J [0.09092263482275571, 0.9090773651772442] 
PROD010_I 34 [0.05882719558996359, 0.05882719558996359, 0.05882719558996359, 0.05882719558996359, 0.05882719558996359, 0.5882096308702549, 0.05882719558996359, 0.05882719558996359] 
PROD010_J 36 [0.06250439777266828, 0.06250439777266828, 0.06250439777266828, 0.06250439777266828, 0.06250439777266828, 0.06250439777266828, 0.6249736133639903] 
PROD010_K 3 [0.08334376315457157, 0.08334376315457157, 0.8333124736908568] 
PROD012_DIRECTION J [0.09092263482275571, 0.9090773651772442] 
PROD012_I 38 [0.05555864383075574, 0.5555308493539539, 0.05555864383075574, 0.05555864383075574, 0.05555864383075574, 0.05555864383075574, 0.05555864383075574, 0.05555864383075574, 0.05555864383075574] 
PROD012_J 31 [0.05000225113820511, 0.499977488617949, 0.05000225113820511, 0.05000225113820511, 0.05000225113820511, 0.05000225113820511, 0.05000225113820511, 0.05000225113820511, 0.05000225113820511, 0.05000225113820511, 0.05000225113820511] 
PROD012_K 3 [0.08334376315457157, 0.08334376315457157, 0.8333124736908568] 
PROD014_DIRECTION I [0.9090773651772442, 0.09092263482275571] 
PROD014_I 46 [0.6249736133639902, 0.06250439777266827, 0.06250439777266827, 0.06250439777266827, 0.06250439777266827, 0.06250439777266827, 0.06250439777266827] 
PROD014_J 40 [0.052634204678606175, 0.052634204678606175, 0.052634204678606175, 0.052634204678606175, 0.052634204678606175, 0.052634204678606175, 0.5262921578925444, 0.052634204678606175, 0.052634204678606175, 0.052634204678606175] 
PROD014_K 2 [0.08334376315457157, 0.8333124736908568, 0.08334376315457157] 
PROD021_DIRECTION I [0.9090773651772442, 0.09092263482275571] 
PROD021_I 16 [0.04762099216480503, 0.04762099216480503, 0.4761690861871445, 0.04762099216480503, 0.04762099216480503, 0.04762099216480503, 0.04762099216480503, 0.04762099216480503, 0.04762099216480503, 0.04762099216480503, 0.04762099216480503, 0.04762099216480503] 
PROD021_J 39 [0.06250439777266827, 0.06250439777266827, 0.6249736133639902, 0.06250439777266827, 0.06250439777266827, 0.06250439777266827, 0.06250439777266827] 
PROD021_K 3 [0.08334376315457157, 0.08334376315457157, 0.8333124736908568] 
PROD023A_DIRECTION I [0.9090773536755452, 0.09092264632445475] 
PROD023A_I 56 [0.7142594505180865, 0.07143513737047841, 0.07143513737047841, 0.07143513737047841, 0.07143513737047841] 
PROD023A_J 14 [0.06667200441983365, 0.666639977900832, 0.06667200441983365, 0.06667200441983365, 0.06667200441983365, 0.06667200441983365] 
PROD023A_K 3 [0.08334376315457157, 0.08334376315457157, 0.8333124736908568] 
PROD024A_I 56 [0.6249736133639902, 0.06250439777266827, 0.06250439777266827, 0.06250439777266827, 0.06250439777266827, 0.06250439777266827, 0.06250439777266827] 
PROD024A_J 34 [0.0769312787836804, 0.7692061636489588, 0.0769312787836804, 0.0769312787836804] 
PROD024A_K 3 [0.08334376315457157, 0.08334376315457157, 0.8333124736908568] 
PROD025A_DIRECTION J [0.09092263482275571, 0.9090773651772442] 
PROD025A_I 54 [0.666639977900832, 0.06667200441983365, 0.06667200441983365, 0.06667200441983365, 0.06667200441983365, 0.06667200441983365] 
PROD025A_J 22 [0.07151185276422808, 0.7142004377031058, 0.07142923651088863, 0.07142923651088863, 0.07142923651088863] 
PROD025A_K 1 [0.8333124736908568, 0.08334376315457157, 0.08334376315457157] 
PROD026_DIRECTION J [0.09092263482275571, 0.9090773651772442] 
PROD026_I 45 [0.7142594505180865, 0.07143513737047841, 0.07143513737047841, 0.07143513737047841, 0.07143513737047841] 
PROD026_J 6 [0.06250439777266827, 0.06250439777266827, 0.6249736133639902, 0.06250439777266827, 0.06250439777266827, 0.06250439777266827, 0.06250439777266827] 
PROD026_K 2 [0.08334376315457157, 0.8333124736908568, 0.08334376315457157] 
INJ006_I 51 [0.06667200441983365, 0.06667200441983365, 0.666639977900832, 0.06667200441983365, 0.06667200441983365, 0.06667200441983365] 
INJ006_J 28 [0.05882719558996359, 0.05882719558996359, 0.05882719558996359, 0.05882719558996359, 0.05882719558996359, 0.05882719558996359, 0.05882719558996359, 0.5882096308702549] 
INJ006_K 13 [0.0769312787836804, 0.0769312787836804, 0.7692061636489588, 0.0769312787836804] 
INJ010_DIRECTION J [0.09092263482275571, 0.9090773651772442] 
INJ010_I 72 [0.07143513737047841, 0.07143513737047841, 0.07143513737047841, 0.07143513737047841, 0.7142594505180864] 
INJ010_J 34 [0.07143513737047841, 0.07143513737047844, 0.7142594505180865, 0.07143513737047841, 0.07143513737047841] 
INJ010_K 6 [0.7692061636489588, 0.0769312787836804, 0.0769312787836804, 0.0769312787836804] 
INJ017_DIRECTION I [0.9090773651772442, 0.09092263482275571] 
INJ017_I 34 [0.06667200441983365, 0.06667200441983365, 0.06667200441983365, 0.666639977900832, 0.06667200441983365, 0.06667200441983365] 
INJ017_J 16 [0.06250439777266827, 0.6249736133639902, 0.06250439777266827, 0.06250439777266827, 0.06250439777266827, 0.06250439777266827, 0.06250439777266827] 
INJ017_K 15 [0.07143513737047841, 0.07143513737047841, 0.07143513737047841, 0.7142594505180865, 0.07143513737047841] 
INJ019_DIRECTION J [0.09092263482275571, 0.9090773651772442] 
INJ019_I 24 [0.666639977900832, 0.06667200441983365, 0.06667200441983365, 0.06667200441983365, 0.06667200441983365, 0.06667200441983365] 
INJ019_J 47 [0.0769312787836804, 0.0769312787836804, 0.7692061636489588, 0.0769312787836804] 
INJ019_K 6 [0.7692061636489588, 0.0769312787836804, 0.0769312787836804, 0.0769312787836804] 
INJ021_DIRECTION J [0.09092263482275571, 0.9090773651772442] 
INJ021_I 27 [0.05555864383075574, 0.05555864383075574, 0.05555864383075574, 0.05555864383075574, 0.05555864383075574, 0.05555864383075574, 0.5555308493539539, 0.05555864383075574, 0.05555864383075574] 
INJ021_J 31 [0.06667200441983363, 0.06667200441983363, 0.06667200441983363, 0.06667200441983363, 0.6666399779008317, 0.06667200441983363] 
INJ021_K 16 [0.0769312787836804, 0.0769312787836804, 0.0769312787836804, 0.7692061636489588] 
INJ022_DIRECTION I [0.9090773651772442, 0.09092263482275571] 
INJ022_I 65 [0.7142594505180865, 0.07143513737047841, 0.07143513737047841, 0.07143513737047841, 0.07143513737047841] 
INJ022_J 26 [0.0769312787836804, 0.0769312787836804, 0.0769312787836804, 0.7692061636489588] 
INJ022_K 12 [0.07143513737047841, 0.07143513737047841, 0.07143513737047841, 0.7142594505180865, 0.07143513737047841] 
INJ023_DIRECTION J [0.09092263482275571, 0.9090773651772442] 
INJ023_I 45 [0.06667200441983363, 0.06667200441983363, 0.06667200441983363, 0.06667200441983363, 0.06667200441983363, 0.6666399779008317] 
INJ023_J 19 [0.06667200441983363, 0.06667200441983363, 0.06667200441983363, 0.06667200441983363, 0.06667200441983363, 0.6666399779008317] 
INJ023_K 15 [0.09092263482275571, 0.9090773651772442] 
NA1A_CONSIDER 1 [0.09092263482275571, 0.9090773651772442] 

Elite 2 OF_MAX_VPL 3001097120.03
NA2_CONSIDER 0 [0.9090773651772442, 0.09092263482275571] 
NA3D_CONSIDER 0 [0.9090773651772442, 0.09092263482275571] 
PltPRDSTL_PltPRDSTO 23250 [0.526292146115464, 0.05263420126584708, 0.05263424375775974, 0.05263420126584708, 0.05263420126584708, 0.05263420126584708, 0.05263420126584708, 0.05263420126584708, 0.05263420126584708, 0.05263420126584708] 
PltPRDSTW 8370 [0.06667200441983363, 0.06667200441983363, 0.06667200441983363, 0.06667200441983363, 0.06667200441983363, 0.6666399779008317] 
PltINJSTW 31465 [0.04762099216480503, 0.4761690861871445, 0.04762099216480503, 0.04762099216480503, 0.04762099216480503, 0.04762099216480503, 0.04762099216480503, 0.04762099216480503, 0.04762099216480503, 0.04762099216480503, 0.04762099216480503, 0.04762099216480503] 
PROD005_DIRECTION J [0.09092263482275571, 0.9090773651772442] 
PROD005_I 29 [0.0769312787836804, 0.0769312787836804, 0.0769312787836804, 0.7692061636489588] 
PROD005_J 18 [0.05882719558996359, 0.05882719558996359, 0.5882096308702549, 0.05882719558996359, 0.05882719558996359, 0.05882719558996359, 0.05882719558996359, 0.05882719558996359] 
PROD005_K 2 [0.08334376315457157, 0.8333124736908568, 0.08334376315457157] 
PROD006_I 53 [0.0769312787836804, 0.0769312787836804, 0.7692061636489588, 0.0769312787836804] 
PROD006_J 3 [0.09092263482275571, 0.9090773651772442] 
PROD007_I 60 [0.07143513737047841, 0.7142594505180865, 0.07143513737047841, 0.07143513737047841, 0.07143513737047841] 
PROD007_J 11 [0.08334376315457157, 0.8333124736908568, 0.08334376315457157] 
PROD009_DIRECTION I [0.9090773651772442, 0.09092263482275571] 
PROD009_I 5 [0.7142594505180865, 0.07143513737047841, 0.07143513737047841, 0.07143513737047841, 0.07143513737047841] 
PROD009_J 38 [0.6249736133639902, 0.06250439777266827, 0.06250439777266827, 0.06250439777266827, 0.06250439777266827, 0.06250439777266827, 0.06250439777266827] 
PROD009_K 3 [0.08334376315457157, 0.08334376315457157, 0.8333124736908568] 
PROD010_DIRECTION J [0.09092263482275571, 0.9090773651772442] 
PROD010_I 34 [0.05882719558996359, 0.05882719558996359, 0.05882719558996359, 0.05882719558996359, 0.05882719558996359, 0.5882096308702549, 0.05882719558996359, 0.05882719558996359] 
PROD010_J 36 [0.06250439777266828, 0.06250439777266828, 0.06250439777266828, 0.06250439777266828, 0.06250439777266828, 0.06250439777266828, 0.6249736133639903] 
PROD010_K 3 [0.08334376315457157, 0.08334376315457157, 0.8333124736908568] 
PROD012_DIRECTION J [0.09092263482275571, 0.9090773651772442] 
PROD012_I 38 [0.05555864383075574, 0.5555308493539539, 0.05555864383075574, 0.05555864383075574, 0.05555864383075574, 0.05555864383075574, 0.05555864383075574, 0.05555864383075574, 0.05555864383075574] 
PROD012_J 31 [0.05000225113820511, 0.499977488617949, 0.05000225113820511, 0.05000225113820511, 0.05000225113820511, 0.05000225113820511, 0.05000225113820511, 0.05000225113820511, 0.05000225113820511, 0.05000225113820511, 0.05000225113820511] 
PROD012_K 3 [0.08334376315457157, 0.08334376315457157, 0.8333124736908568] 
PROD014_DIRECTION I [0.9090773651772442, 0.09092263482275571] 
PROD014_I 46 [0.6249736133639902, 0.06250439777266827, 0.06250439777266827, 0.06250439777266827, 0.06250439777266827, 0.06250439777266827, 0.06250439777266827] 
PROD014_J 40 [0.052634204678606175, 0.052634204678606175, 0.052634204678606175, 0.052634204678606175, 0.052634204678606175, 0.052634204678606175, 0.5262921578925444, 0.052634204678606175, 0.052634204678606175, 0.052634204678606175] 
PROD014_K 2 [0.08334376315457157, 0.8333124736908568, 0.08334376315457157] 
PROD021_DIRECTION I [0.9090773651772442, 0.09092263482275571] 
PROD021_I 16 [0.04762099216480503, 0.04762099216480503, 0.4761690861871445, 0.04762099216480503, 0.04762099216480503, 0.04762099216480503, 0.04762099216480503, 0.04762099216480503, 0.04762099216480503, 0.04762099216480503, 0.04762099216480503, 0.04762099216480503] 
PROD021_J 39 [0.06250439777266827, 0.06250439777266827, 0.6249736133639902, 0.06250439777266827, 0.06250439777266827, 0.06250439777266827, 0.06250439777266827] 
PROD021_K 3 [0.08334376315457157, 0.08334376315457157, 0.8333124736908568] 
PROD023A_DIRECTION I [0.9090773536755452, 0.09092264632445475] 
PROD023A_I 56 [0.7142594505180865, 0.07143513737047841, 0.07143513737047841, 0.07143513737047841, 0.07143513737047841] 
PROD023A_J 14 [0.06667200441983365, 0.666639977900832, 0.06667200441983365, 0.06667200441983365, 0.06667200441983365, 0.06667200441983365] 
PROD023A_K 3 [0.08334376315457157, 0.08334376315457157, 0.8333124736908568] 
PROD024A_I 56 [0.6249736133639902, 0.06250439777266827, 0.06250439777266827, 0.06250439777266827, 0.06250439777266827, 0.06250439777266827, 0.06250439777266827] 
PROD024A_J 34 [0.0769312787836804, 0.7692061636489588, 0.0769312787836804, 0.0769312787836804] 
PROD024A_K 3 [0.08334376315457157, 0.08334376315457157, 0.8333124736908568] 
PROD025A_DIRECTION J [0.09092263482275571, 0.9090773651772442] 
PROD025A_I 54 [0.666639977900832, 0.06667200441983365, 0.06667200441983365, 0.06667200441983365, 0.06667200441983365, 0.06667200441983365] 
PROD025A_J 22 [0.07151185276422808, 0.7142004377031058, 0.07142923651088863, 0.07142923651088863, 0.07142923651088863] 
PROD025A_K 1 [0.8333124736908568, 0.08334376315457157, 0.08334376315457157] 
PROD026_DIRECTION J [0.09092263482275571, 0.9090773651772442] 
PROD026_I 45 [0.7142594505180865, 0.07143513737047841, 0.07143513737047841, 0.07143513737047841, 0.07143513737047841] 
PROD026_J 6 [0.06250439777266827, 0.06250439777266827, 0.6249736133639902, 0.06250439777266827, 0.06250439777266827, 0.06250439777266827, 0.06250439777266827] 
PROD026_K 2 [0.08334376315457157, 0.8333124736908568, 0.08334376315457157] 
INJ006_I 51 [0.06667200441983365, 0.06667200441983365, 0.666639977900832, 0.06667200441983365, 0.06667200441983365, 0.06667200441983365] 
INJ006_J 28 [0.05882719558996359, 0.05882719558996359, 0.05882719558996359, 0.05882719558996359, 0.05882719558996359, 0.05882719558996359, 0.05882719558996359, 0.5882096308702549] 
INJ006_K 13 [0.0769312787836804, 0.0769312787836804, 0.7692061636489588, 0.0769312787836804] 
INJ010_DIRECTION J [0.09092263482275571, 0.9090773651772442] 
INJ010_I 72 [0.07143513737047841, 0.07143513737047841, 0.07143513737047841, 0.07143513737047841, 0.7142594505180864] 
INJ010_J 34 [0.07143513737047841, 0.07143513737047844, 0.7142594505180865, 0.07143513737047841, 0.07143513737047841] 
INJ010_K 6 [0.7692061636489588, 0.0769312787836804, 0.0769312787836804, 0.0769312787836804] 
INJ017_DIRECTION I [0.9090773651772442, 0.09092263482275571] 
INJ017_I 34 [0.06667200441983365, 0.06667200441983365, 0.06667200441983365, 0.666639977900832, 0.06667200441983365, 0.06667200441983365] 
INJ017_J 16 [0.06250439777266827, 0.6249736133639902, 0.06250439777266827, 0.06250439777266827, 0.06250439777266827, 0.06250439777266827, 0.06250439777266827] 
INJ017_K 15 [0.07143513737047841, 0.07143513737047841, 0.07143513737047841, 0.7142594505180865, 0.07143513737047841] 
INJ019_DIRECTION J [0.09092263482275571, 0.9090773651772442] 
INJ019_I 24 [0.666639977900832, 0.06667200441983365, 0.06667200441983365, 0.06667200441983365, 0.06667200441983365, 0.06667200441983365] 
INJ019_J 47 [0.0769312787836804, 0.0769312787836804, 0.7692061636489588, 0.0769312787836804] 
INJ019_K 6 [0.7692061636489588, 0.0769312787836804, 0.0769312787836804, 0.0769312787836804] 
INJ021_DIRECTION J [0.09092263482275571, 0.9090773651772442] 
INJ021_I 27 [0.05555864383075574, 0.05555864383075574, 0.05555864383075574, 0.05555864383075574, 0.05555864383075574, 0.05555864383075574, 0.5555308493539539, 0.05555864383075574, 0.05555864383075574] 
INJ021_J 31 [0.06667200441983363, 0.06667200441983363, 0.06667200441983363, 0.06667200441983363, 0.6666399779008317, 0.06667200441983363] 
INJ021_K 16 [0.0769312787836804, 0.0769312787836804, 0.0769312787836804, 0.7692061636489588] 
INJ022_DIRECTION I [0.9090773651772442, 0.09092263482275571] 
INJ022_I 65 [0.7142594505180865, 0.07143513737047841, 0.07143513737047841, 0.07143513737047841, 0.07143513737047841] 
INJ022_J 26 [0.0769312787836804, 0.0769312787836804, 0.0769312787836804, 0.7692061636489588] 
INJ022_K 12 [0.07143513737047841, 0.07143513737047841, 0.07143513737047841, 0.7142594505180865, 0.07143513737047841] 
INJ023_DIRECTION J [0.09092263482275571, 0.9090773651772442] 
INJ023_I 45 [0.06667200441983363, 0.06667200441983363, 0.06667200441983363, 0.06667200441983363, 0.06667200441983363, 0.6666399779008317] 
INJ023_J 19 [0.06667200441983363, 0.06667200441983363, 0.06667200441983363, 0.06667200441983363, 0.06667200441983363, 0.6666399779008317] 
INJ023_K 15 [0.09092263482275571, 0.9090773651772442] 
NA1A_CONSIDER 1 [0.09092263482275571, 0.9090773651772442] 

Elite 3 OF_MAX_VPL 3001097120.03
NA2_CONSIDER 0 [0.9090773651772442, 0.09092263482275571] 
NA3D_CONSIDER 0 [0.9090773651772442, 0.09092263482275571] 
PltPRDSTL_PltPRDSTO 23250 [0.526292146115464, 0.05263420126584708, 0.05263424375775974, 0.05263420126584708, 0.05263420126584708, 0.05263420126584708, 0.05263420126584708, 0.05263420126584708, 0.05263420126584708, 0.05263420126584708] 
PltPRDSTW 8370 [0.06667200441983363, 0.06667200441983363, 0.06667200441983363, 0.06667200441983363, 0.06667200441983363, 0.6666399779008317] 
PltINJSTW 31465 [0.04762099216480503, 0.4761690861871445, 0.04762099216480503, 0.04762099216480503, 0.04762099216480503, 0.04762099216480503, 0.04762099216480503, 0.04762099216480503, 0.04762099216480503, 0.04762099216480503, 0.04762099216480503, 0.04762099216480503] 
PROD005_DIRECTION J [0.09092263482275571, 0.9090773651772442] 
PROD005_I 29 [0.0769312787836804, 0.0769312787836804, 0.0769312787836804, 0.7692061636489588] 
PROD005_J 18 [0.05882719558996359, 0.05882719558996359, 0.5882096308702549, 0.05882719558996359, 0.05882719558996359, 0.05882719558996359, 0.05882719558996359, 0.05882719558996359] 
PROD005_K 2 [0.08334376315457157, 0.8333124736908568, 0.08334376315457157] 
PROD006_I 53 [0.0769312787836804, 0.0769312787836804, 0.7692061636489588, 0.0769312787836804] 
PROD006_J 3 [0.09092263482275571, 0.9090773651772442] 
PROD007_I 60 [0.07143513737047841, 0.7142594505180865, 0.07143513737047841, 0.07143513737047841, 0.07143513737047841] 
PROD007_J 11 [0.08334376315457157, 0.8333124736908568, 0.08334376315457157] 
PROD009_DIRECTION I [0.9090773651772442, 0.09092263482275571] 
PROD009_I 5 [0.7142594505180865, 0.07143513737047841, 0.07143513737047841, 0.07143513737047841, 0.07143513737047841] 
PROD009_J 38 [0.6249736133639902, 0.06250439777266827, 0.06250439777266827, 0.06250439777266827, 0.06250439777266827, 0.06250439777266827, 0.06250439777266827] 
PROD009_K 3 [0.08334376315457157, 0.08334376315457157, 0.8333124736908568] 
PROD010_DIRECTION J [0.09092263482275571, 0.9090773651772442] 
PROD010_I 34 [0.05882719558996359, 0.05882719558996359, 0.05882719558996359, 0.05882719558996359, 0.05882719558996359, 0.5882096308702549, 0.05882719558996359, 0.05882719558996359] 
PROD010_J 36 [0.06250439777266828, 0.06250439777266828, 0.06250439777266828, 0.06250439777266828, 0.06250439777266828, 0.06250439777266828, 0.6249736133639903] 
PROD010_K 3 [0.08334376315457157, 0.08334376315457157, 0.8333124736908568] 
PROD012_DIRECTION J [0.09092263482275571, 0.9090773651772442] 
PROD012_I 38 [0.05555864383075574, 0.5555308493539539, 0.05555864383075574, 0.05555864383075574, 0.05555864383075574, 0.05555864383075574, 0.05555864383075574, 0.05555864383075574, 0.05555864383075574] 
PROD012_J 31 [0.05000225113820511, 0.499977488617949, 0.05000225113820511, 0.05000225113820511, 0.05000225113820511, 0.05000225113820511, 0.05000225113820511, 0.05000225113820511, 0.05000225113820511, 0.05000225113820511, 0.05000225113820511] 
PROD012_K 3 [0.08334376315457157, 0.08334376315457157, 0.8333124736908568] 
PROD014_DIRECTION I [0.9090773651772442, 0.09092263482275571] 
PROD014_I 46 [0.6249736133639902, 0.06250439777266827, 0.06250439777266827, 0.06250439777266827, 0.06250439777266827, 0.06250439777266827, 0.06250439777266827] 
PROD014_J 40 [0.052634204678606175, 0.052634204678606175, 0.052634204678606175, 0.052634204678606175, 0.052634204678606175, 0.052634204678606175, 0.5262921578925444, 0.052634204678606175, 0.052634204678606175, 0.052634204678606175] 
PROD014_K 2 [0.08334376315457157, 0.8333124736908568, 0.08334376315457157] 
PROD021_DIRECTION I [0.9090773651772442, 0.09092263482275571] 
PROD021_I 16 [0.04762099216480503, 0.04762099216480503, 0.4761690861871445, 0.04762099216480503, 0.04762099216480503, 0.04762099216480503, 0.04762099216480503, 0.04762099216480503, 0.04762099216480503, 0.04762099216480503, 0.04762099216480503, 0.04762099216480503] 
PROD021_J 39 [0.06250439777266827, 0.06250439777266827, 0.6249736133639902, 0.06250439777266827, 0.06250439777266827, 0.06250439777266827, 0.06250439777266827] 
PROD021_K 3 [0.08334376315457157, 0.08334376315457157, 0.8333124736908568] 
PROD023A_DIRECTION I [0.9090773536755452, 0.09092264632445475] 
PROD023A_I 56 [0.7142594505180865, 0.07143513737047841, 0.07143513737047841, 0.07143513737047841, 0.07143513737047841] 
PROD023A_J 14 [0.06667200441983365, 0.666639977900832, 0.06667200441983365, 0.06667200441983365, 0.06667200441983365, 0.06667200441983365] 
PROD023A_K 3 [0.08334376315457157, 0.08334376315457157, 0.8333124736908568] 
PROD024A_I 56 [0.6249736133639902, 0.06250439777266827, 0.06250439777266827, 0.06250439777266827, 0.06250439777266827, 0.06250439777266827, 0.06250439777266827] 
PROD024A_J 34 [0.0769312787836804, 0.7692061636489588, 0.0769312787836804, 0.0769312787836804] 
PROD024A_K 3 [0.08334376315457157, 0.08334376315457157, 0.8333124736908568] 
PROD025A_DIRECTION J [0.09092263482275571, 0.9090773651772442] 
PROD025A_I 54 [0.666639977900832, 0.06667200441983365, 0.06667200441983365, 0.06667200441983365, 0.06667200441983365, 0.06667200441983365] 
PROD025A_J 22 [0.07151185276422808, 0.7142004377031058, 0.07142923651088863, 0.07142923651088863, 0.07142923651088863] 
PROD025A_K 1 [0.8333124736908568, 0.08334376315457157, 0.08334376315457157] 
PROD026_DIRECTION J [0.09092263482275571, 0.9090773651772442] 
PROD026_I 45 [0.7142594505180865, 0.07143513737047841, 0.07143513737047841, 0.07143513737047841, 0.07143513737047841] 
PROD026_J 6 [0.06250439777266827, 0.06250439777266827, 0.6249736133639902, 0.06250439777266827, 0.06250439777266827, 0.06250439777266827, 0.06250439777266827] 
PROD026_K 2 [0.08334376315457157, 0.8333124736908568, 0.08334376315457157] 
INJ006_I 51 [0.06667200441983365, 0.06667200441983365, 0.666639977900832, 0.06667200441983365, 0.06667200441983365, 0.06667200441983365] 
INJ006_J 28 [0.05882719558996359, 0.05882719558996359, 0.05882719558996359, 0.05882719558996359, 0.05882719558996359, 0.05882719558996359, 0.05882719558996359, 0.5882096308702549] 
INJ006_K 13 [0.0769312787836804, 0.0769312787836804, 0.7692061636489588, 0.0769312787836804] 
INJ010_DIRECTION J [0.09092263482275571, 0.9090773651772442] 
INJ010_I 72 [0.07143513737047841, 0.07143513737047841, 0.07143513737047841, 0.07143513737047841, 0.7142594505180864] 
INJ010_J 34 [0.07143513737047841, 0.07143513737047844, 0.7142594505180865, 0.07143513737047841, 0.07143513737047841] 
INJ010_K 6 [0.7692061636489588, 0.0769312787836804, 0.0769312787836804, 0.0769312787836804] 
INJ017_DIRECTION I [0.9090773651772442, 0.09092263482275571] 
INJ017_I 34 [0.06667200441983365, 0.06667200441983365, 0.06667200441983365, 0.666639977900832, 0.06667200441983365, 0.06667200441983365] 
INJ017_J 16 [0.06250439777266827, 0.6249736133639902, 0.06250439777266827, 0.06250439777266827, 0.06250439777266827, 0.06250439777266827, 0.06250439777266827] 
INJ017_K 15 [0.07143513737047841, 0.07143513737047841, 0.07143513737047841, 0.7142594505180865, 0.07143513737047841] 
INJ019_DIRECTION J [0.09092263482275571, 0.9090773651772442] 
INJ019_I 24 [0.666639977900832, 0.06667200441983365, 0.06667200441983365, 0.06667200441983365, 0.06667200441983365, 0.06667200441983365] 
INJ019_J 47 [0.0769312787836804, 0.0769312787836804, 0.7692061636489588, 0.0769312787836804] 
INJ019_K 6 [0.7692061636489588, 0.0769312787836804, 0.0769312787836804, 0.0769312787836804] 
INJ021_DIRECTION J [0.09092263482275571, 0.9090773651772442] 
INJ021_I 27 [0.05555864383075574, 0.05555864383075574, 0.05555864383075574, 0.05555864383075574, 0.05555864383075574, 0.05555864383075574, 0.5555308493539539, 0.05555864383075574, 0.05555864383075574] 
INJ021_J 31 [0.06667200441983363, 0.06667200441983363, 0.06667200441983363, 0.06667200441983363, 0.6666399779008317, 0.06667200441983363] 
INJ021_K 16 [0.0769312787836804, 0.0769312787836804, 0.0769312787836804, 0.7692061636489588] 
INJ022_DIRECTION I [0.9090773651772442, 0.09092263482275571] 
INJ022_I 65 [0.7142594505180865, 0.07143513737047841, 0.07143513737047841, 0.07143513737047841, 0.07143513737047841] 
INJ022_J 26 [0.0769312787836804, 0.0769312787836804, 0.0769312787836804, 0.7692061636489588] 
INJ022_K 12 [0.07143513737047841, 0.07143513737047841, 0.07143513737047841, 0.7142594505180865, 0.07143513737047841] 
INJ023_DIRECTION J [0.09092263482275571, 0.9090773651772442] 
INJ023_I 45 [0.06667200441983363, 0.06667200441983363, 0.06667200441983363, 0.06667200441983363, 0.06667200441983363, 0.6666399779008317] 
INJ023_J 19 [0.06667200441983363, 0.06667200441983363, 0.06667200441983363, 0.06667200441983363, 0.06667200441983363, 0.6666399779008317] 
INJ023_K 15 [0.09092263482275571, 0.9090773651772442] 
NA1A_CONSIDER 1 [0.09092263482275571, 0.9090773651772442] 

Elite 4 OF_MAX_VPL 3001097120.03
NA2_CONSIDER 0 [0.9090773651772442, 0.09092263482275571] 
NA3D_CONSIDER 0 [0.9090773651772442, 0.09092263482275571] 
PltPRDSTL_PltPRDSTO 23250 [0.526292146115464, 0.05263420126584708, 0.05263424375775974, 0.05263420126584708, 0.05263420126584708, 0.05263420126584708, 0.05263420126584708, 0.05263420126584708, 0.05263420126584708, 0.05263420126584708] 
PltPRDSTW 8370 [0.06667200441983363, 0.06667200441983363, 0.06667200441983363, 0.06667200441983363, 0.06667200441983363, 0.6666399779008317] 
PltINJSTW 31465 [0.04762099216480503, 0.4761690861871445, 0.04762099216480503, 0.04762099216480503, 0.04762099216480503, 0.04762099216480503, 0.04762099216480503, 0.04762099216480503, 0.04762099216480503, 0.04762099216480503, 0.04762099216480503, 0.04762099216480503] 
PROD005_DIRECTION J [0.09092263482275571, 0.9090773651772442] 
PROD005_I 29 [0.0769312787836804, 0.0769312787836804, 0.0769312787836804, 0.7692061636489588] 
PROD005_J 18 [0.05882719558996359, 0.05882719558996359, 0.5882096308702549, 0.05882719558996359, 0.05882719558996359, 0.05882719558996359, 0.05882719558996359, 0.05882719558996359] 
PROD005_K 2 [0.08334376315457157, 0.8333124736908568, 0.08334376315457157] 
PROD006_I 53 [0.0769312787836804, 0.0769312787836804, 0.7692061636489588, 0.0769312787836804] 
PROD006_J 3 [0.09092263482275571, 0.9090773651772442] 
PROD007_I 60 [0.07143513737047841, 0.7142594505180865, 0.07143513737047841, 0.07143513737047841, 0.07143513737047841] 
PROD007_J 11 [0.08334376315457157, 0.8333124736908568, 0.08334376315457157] 
PROD009_DIRECTION I [0.9090773651772442, 0.09092263482275571] 
PROD009_I 5 [0.7142594505180865, 0.07143513737047841, 0.07143513737047841, 0.07143513737047841, 0.07143513737047841] 
PROD009_J 38 [0.6249736133639902, 0.06250439777266827, 0.06250439777266827, 0.06250439777266827, 0.06250439777266827, 0.06250439777266827, 0.06250439777266827] 
PROD009_K 3 [0.08334376315457157, 0.08334376315457157, 0.8333124736908568] 
PROD010_DIRECTION J [0.09092263482275571, 0.9090773651772442] 
PROD010_I 34 [0.05882719558996359, 0.05882719558996359, 0.05882719558996359, 0.05882719558996359, 0.05882719558996359, 0.5882096308702549, 0.05882719558996359, 0.05882719558996359] 
PROD010_J 36 [0.06250439777266828, 0.06250439777266828, 0.06250439777266828, 0.06250439777266828, 0.06250439777266828, 0.06250439777266828, 0.6249736133639903] 
PROD010_K 3 [0.08334376315457157, 0.08334376315457157, 0.8333124736908568] 
PROD012_DIRECTION J [0.09092263482275571, 0.9090773651772442] 
PROD012_I 38 [0.05555864383075574, 0.5555308493539539, 0.05555864383075574, 0.05555864383075574, 0.05555864383075574, 0.05555864383075574, 0.05555864383075574, 0.05555864383075574, 0.05555864383075574] 
PROD012_J 31 [0.05000225113820511, 0.499977488617949, 0.05000225113820511, 0.05000225113820511, 0.05000225113820511, 0.05000225113820511, 0.05000225113820511, 0.05000225113820511, 0.05000225113820511, 0.05000225113820511, 0.05000225113820511] 
PROD012_K 3 [0.08334376315457157, 0.08334376315457157, 0.8333124736908568] 
PROD014_DIRECTION I [0.9090773651772442, 0.09092263482275571] 
PROD014_I 46 [0.6249736133639902, 0.06250439777266827, 0.06250439777266827, 0.06250439777266827, 0.06250439777266827, 0.06250439777266827, 0.06250439777266827] 
PROD014_J 40 [0.052634204678606175, 0.052634204678606175, 0.052634204678606175, 0.052634204678606175, 0.052634204678606175, 0.052634204678606175, 0.5262921578925444, 0.052634204678606175, 0.052634204678606175, 0.052634204678606175] 
PROD014_K 2 [0.08334376315457157, 0.8333124736908568, 0.08334376315457157] 
PROD021_DIRECTION I [0.9090773651772442, 0.09092263482275571] 
PROD021_I 16 [0.04762099216480503, 0.04762099216480503, 0.4761690861871445, 0.04762099216480503, 0.04762099216480503, 0.04762099216480503, 0.04762099216480503, 0.04762099216480503, 0.04762099216480503, 0.04762099216480503, 0.04762099216480503, 0.04762099216480503] 
PROD021_J 39 [0.06250439777266827, 0.06250439777266827, 0.6249736133639902, 0.06250439777266827, 0.06250439777266827, 0.06250439777266827, 0.06250439777266827] 
PROD021_K 3 [0.08334376315457157, 0.08334376315457157, 0.8333124736908568] 
PROD023A_DIRECTION I [0.9090773536755452, 0.09092264632445475] 
PROD023A_I 56 [0.7142594505180865, 0.07143513737047841, 0.07143513737047841, 0.07143513737047841, 0.07143513737047841] 
PROD023A_J 14 [0.06667200441983365, 0.666639977900832, 0.06667200441983365, 0.06667200441983365, 0.06667200441983365, 0.06667200441983365] 
PROD023A_K 3 [0.08334376315457157, 0.08334376315457157, 0.8333124736908568] 
PROD024A_I 56 [0.6249736133639902, 0.06250439777266827, 0.06250439777266827, 0.06250439777266827, 0.06250439777266827, 0.06250439777266827, 0.06250439777266827] 
PROD024A_J 34 [0.0769312787836804, 0.7692061636489588, 0.0769312787836804, 0.0769312787836804] 
PROD024A_K 3 [0.08334376315457157, 0.08334376315457157, 0.8333124736908568] 
PROD025A_DIRECTION J [0.09092263482275571, 0.9090773651772442] 
PROD025A_I 54 [0.666639977900832, 0.06667200441983365, 0.06667200441983365, 0.06667200441983365, 0.06667200441983365, 0.06667200441983365] 
PROD025A_J 22 [0.07151185276422808, 0.7142004377031058, 0.07142923651088863, 0.07142923651088863, 0.07142923651088863] 
PROD025A_K 1 [0.8333124736908568, 0.08334376315457157, 0.08334376315457157] 
PROD026_DIRECTION J [0.09092263482275571, 0.9090773651772442] 
PROD026_I 45 [0.7142594505180865, 0.07143513737047841, 0.07143513737047841, 0.07143513737047841, 0.07143513737047841] 
PROD026_J 6 [0.06250439777266827, 0.06250439777266827, 0.6249736133639902, 0.06250439777266827, 0.06250439777266827, 0.06250439777266827, 0.06250439777266827] 
PROD026_K 2 [0.08334376315457157, 0.8333124736908568, 0.08334376315457157] 
INJ006_I 51 [0.06667200441983365, 0.06667200441983365, 0.666639977900832, 0.06667200441983365, 0.06667200441983365, 0.06667200441983365] 
INJ006_J 28 [0.05882719558996359, 0.05882719558996359, 0.05882719558996359, 0.05882719558996359, 0.05882719558996359, 0.05882719558996359, 0.05882719558996359, 0.5882096308702549] 
INJ006_K 13 [0.0769312787836804, 0.0769312787836804, 0.7692061636489588, 0.0769312787836804] 
INJ010_DIRECTION J [0.09092263482275571, 0.9090773651772442] 
INJ010_I 72 [0.07143513737047841, 0.07143513737047841, 0.07143513737047841, 0.07143513737047841, 0.7142594505180864] 
INJ010_J 34 [0.07143513737047841, 0.07143513737047844, 0.7142594505180865, 0.07143513737047841, 0.07143513737047841] 
INJ010_K 6 [0.7692061636489588, 0.0769312787836804, 0.0769312787836804, 0.0769312787836804] 
INJ017_DIRECTION I [0.9090773651772442, 0.09092263482275571] 
INJ017_I 34 [0.06667200441983365, 0.06667200441983365, 0.06667200441983365, 0.666639977900832, 0.06667200441983365, 0.06667200441983365] 
INJ017_J 16 [0.06250439777266827, 0.6249736133639902, 0.06250439777266827, 0.06250439777266827, 0.06250439777266827, 0.06250439777266827, 0.06250439777266827] 
INJ017_K 15 [0.07143513737047841, 0.07143513737047841, 0.07143513737047841, 0.7142594505180865, 0.07143513737047841] 
INJ019_DIRECTION J [0.09092263482275571, 0.9090773651772442] 
INJ019_I 24 [0.666639977900832, 0.06667200441983365, 0.06667200441983365, 0.06667200441983365, 0.06667200441983365, 0.06667200441983365] 
INJ019_J 47 [0.0769312787836804, 0.0769312787836804, 0.7692061636489588, 0.0769312787836804] 
INJ019_K 6 [0.7692061636489588, 0.0769312787836804, 0.0769312787836804, 0.0769312787836804] 
INJ021_DIRECTION J [0.09092263482275571, 0.9090773651772442] 
INJ021_I 27 [0.05555864383075574, 0.05555864383075574, 0.05555864383075574, 0.05555864383075574, 0.05555864383075574, 0.05555864383075574, 0.5555308493539539, 0.05555864383075574, 0.05555864383075574] 
INJ021_J 31 [0.06667200441983363, 0.06667200441983363, 0.06667200441983363, 0.06667200441983363, 0.6666399779008317, 0.06667200441983363] 
INJ021_K 16 [0.0769312787836804, 0.0769312787836804, 0.0769312787836804, 0.7692061636489588] 
INJ022_DIRECTION I [0.9090773651772442, 0.09092263482275571] 
INJ022_I 65 [0.7142594505180865, 0.07143513737047841, 0.07143513737047841, 0.07143513737047841, 0.07143513737047841] 
INJ022_J 26 [0.0769312787836804, 0.0769312787836804, 0.0769312787836804, 0.7692061636489588] 
INJ022_K 12 [0.07143513737047841, 0.07143513737047841, 0.07143513737047841, 0.7142594505180865, 0.07143513737047841] 
INJ023_DIRECTION J [0.09092263482275571, 0.9090773651772442] 
INJ023_I 45 [0.06667200441983363, 0.06667200441983363, 0.06667200441983363, 0.06667200441983363, 0.06667200441983363, 0.6666399779008317] 
INJ023_J 19 [0.06667200441983363, 0.06667200441983363, 0.06667200441983363, 0.06667200441983363, 0.06667200441983363, 0.6666399779008317] 
INJ023_K 15 [0.09092263482275571, 0.9090773651772442] 
NA1A_CONSIDER 1 [0.09092263482275571, 0.9090773651772442] 

Elite 5 OF_MAX_VPL 3000604598.7
NA2_CONSIDER 0 [0.9090773651772442, 0.09092263482275571] 
NA3D_CONSIDER 0 [0.9090773651772442, 0.09092263482275571] 
PltPRDSTL_PltPRDSTO 20150 [0.05238623036696828, 0.05709793828608299, 0.05238627308133592, 0.05238623036696828, 0.5238121760638031, 0.05238623036696828, 0.05238623036696828, 0.05238623036696828, 0.05238623036696828, 0.05238623036696828] 
PltPRDSTW 8370 [0.06667200441983363, 0.06667200441983363, 0.06667200441983363, 0.06667200441983363, 0.06667200441983363, 0.6666399779008317] 
PltINJSTW 31465 [0.04762099216480503, 0.4761690861871445, 0.04762099216480503, 0.04762099216480503, 0.04762099216480503, 0.04762099216480503, 0.04762099216480503, 0.04762099216480503, 0.04762099216480503, 0.04762099216480503, 0.04762099216480503, 0.04762099216480503] 
PROD005_DIRECTION J [0.09092263482275571, 0.9090773651772442] 
PROD005_I 29 [0.0769312787836804, 0.0769312787836804, 0.0769312787836804, 0.7692061636489588] 
PROD005_J 18 [0.05882719558996359, 0.05882719558996359, 0.5882096308702549, 0.05882719558996359, 0.05882719558996359, 0.05882719558996359, 0.05882719558996359, 0.05882719558996359] 
PROD005_K 2 [0.08334376315457157, 0.8333124736908568, 0.08334376315457157] 
PROD006_I 53 [0.0769312787836804, 0.0769312787836804, 0.7692061636489588, 0.0769312787836804] 
PROD006_J 3 [0.09092263482275571, 0.9090773651772442] 
PROD007_I 60 [0.07143513737047841, 0.7142594505180865, 0.07143513737047841, 0.07143513737047841, 0.07143513737047841] 
PROD007_J 11 [0.08334376315457157, 0.8333124736908568, 0.08334376315457157] 
PROD009_DIRECTION I [0.9090773651772442, 0.09092263482275571] 
PROD009_I 5 [0.7142594505180865, 0.07143513737047841, 0.07143513737047841, 0.07143513737047841, 0.07143513737047841] 
PROD009_J 38 [0.6249736133639902, 0.06250439777266827, 0.06250439777266827, 0.06250439777266827, 0.06250439777266827, 0.06250439777266827, 0.06250439777266827] 
PROD009_K 3 [0.08334376315457157, 0.08334376315457157, 0.8333124736908568] 
PROD010_DIRECTION J [0.09092263482275571, 0.9090773651772442] 
PROD010_I 34 [0.05882719558996359, 0.05882719558996359, 0.05882719558996359, 0.05882719558996359, 0.05882719558996359, 0.5882096308702549, 0.05882719558996359, 0.05882719558996359] 
PROD010_J 36 [0.06250439777266828, 0.06250439777266828, 0.06250439777266828, 0.06250439777266828, 0.06250439777266828, 0.06250439777266828, 0.6249736133639903] 
PROD010_K 3 [0.08334376315457157, 0.08334376315457157, 0.8333124736908568] 
PROD012_DIRECTION J [0.09092263482275571, 0.9090773651772442] 
PROD012_I 38 [0.05555864383075574, 0.5555308493539539, 0.05555864383075574, 0.05555864383075574, 0.05555864383075574, 0.05555864383075574, 0.05555864383075574, 0.05555864383075574, 0.05555864383075574] 
PROD012_J 31 [0.05000225113820511, 0.499977488617949, 0.05000225113820511, 0.05000225113820511, 0.05000225113820511, 0.05000225113820511, 0.05000225113820511, 0.05000225113820511, 0.05000225113820511, 0.05000225113820511, 0.05000225113820511] 
PROD012_K 3 [0.08334376315457157, 0.08334376315457157, 0.8333124736908568] 
PROD014_DIRECTION I [0.9090773651772442, 0.09092263482275571] 
PROD014_I 46 [0.6249736133639902, 0.06250439777266827, 0.06250439777266827, 0.06250439777266827, 0.06250439777266827, 0.06250439777266827, 0.06250439777266827] 
PROD014_J 40 [0.052634204678606175, 0.052634204678606175, 0.052634204678606175, 0.052634204678606175, 0.052634204678606175, 0.052634204678606175, 0.5262921578925444, 0.052634204678606175, 0.052634204678606175, 0.052634204678606175] 
PROD014_K 2 [0.08334376315457157, 0.8333124736908568, 0.08334376315457157] 
PROD021_DIRECTION I [0.9090773651772442, 0.09092263482275571] 
PROD021_I 16 [0.04762099216480503, 0.04762099216480503, 0.4761690861871445, 0.04762099216480503, 0.04762099216480503, 0.04762099216480503, 0.04762099216480503, 0.04762099216480503, 0.04762099216480503, 0.04762099216480503, 0.04762099216480503, 0.04762099216480503] 
PROD021_J 39 [0.06250439777266827, 0.06250439777266827, 0.6249736133639902, 0.06250439777266827, 0.06250439777266827, 0.06250439777266827, 0.06250439777266827] 
PROD021_K 3 [0.08334376315457157, 0.08334376315457157, 0.8333124736908568] 
PROD023A_DIRECTION I [0.9090773536755452, 0.09092264632445475] 
PROD023A_I 56 [0.7142594505180865, 0.07143513737047841, 0.07143513737047841, 0.07143513737047841, 0.07143513737047841] 
PROD023A_J 14 [0.06667200441983365, 0.666639977900832, 0.06667200441983365, 0.06667200441983365, 0.06667200441983365, 0.06667200441983365] 
PROD023A_K 3 [0.08334376315457157, 0.08334376315457157, 0.8333124736908568] 
PROD024A_I 56 [0.6249736133639902, 0.06250439777266827, 0.06250439777266827, 0.06250439777266827, 0.06250439777266827, 0.06250439777266827, 0.06250439777266827] 
PROD024A_J 34 [0.0769312787836804, 0.7692061636489588, 0.0769312787836804, 0.0769312787836804] 
PROD024A_K 3 [0.08334376315457157, 0.08334376315457157, 0.8333124736908568] 
PROD025A_DIRECTION J [0.09092263482275571, 0.9090773651772442] 
PROD025A_I 54 [0.666639977900832, 0.06667200441983365, 0.06667200441983365, 0.06667200441983365, 0.06667200441983365, 0.06667200441983365] 
PROD025A_J 21 [0.7142594505180865, 0.07143513737047841, 0.07143513737047841, 0.07143513737047841, 0.07143513737047841] 
PROD025A_K 1 [0.8333124736908568, 0.08334376315457157, 0.08334376315457157] 
PROD026_DIRECTION J [0.09092263482275571, 0.9090773651772442] 
PROD026_I 45 [0.7142594505180865, 0.07143513737047841, 0.07143513737047841, 0.07143513737047841, 0.07143513737047841] 
PROD026_J 6 [0.06250439777266827, 0.06250439777266827, 0.6249736133639902, 0.06250439777266827, 0.06250439777266827, 0.06250439777266827, 0.06250439777266827] 
PROD026_K 2 [0.08334376315457157, 0.8333124736908568, 0.08334376315457157] 
INJ006_I 51 [0.06667200441983365, 0.06667200441983365, 0.666639977900832, 0.06667200441983365, 0.06667200441983365, 0.06667200441983365] 
INJ006_J 28 [0.05882719558996359, 0.05882719558996359, 0.05882719558996359, 0.05882719558996359, 0.05882719558996359, 0.05882719558996359, 0.05882719558996359, 0.5882096308702549] 
INJ006_K 13 [0.0769312787836804, 0.0769312787836804, 0.7692061636489588, 0.0769312787836804] 
INJ010_DIRECTION J [0.09092263482275571, 0.9090773651772442] 
INJ010_I 72 [0.07143513737047841, 0.07143513737047841, 0.07143513737047841, 0.07143513737047841, 0.7142594505180864] 
INJ010_J 34 [0.07143513737047841, 0.07143513737047844, 0.7142594505180865, 0.07143513737047841, 0.07143513737047841] 
INJ010_K 6 [0.7692061636489588, 0.0769312787836804, 0.0769312787836804, 0.0769312787836804] 
INJ017_DIRECTION I [0.9090773651772442, 0.09092263482275571] 
INJ017_I 34 [0.06667200441983365, 0.06667200441983365, 0.06667200441983365, 0.666639977900832, 0.06667200441983365, 0.06667200441983365] 
INJ017_J 16 [0.06250439777266827, 0.6249736133639902, 0.06250439777266827, 0.06250439777266827, 0.06250439777266827, 0.06250439777266827, 0.06250439777266827] 
INJ017_K 15 [0.07143513737047841, 0.07143513737047841, 0.07143513737047841, 0.7142594505180865, 0.07143513737047841] 
INJ019_DIRECTION J [0.09092263482275571, 0.9090773651772442] 
INJ019_I 24 [0.666639977900832, 0.06667200441983365, 0.06667200441983365, 0.06667200441983365, 0.06667200441983365, 0.06667200441983365] 
INJ019_J 47 [0.0769312787836804, 0.0769312787836804, 0.7692061636489588, 0.0769312787836804] 
INJ019_K 6 [0.7692061636489588, 0.0769312787836804, 0.0769312787836804, 0.0769312787836804] 
INJ021_DIRECTION J [0.09092263482275571, 0.9090773651772442] 
INJ021_I 27 [0.05555864383075574, 0.05555864383075574, 0.05555864383075574, 0.05555864383075574, 0.05555864383075574, 0.05555864383075574, 0.5555308493539539, 0.05555864383075574, 0.05555864383075574] 
INJ021_J 31 [0.06667200441983363, 0.06667200441983363, 0.06667200441983363, 0.06667200441983363, 0.6666399779008317, 0.06667200441983363] 
INJ021_K 16 [0.0769312787836804, 0.0769312787836804, 0.0769312787836804, 0.7692061636489588] 
INJ022_DIRECTION I [0.9090773651772442, 0.09092263482275571] 
INJ022_I 65 [0.7142594505180865, 0.07143513737047841, 0.07143513737047841, 0.07143513737047841, 0.07143513737047841] 
INJ022_J 26 [0.0769312787836804, 0.0769312787836804, 0.0769312787836804, 0.7692061636489588] 
INJ022_K 12 [0.07143513737047841, 0.07143513737047841, 0.07143513737047841, 0.7142594505180865, 0.07143513737047841] 
INJ023_DIRECTION J [0.09092263482275571, 0.9090773651772442] 
INJ023_I 45 [0.06667200441983363, 0.06667200441983363, 0.06667200441983363, 0.06667200441983363, 0.06667200441983363, 0.6666399779008317] 
INJ023_J 19 [0.06667200441983363, 0.06667200441983363, 0.06667200441983363, 0.06667200441983363, 0.06667200441983363, 0.6666399779008317] 
INJ023_K 15 [0.09092263482275571, 0.9090773651772442] 
NA1A_CONSIDER 1 [0.09092263482275571, 0.9090773651772442] 

