Elite 1 OF_MAX_VPL 3004077264.16
NA2_CONSIDER 0 [0.9090773652535854, 0.09092263474641465] 
NA3D_CONSIDER 0 [0.9090773652535854, 0.09092263474641465] 
PltPRDSTL_PltPRDSTO 21700 [0.05263420467693884, 0.05263420467693884, 0.5262921579075501, 0.05263420467693884, 0.05263420467693884, 0.05263420467693884, 0.05263420467693884, 0.05263420467693884, 0.05263420467693884, 0.05263420467693884] 
PltPRDSTW 10462.5 [0.06667200441111981, 0.06667200441111981, 0.666639977944401, 0.06667200441111981, 0.06667200441111981, 0.06667200441111981] 
PltINJSTW 27210 [0.0476209921639771, 0.0476209921639771, 0.0476209921639771, 0.0476209921639771, 0.476169086196251, 0.0476209921639779, 0.0476209921639771, 0.0476209921639771, 0.0476209921639771, 0.0476209921639771, 0.0476209921639771, 0.0476209921639771] 
PROD005_DIRECTION I [0.9090773652535854, 0.09092263474641465] 
PROD005_I 28 [0.07693127875996479, 0.0769312787599648, 0.7692061637201056, 0.07693127875996479] 
PROD005_J 22 [0.05882719558633339, 0.05882719558633339, 0.05882719558633339, 0.05882719558633339, 0.05882719558633339, 0.05882719558633339, 0.5882096308956665, 0.05882719558633339] 
PROD005_K 2 [0.08334376311304877, 0.8333124737739026, 0.08334376311304877] 
PROD006_I 51 [0.7692061637201055, 0.07693127875996479, 0.07693127875996479, 0.07693127875996479] 
PROD006_J 3 [0.09092263474641465, 0.9090773652535854] 
PROD007_I 61 [0.07143513735635813, 0.07143513735635813, 0.7142594505745673, 0.07143513735635813, 0.07143513735635813] 
PROD007_J 11 [0.08334376311304877, 0.8333124737739026, 0.08334376311304877] 
PROD009_DIRECTION I [0.9090773652535854, 0.09092263474641465] 
PROD009_I 6 [0.07143513735635813, 0.7142594505745673, 0.07143513735635813, 0.07143513735635813, 0.07143513735635813] 
PROD009_J 41 [0.06250439776712048, 0.06250439776712048, 0.06250439776712048, 0.6249736133972773, 0.06250439776712048, 0.06250439776712048, 0.06250439776712048] 
PROD009_K 1 [0.8333124737739026, 0.08334376311304877, 0.08334376311304877] 
PROD010_DIRECTION J [0.09092263474641465, 0.9090773652535854] 
PROD010_I 35 [0.05882719558633339, 0.05882719558633339, 0.05882719558633339, 0.05882719558633339, 0.05882719558633339, 0.05882719558633339, 0.5882096308956665, 0.05882719558633339] 
PROD010_J 32 [0.06250439776712048, 0.06250439776712048, 0.6249736133972773, 0.06250439776712048, 0.06250439776712048, 0.06250439776712048, 0.06250439776712048] 
PROD010_K 2 [0.08334376311304877, 0.8333124737739026, 0.08334376311304877] 
PROD012_DIRECTION J [0.09092263474641465, 0.9090773652535854] 
PROD012_I 41 [0.055558643828321985, 0.055558643828321985, 0.055558643828321985, 0.055558643828321985, 0.5555308493734242, 0.055558643828321985, 0.055558643828321985, 0.055558643828321985, 0.055558643828321985] 
PROD012_J 35 [0.05000225113704048, 0.05000225113704048, 0.05000225113704048, 0.05000225113704048, 0.05000225113704048, 0.49997748862959523, 0.05000225113704048, 0.05000225113704048, 0.05000225113704048, 0.05000225113704048, 0.05000225113704048] 
PROD012_K 3 [0.08334376311304875, 0.08334376311304875, 0.8333124737739024] 
PROD014_DIRECTION I [0.9090773652535854, 0.09092263474641465] 
PROD014_I 50 [0.06250439776712048, 0.06250439776712048, 0.06250439776712048, 0.06250439776712048, 0.6249736133972773, 0.06250439776712048, 0.06250439776712048] 
PROD014_J 40 [0.05263420467693884, 0.05263420467693884, 0.05263420467693884, 0.05263420467693884, 0.05263420467693884, 0.05263420467693884, 0.5262921579075502, 0.05263420467693884, 0.05263420467693884, 0.05263420467693884] 
PROD014_K 3 [0.08334376311304875, 0.08334376311304875, 0.8333124737739024] 
PROD021_DIRECTION I [0.9090773652535854, 0.09092263474641465] 
PROD021_I 18 [0.04762099216397717, 0.04762099216397717, 0.04762099216397717, 0.04762099216397717, 0.47616908619625115, 0.04762099216397717, 0.04762099216397717, 0.04762099216397717, 0.04762099216397717, 0.04762099216397717, 0.04762099216397717, 0.04762099216397717] 
PROD021_J 41 [0.06250439776712048, 0.06250439776712048, 0.06250439776712048, 0.06250439776712048, 0.6249736133972773, 0.06250439776712048, 0.06250439776712048] 
PROD021_K 3 [0.08334376311304875, 0.08334376311304875, 0.8333124737739024] 
PROD023A_DIRECTION J [0.09092263474641465, 0.9090773652535854] 
PROD023A_I 56 [0.7142594505745673, 0.07143513735635813, 0.07143513735635813, 0.07143513735635813, 0.07143513735635813] 
PROD023A_J 13 [0.666639977944401, 0.0666720044111198, 0.0666720044111198, 0.0666720044111198, 0.0666720044111198, 0.0666720044111198] 
PROD023A_K 2 [0.08334376311304877, 0.8333124737739026, 0.08334376311304877] 
PROD024A_I 56 [0.6249736133972773, 0.06250439776712048, 0.06250439776712048, 0.06250439776712048, 0.06250439776712048, 0.06250439776712048, 0.06250439776712048] 
PROD024A_J 35 [0.07693127875996479, 0.07693127875996479, 0.7692061637201055, 0.07693127875996479] 
PROD024A_K 2 [0.08334376311304877, 0.8333124737739026, 0.08334376311304877] 
PROD025A_DIRECTION J [0.09092263474641465, 0.9090773652535854] 
PROD025A_I 56 [0.06667200441111981, 0.06667200441111981, 0.666639977944401, 0.06667200441111981, 0.06667200441111981, 0.06667200441111981] 
PROD025A_J 23 [0.07143513735635813, 0.07143513735635813, 0.7142594505745673, 0.07143513735635813, 0.07143513735635813] 
PROD025A_K 2 [0.08334376311304877, 0.8333124737739026, 0.08334376311304877] 
PROD026_DIRECTION I [0.9090773652535854, 0.09092263474641465] 
PROD026_I 46 [0.07143513735635813, 0.7142594505745673, 0.07143513735635813, 0.07143513735635813, 0.07143513735635813] 
PROD026_J 7 [0.06250439776712048, 0.06250439776712048, 0.06250439776712048, 0.6249736133972773, 0.06250439776712048, 0.06250439776712048, 0.06250439776712048] 
PROD026_K 1 [0.8333124737739026, 0.08334376311304877, 0.08334376311304877] 
INJ006_I 51 [0.06667200441111981, 0.06667200441111981, 0.666639977944401, 0.06667200441111981, 0.06667200441111981, 0.06667200441111981] 
INJ006_J 27 [0.058827195586308535, 0.058827195586308535, 0.058827195586308535, 0.058827195586308535, 0.058827195586308535, 0.058827195586308535, 0.5882096308956427, 0.05882719558650609] 
INJ006_K 15 [0.0769312787599648, 0.0769312787599648, 0.0769312787599648, 0.7692061637201056] 
INJ010_DIRECTION J [0.09092263474641465, 0.9090773652535854] 
INJ010_I 71 [0.07143513726465439, 0.07143513784189048, 0.07143513726465439, 0.7142594503641463, 0.07143513726465439] 
INJ010_J 32 [0.07143512433974171, 0.7142593963137892, 0.07143512433974171, 0.07143523066698564, 0.07143512433974171] 
INJ010_K 6 [0.7692061637201055, 0.07693127875996479, 0.07693127875996479, 0.07693127875996479] 
INJ017_DIRECTION I [0.9090773652535854, 0.09092263474641465] 
INJ017_I 34 [0.0666720044111198, 0.0666720044111198, 0.0666720044111198, 0.666639977944401, 0.0666720044111198, 0.0666720044111198] 
INJ017_J 14 [0.6249736133972773, 0.06250439776712048, 0.06250439776712048, 0.06250439776712048, 0.06250439776712048, 0.06250439776712048, 0.06250439776712048] 
INJ017_K 7 [0.7142594505745673, 0.07143513735635813, 0.07143513735635813, 0.07143513735635813, 0.07143513735635813] 
INJ019_DIRECTION J [0.09092263474641465, 0.9090773652535854] 
INJ019_I 26 [0.0666720044111198, 0.666639977944401, 0.0666720044111198, 0.0666720044111198, 0.0666720044111198, 0.0666720044111198] 
INJ019_J 49 [0.0769312787599648, 0.0769312787599648, 0.0769312787599648, 0.7692061637201056] 
INJ019_K 15 [0.07693127875996479, 0.07693127875996479, 0.7692061637201055, 0.07693127875996479] 
INJ021_DIRECTION I [0.9090773652535854, 0.09092263474641465] 
INJ021_I 22 [0.05555864382832199, 0.5555308493734242, 0.05555864382832199, 0.05555864382832199, 0.05555864382832199, 0.05555864382832199, 0.05555864382832199, 0.05555864382832199, 0.05555864382832199] 
INJ021_J 31 [0.06667200441111981, 0.06667200441111981, 0.06667200441111981, 0.06667200441111981, 0.666639977944401, 0.06667200441111981] 
INJ021_K 12 [0.07693127875996479, 0.07693127875996479, 0.7692061637201055, 0.07693127875996479] 
INJ022_DIRECTION J [0.09092263474641465, 0.9090773652535854] 
INJ022_I 65 [0.7142594505745673, 0.07143513735635813, 0.07143513735635813, 0.07143513735635813, 0.07143513735635813] 
INJ022_J 26 [0.0769312787599648, 0.0769312787599648, 0.0769312787599648, 0.7692061637201056] 
INJ022_K 15 [0.07143513735635815, 0.07143513735635815, 0.07143513735635815, 0.07143513735635815, 0.7142594505745674] 
INJ023_DIRECTION J [0.09092263474641465, 0.9090773652535854] 
INJ023_I 45 [0.0666720044111198, 0.0666720044111198, 0.0666720044111198, 0.0666720044111198, 0.0666720044111198, 0.666639977944401] 
INJ023_J 19 [0.0666720044111198, 0.0666720044111198, 0.0666720044111198, 0.0666720044111198, 0.0666720044111198, 0.666639977944401] 
INJ023_K 15 [0.09092263474641465, 0.9090773652535854] 
NA1A_CONSIDER 1 [0.09092263474641465, 0.9090773652535854] 

Elite 2 OF_MAX_VPL 3004077264.16
NA2_CONSIDER 0 [0.9090773652535854, 0.09092263474641465] 
NA3D_CONSIDER 0 [0.9090773652535854, 0.09092263474641465] 
PltPRDSTL_PltPRDSTO 21700 [0.05263420467693884, 0.05263420467693884, 0.5262921579075501, 0.05263420467693884, 0.05263420467693884, 0.05263420467693884, 0.05263420467693884, 0.05263420467693884, 0.05263420467693884, 0.05263420467693884] 
PltPRDSTW 10462.5 [0.06667200441111981, 0.06667200441111981, 0.666639977944401, 0.06667200441111981, 0.06667200441111981, 0.06667200441111981] 
PltINJSTW 27210 [0.0476209921639771, 0.0476209921639771, 0.0476209921639771, 0.0476209921639771, 0.476169086196251, 0.0476209921639779, 0.0476209921639771, 0.0476209921639771, 0.0476209921639771, 0.0476209921639771, 0.0476209921639771, 0.0476209921639771] 
PROD005_DIRECTION I [0.9090773652535854, 0.09092263474641465] 
PROD005_I 28 [0.07693127875996479, 0.0769312787599648, 0.7692061637201056, 0.07693127875996479] 
PROD005_J 22 [0.05882719558633339, 0.05882719558633339, 0.05882719558633339, 0.05882719558633339, 0.05882719558633339, 0.05882719558633339, 0.5882096308956665, 0.05882719558633339] 
PROD005_K 2 [0.08334376311304877, 0.8333124737739026, 0.08334376311304877] 
PROD006_I 51 [0.7692061637201055, 0.07693127875996479, 0.07693127875996479, 0.07693127875996479] 
PROD006_J 3 [0.09092263474641465, 0.9090773652535854] 
PROD007_I 61 [0.07143513735635813, 0.07143513735635813, 0.7142594505745673, 0.07143513735635813, 0.07143513735635813] 
PROD007_J 11 [0.08334376311304877, 0.8333124737739026, 0.08334376311304877] 
PROD009_DIRECTION I [0.9090773652535854, 0.09092263474641465] 
PROD009_I 6 [0.07143513735635813, 0.7142594505745673, 0.07143513735635813, 0.07143513735635813, 0.07143513735635813] 
PROD009_J 41 [0.06250439776712048, 0.06250439776712048, 0.06250439776712048, 0.6249736133972773, 0.06250439776712048, 0.06250439776712048, 0.06250439776712048] 
PROD009_K 1 [0.8333124737739026, 0.08334376311304877, 0.08334376311304877] 
PROD010_DIRECTION J [0.09092263474641465, 0.9090773652535854] 
PROD010_I 35 [0.05882719558633339, 0.05882719558633339, 0.05882719558633339, 0.05882719558633339, 0.05882719558633339, 0.05882719558633339, 0.5882096308956665, 0.05882719558633339] 
PROD010_J 32 [0.06250439776712048, 0.06250439776712048, 0.6249736133972773, 0.06250439776712048, 0.06250439776712048, 0.06250439776712048, 0.06250439776712048] 
PROD010_K 2 [0.08334376311304877, 0.8333124737739026, 0.08334376311304877] 
PROD012_DIRECTION J [0.09092263474641465, 0.9090773652535854] 
PROD012_I 41 [0.055558643828321985, 0.055558643828321985, 0.055558643828321985, 0.055558643828321985, 0.5555308493734242, 0.055558643828321985, 0.055558643828321985, 0.055558643828321985, 0.055558643828321985] 
PROD012_J 35 [0.05000225113704048, 0.05000225113704048, 0.05000225113704048, 0.05000225113704048, 0.05000225113704048, 0.49997748862959523, 0.05000225113704048, 0.05000225113704048, 0.05000225113704048, 0.05000225113704048, 0.05000225113704048] 
PROD012_K 3 [0.08334376311304875, 0.08334376311304875, 0.8333124737739024] 
PROD014_DIRECTION I [0.9090773652535854, 0.09092263474641465] 
PROD014_I 50 [0.06250439776712048, 0.06250439776712048, 0.06250439776712048, 0.06250439776712048, 0.6249736133972773, 0.06250439776712048, 0.06250439776712048] 
PROD014_J 40 [0.05263420467693884, 0.05263420467693884, 0.05263420467693884, 0.05263420467693884, 0.05263420467693884, 0.05263420467693884, 0.5262921579075502, 0.05263420467693884, 0.05263420467693884, 0.05263420467693884] 
PROD014_K 3 [0.08334376311304875, 0.08334376311304875, 0.8333124737739024] 
PROD021_DIRECTION I [0.9090773652535854, 0.09092263474641465] 
PROD021_I 18 [0.04762099216397717, 0.04762099216397717, 0.04762099216397717, 0.04762099216397717, 0.47616908619625115, 0.04762099216397717, 0.04762099216397717, 0.04762099216397717, 0.04762099216397717, 0.04762099216397717, 0.04762099216397717, 0.04762099216397717] 
PROD021_J 41 [0.06250439776712048, 0.06250439776712048, 0.06250439776712048, 0.06250439776712048, 0.6249736133972773, 0.06250439776712048, 0.06250439776712048] 
PROD021_K 3 [0.08334376311304875, 0.08334376311304875, 0.8333124737739024] 
PROD023A_DIRECTION J [0.09092263474641465, 0.9090773652535854] 
PROD023A_I 56 [0.7142594505745673, 0.07143513735635813, 0.07143513735635813, 0.07143513735635813, 0.07143513735635813] 
PROD023A_J 13 [0.666639977944401, 0.0666720044111198, 0.0666720044111198, 0.0666720044111198, 0.0666720044111198, 0.0666720044111198] 
PROD023A_K 2 [0.08334376311304877, 0.8333124737739026, 0.08334376311304877] 
PROD024A_I 56 [0.6249736133972773, 0.06250439776712048, 0.06250439776712048, 0.06250439776712048, 0.06250439776712048, 0.06250439776712048, 0.06250439776712048] 
PROD024A_J 35 [0.07693127875996479, 0.07693127875996479, 0.7692061637201055, 0.07693127875996479] 
PROD024A_K 2 [0.08334376311304877, 0.8333124737739026, 0.08334376311304877] 
PROD025A_DIRECTION J [0.09092263474641465, 0.9090773652535854] 
PROD025A_I 56 [0.06667200441111981, 0.06667200441111981, 0.666639977944401, 0.06667200441111981, 0.06667200441111981, 0.06667200441111981] 
PROD025A_J 23 [0.07143513735635813, 0.07143513735635813, 0.7142594505745673, 0.07143513735635813, 0.07143513735635813] 
PROD025A_K 2 [0.08334376311304877, 0.8333124737739026, 0.08334376311304877] 
PROD026_DIRECTION I [0.9090773652535854, 0.09092263474641465] 
PROD026_I 46 [0.07143513735635813, 0.7142594505745673, 0.07143513735635813, 0.07143513735635813, 0.07143513735635813] 
PROD026_J 7 [0.06250439776712048, 0.06250439776712048, 0.06250439776712048, 0.6249736133972773, 0.06250439776712048, 0.06250439776712048, 0.06250439776712048] 
PROD026_K 1 [0.8333124737739026, 0.08334376311304877, 0.08334376311304877] 
INJ006_I 51 [0.06667200441111981, 0.06667200441111981, 0.666639977944401, 0.06667200441111981, 0.06667200441111981, 0.06667200441111981] 
INJ006_J 27 [0.058827195586308535, 0.058827195586308535, 0.058827195586308535, 0.058827195586308535, 0.058827195586308535, 0.058827195586308535, 0.5882096308956427, 0.05882719558650609] 
INJ006_K 15 [0.0769312787599648, 0.0769312787599648, 0.0769312787599648, 0.7692061637201056] 
INJ010_DIRECTION J [0.09092263474641465, 0.9090773652535854] 
INJ010_I 71 [0.07143513726465439, 0.07143513784189048, 0.07143513726465439, 0.7142594503641463, 0.07143513726465439] 
INJ010_J 32 [0.07143512433974171, 0.7142593963137892, 0.07143512433974171, 0.07143523066698564, 0.07143512433974171] 
INJ010_K 6 [0.7692061637201055, 0.07693127875996479, 0.07693127875996479, 0.07693127875996479] 
INJ017_DIRECTION I [0.9090773652535854, 0.09092263474641465] 
INJ017_I 34 [0.0666720044111198, 0.0666720044111198, 0.0666720044111198, 0.666639977944401, 0.0666720044111198, 0.0666720044111198] 
INJ017_J 14 [0.6249736133972773, 0.06250439776712048, 0.06250439776712048, 0.06250439776712048, 0.06250439776712048, 0.06250439776712048, 0.06250439776712048] 
INJ017_K 7 [0.7142594505745673, 0.07143513735635813, 0.07143513735635813, 0.07143513735635813, 0.07143513735635813] 
INJ019_DIRECTION J [0.09092263474641465, 0.9090773652535854] 
INJ019_I 26 [0.0666720044111198, 0.666639977944401, 0.0666720044111198, 0.0666720044111198, 0.0666720044111198, 0.0666720044111198] 
INJ019_J 49 [0.0769312787599648, 0.0769312787599648, 0.0769312787599648, 0.7692061637201056] 
INJ019_K 15 [0.07693127875996479, 0.07693127875996479, 0.7692061637201055, 0.07693127875996479] 
INJ021_DIRECTION I [0.9090773652535854, 0.09092263474641465] 
INJ021_I 22 [0.05555864382832199, 0.5555308493734242, 0.05555864382832199, 0.05555864382832199, 0.05555864382832199, 0.05555864382832199, 0.05555864382832199, 0.05555864382832199, 0.05555864382832199] 
INJ021_J 31 [0.06667200441111981, 0.06667200441111981, 0.06667200441111981, 0.06667200441111981, 0.666639977944401, 0.06667200441111981] 
INJ021_K 12 [0.07693127875996479, 0.07693127875996479, 0.7692061637201055, 0.07693127875996479] 
INJ022_DIRECTION J [0.09092263474641465, 0.9090773652535854] 
INJ022_I 65 [0.7142594505745673, 0.07143513735635813, 0.07143513735635813, 0.07143513735635813, 0.07143513735635813] 
INJ022_J 26 [0.0769312787599648, 0.0769312787599648, 0.0769312787599648, 0.7692061637201056] 
INJ022_K 15 [0.07143513735635815, 0.07143513735635815, 0.07143513735635815, 0.07143513735635815, 0.7142594505745674] 
INJ023_DIRECTION J [0.09092263474641465, 0.9090773652535854] 
INJ023_I 45 [0.0666720044111198, 0.0666720044111198, 0.0666720044111198, 0.0666720044111198, 0.0666720044111198, 0.666639977944401] 
INJ023_J 19 [0.0666720044111198, 0.0666720044111198, 0.0666720044111198, 0.0666720044111198, 0.0666720044111198, 0.666639977944401] 
INJ023_K 15 [0.09092263474641465, 0.9090773652535854] 
NA1A_CONSIDER 1 [0.09092263474641465, 0.9090773652535854] 

Elite 3 OF_MAX_VPL 3004077264.16
NA2_CONSIDER 0 [0.9090773652535854, 0.09092263474641465] 
NA3D_CONSIDER 0 [0.9090773652535854, 0.09092263474641465] 
PltPRDSTL_PltPRDSTO 21700 [0.05263420467693884, 0.05263420467693884, 0.5262921579075501, 0.05263420467693884, 0.05263420467693884, 0.05263420467693884, 0.05263420467693884, 0.05263420467693884, 0.05263420467693884, 0.05263420467693884] 
PltPRDSTW 10462.5 [0.06667200441111981, 0.06667200441111981, 0.666639977944401, 0.06667200441111981, 0.06667200441111981, 0.06667200441111981] 
PltINJSTW 27210 [0.0476209921639771, 0.0476209921639771, 0.0476209921639771, 0.0476209921639771, 0.476169086196251, 0.0476209921639779, 0.0476209921639771, 0.0476209921639771, 0.0476209921639771, 0.0476209921639771, 0.0476209921639771, 0.0476209921639771] 
PROD005_DIRECTION I [0.9090773652535854, 0.09092263474641465] 
PROD005_I 28 [0.07693127875996479, 0.0769312787599648, 0.7692061637201056, 0.07693127875996479] 
PROD005_J 22 [0.05882719558633339, 0.05882719558633339, 0.05882719558633339, 0.05882719558633339, 0.05882719558633339, 0.05882719558633339, 0.5882096308956665, 0.05882719558633339] 
PROD005_K 2 [0.08334376311304877, 0.8333124737739026, 0.08334376311304877] 
PROD006_I 51 [0.7692061637201055, 0.07693127875996479, 0.07693127875996479, 0.07693127875996479] 
PROD006_J 3 [0.09092263474641465, 0.9090773652535854] 
PROD007_I 61 [0.07143513735635813, 0.07143513735635813, 0.7142594505745673, 0.07143513735635813, 0.07143513735635813] 
PROD007_J 11 [0.08334376311304877, 0.8333124737739026, 0.08334376311304877] 
PROD009_DIRECTION I [0.9090773652535854, 0.09092263474641465] 
PROD009_I 6 [0.07143513735635813, 0.7142594505745673, 0.07143513735635813, 0.07143513735635813, 0.07143513735635813] 
PROD009_J 41 [0.06250439776712048, 0.06250439776712048, 0.06250439776712048, 0.6249736133972773, 0.06250439776712048, 0.06250439776712048, 0.06250439776712048] 
PROD009_K 1 [0.8333124737739026, 0.08334376311304877, 0.08334376311304877] 
PROD010_DIRECTION J [0.09092263474641465, 0.9090773652535854] 
PROD010_I 35 [0.05882719558633339, 0.05882719558633339, 0.05882719558633339, 0.05882719558633339, 0.05882719558633339, 0.05882719558633339, 0.5882096308956665, 0.05882719558633339] 
PROD010_J 32 [0.06250439776712048, 0.06250439776712048, 0.6249736133972773, 0.06250439776712048, 0.06250439776712048, 0.06250439776712048, 0.06250439776712048] 
PROD010_K 2 [0.08334376311304877, 0.8333124737739026, 0.08334376311304877] 
PROD012_DIRECTION J [0.09092263474641465, 0.9090773652535854] 
PROD012_I 41 [0.055558643828321985, 0.055558643828321985, 0.055558643828321985, 0.055558643828321985, 0.5555308493734242, 0.055558643828321985, 0.055558643828321985, 0.055558643828321985, 0.055558643828321985] 
PROD012_J 35 [0.05000225113704048, 0.05000225113704048, 0.05000225113704048, 0.05000225113704048, 0.05000225113704048, 0.49997748862959523, 0.05000225113704048, 0.05000225113704048, 0.05000225113704048, 0.05000225113704048, 0.05000225113704048] 
PROD012_K 3 [0.08334376311304875, 0.08334376311304875, 0.8333124737739024] 
PROD014_DIRECTION I [0.9090773652535854, 0.09092263474641465] 
PROD014_I 50 [0.06250439776712048, 0.06250439776712048, 0.06250439776712048, 0.06250439776712048, 0.6249736133972773, 0.06250439776712048, 0.06250439776712048] 
PROD014_J 40 [0.05263420467693884, 0.05263420467693884, 0.05263420467693884, 0.05263420467693884, 0.05263420467693884, 0.05263420467693884, 0.5262921579075502, 0.05263420467693884, 0.05263420467693884, 0.05263420467693884] 
PROD014_K 3 [0.08334376311304875, 0.08334376311304875, 0.8333124737739024] 
PROD021_DIRECTION I [0.9090773652535854, 0.09092263474641465] 
PROD021_I 18 [0.04762099216397717, 0.04762099216397717, 0.04762099216397717, 0.04762099216397717, 0.47616908619625115, 0.04762099216397717, 0.04762099216397717, 0.04762099216397717, 0.04762099216397717, 0.04762099216397717, 0.04762099216397717, 0.04762099216397717] 
PROD021_J 41 [0.06250439776712048, 0.06250439776712048, 0.06250439776712048, 0.06250439776712048, 0.6249736133972773, 0.06250439776712048, 0.06250439776712048] 
PROD021_K 3 [0.08334376311304875, 0.08334376311304875, 0.8333124737739024] 
PROD023A_DIRECTION J [0.09092263474641465, 0.9090773652535854] 
PROD023A_I 56 [0.7142594505745673, 0.07143513735635813, 0.07143513735635813, 0.07143513735635813, 0.07143513735635813] 
PROD023A_J 13 [0.666639977944401, 0.0666720044111198, 0.0666720044111198, 0.0666720044111198, 0.0666720044111198, 0.0666720044111198] 
PROD023A_K 2 [0.08334376311304877, 0.8333124737739026, 0.08334376311304877] 
PROD024A_I 56 [0.6249736133972773, 0.06250439776712048, 0.06250439776712048, 0.06250439776712048, 0.06250439776712048, 0.06250439776712048, 0.06250439776712048] 
PROD024A_J 35 [0.07693127875996479, 0.07693127875996479, 0.7692061637201055, 0.07693127875996479] 
PROD024A_K 2 [0.08334376311304877, 0.8333124737739026, 0.08334376311304877] 
PROD025A_DIRECTION J [0.09092263474641465, 0.9090773652535854] 
PROD025A_I 56 [0.06667200441111981, 0.06667200441111981, 0.666639977944401, 0.06667200441111981, 0.06667200441111981, 0.06667200441111981] 
PROD025A_J 23 [0.07143513735635813, 0.07143513735635813, 0.7142594505745673, 0.07143513735635813, 0.07143513735635813] 
PROD025A_K 2 [0.08334376311304877, 0.8333124737739026, 0.08334376311304877] 
PROD026_DIRECTION I [0.9090773652535854, 0.09092263474641465] 
PROD026_I 46 [0.07143513735635813, 0.7142594505745673, 0.07143513735635813, 0.07143513735635813, 0.07143513735635813] 
PROD026_J 7 [0.06250439776712048, 0.06250439776712048, 0.06250439776712048, 0.6249736133972773, 0.06250439776712048, 0.06250439776712048, 0.06250439776712048] 
PROD026_K 1 [0.8333124737739026, 0.08334376311304877, 0.08334376311304877] 
INJ006_I 51 [0.06667200441111981, 0.06667200441111981, 0.666639977944401, 0.06667200441111981, 0.06667200441111981, 0.06667200441111981] 
INJ006_J 27 [0.058827195586308535, 0.058827195586308535, 0.058827195586308535, 0.058827195586308535, 0.058827195586308535, 0.058827195586308535, 0.5882096308956427, 0.05882719558650609] 
INJ006_K 15 [0.0769312787599648, 0.0769312787599648, 0.0769312787599648, 0.7692061637201056] 
INJ010_DIRECTION J [0.09092263474641465, 0.9090773652535854] 
INJ010_I 71 [0.07143513726465439, 0.07143513784189048, 0.07143513726465439, 0.7142594503641463, 0.07143513726465439] 
INJ010_J 32 [0.07143512433974171, 0.7142593963137892, 0.07143512433974171, 0.07143523066698564, 0.07143512433974171] 
INJ010_K 6 [0.7692061637201055, 0.07693127875996479, 0.07693127875996479, 0.07693127875996479] 
INJ017_DIRECTION I [0.9090773652535854, 0.09092263474641465] 
INJ017_I 34 [0.0666720044111198, 0.0666720044111198, 0.0666720044111198, 0.666639977944401, 0.0666720044111198, 0.0666720044111198] 
INJ017_J 14 [0.6249736133972773, 0.06250439776712048, 0.06250439776712048, 0.06250439776712048, 0.06250439776712048, 0.06250439776712048, 0.06250439776712048] 
INJ017_K 7 [0.7142594505745673, 0.07143513735635813, 0.07143513735635813, 0.07143513735635813, 0.07143513735635813] 
INJ019_DIRECTION J [0.09092263474641465, 0.9090773652535854] 
INJ019_I 26 [0.0666720044111198, 0.666639977944401, 0.0666720044111198, 0.0666720044111198, 0.0666720044111198, 0.0666720044111198] 
INJ019_J 49 [0.0769312787599648, 0.0769312787599648, 0.0769312787599648, 0.7692061637201056] 
INJ019_K 15 [0.07693127875996479, 0.07693127875996479, 0.7692061637201055, 0.07693127875996479] 
INJ021_DIRECTION I [0.9090773652535854, 0.09092263474641465] 
INJ021_I 22 [0.05555864382832199, 0.5555308493734242, 0.05555864382832199, 0.05555864382832199, 0.05555864382832199, 0.05555864382832199, 0.05555864382832199, 0.05555864382832199, 0.05555864382832199] 
INJ021_J 31 [0.06667200441111981, 0.06667200441111981, 0.06667200441111981, 0.06667200441111981, 0.666639977944401, 0.06667200441111981] 
INJ021_K 12 [0.07693127875996479, 0.07693127875996479, 0.7692061637201055, 0.07693127875996479] 
INJ022_DIRECTION J [0.09092263474641465, 0.9090773652535854] 
INJ022_I 65 [0.7142594505745673, 0.07143513735635813, 0.07143513735635813, 0.07143513735635813, 0.07143513735635813] 
INJ022_J 26 [0.0769312787599648, 0.0769312787599648, 0.0769312787599648, 0.7692061637201056] 
INJ022_K 15 [0.07143513735635815, 0.07143513735635815, 0.07143513735635815, 0.07143513735635815, 0.7142594505745674] 
INJ023_DIRECTION J [0.09092263474641465, 0.9090773652535854] 
INJ023_I 45 [0.0666720044111198, 0.0666720044111198, 0.0666720044111198, 0.0666720044111198, 0.0666720044111198, 0.666639977944401] 
INJ023_J 19 [0.0666720044111198, 0.0666720044111198, 0.0666720044111198, 0.0666720044111198, 0.0666720044111198, 0.666639977944401] 
INJ023_K 15 [0.09092263474641465, 0.9090773652535854] 
NA1A_CONSIDER 1 [0.09092263474641465, 0.9090773652535854] 

Elite 4 OF_MAX_VPL 3004077264.16
NA2_CONSIDER 0 [0.9090773652535854, 0.09092263474641465] 
NA3D_CONSIDER 0 [0.9090773652535854, 0.09092263474641465] 
PltPRDSTL_PltPRDSTO 21700 [0.05263420467693884, 0.05263420467693884, 0.5262921579075501, 0.05263420467693884, 0.05263420467693884, 0.05263420467693884, 0.05263420467693884, 0.05263420467693884, 0.05263420467693884, 0.05263420467693884] 
PltPRDSTW 10462.5 [0.06667200441111981, 0.06667200441111981, 0.666639977944401, 0.06667200441111981, 0.06667200441111981, 0.06667200441111981] 
PltINJSTW 27210 [0.0476209921639771, 0.0476209921639771, 0.0476209921639771, 0.0476209921639771, 0.476169086196251, 0.0476209921639779, 0.0476209921639771, 0.0476209921639771, 0.0476209921639771, 0.0476209921639771, 0.0476209921639771, 0.0476209921639771] 
PROD005_DIRECTION I [0.9090773652535854, 0.09092263474641465] 
PROD005_I 28 [0.07693127875996479, 0.0769312787599648, 0.7692061637201056, 0.07693127875996479] 
PROD005_J 22 [0.05882719558633339, 0.05882719558633339, 0.05882719558633339, 0.05882719558633339, 0.05882719558633339, 0.05882719558633339, 0.5882096308956665, 0.05882719558633339] 
PROD005_K 2 [0.08334376311304877, 0.8333124737739026, 0.08334376311304877] 
PROD006_I 51 [0.7692061637201055, 0.07693127875996479, 0.07693127875996479, 0.07693127875996479] 
PROD006_J 3 [0.09092263474641465, 0.9090773652535854] 
PROD007_I 61 [0.07143513735635813, 0.07143513735635813, 0.7142594505745673, 0.07143513735635813, 0.07143513735635813] 
PROD007_J 11 [0.08334376311304877, 0.8333124737739026, 0.08334376311304877] 
PROD009_DIRECTION I [0.9090773652535854, 0.09092263474641465] 
PROD009_I 6 [0.07143513735635813, 0.7142594505745673, 0.07143513735635813, 0.07143513735635813, 0.07143513735635813] 
PROD009_J 41 [0.06250439776712048, 0.06250439776712048, 0.06250439776712048, 0.6249736133972773, 0.06250439776712048, 0.06250439776712048, 0.06250439776712048] 
PROD009_K 1 [0.8333124737739026, 0.08334376311304877, 0.08334376311304877] 
PROD010_DIRECTION J [0.09092263474641465, 0.9090773652535854] 
PROD010_I 35 [0.05882719558633339, 0.05882719558633339, 0.05882719558633339, 0.05882719558633339, 0.05882719558633339, 0.05882719558633339, 0.5882096308956665, 0.05882719558633339] 
PROD010_J 32 [0.06250439776712048, 0.06250439776712048, 0.6249736133972773, 0.06250439776712048, 0.06250439776712048, 0.06250439776712048, 0.06250439776712048] 
PROD010_K 2 [0.08334376311304877, 0.8333124737739026, 0.08334376311304877] 
PROD012_DIRECTION J [0.09092263474641465, 0.9090773652535854] 
PROD012_I 41 [0.055558643828321985, 0.055558643828321985, 0.055558643828321985, 0.055558643828321985, 0.5555308493734242, 0.055558643828321985, 0.055558643828321985, 0.055558643828321985, 0.055558643828321985] 
PROD012_J 35 [0.05000225113704048, 0.05000225113704048, 0.05000225113704048, 0.05000225113704048, 0.05000225113704048, 0.49997748862959523, 0.05000225113704048, 0.05000225113704048, 0.05000225113704048, 0.05000225113704048, 0.05000225113704048] 
PROD012_K 3 [0.08334376311304875, 0.08334376311304875, 0.8333124737739024] 
PROD014_DIRECTION I [0.9090773652535854, 0.09092263474641465] 
PROD014_I 50 [0.06250439776712048, 0.06250439776712048, 0.06250439776712048, 0.06250439776712048, 0.6249736133972773, 0.06250439776712048, 0.06250439776712048] 
PROD014_J 40 [0.05263420467693884, 0.05263420467693884, 0.05263420467693884, 0.05263420467693884, 0.05263420467693884, 0.05263420467693884, 0.5262921579075502, 0.05263420467693884, 0.05263420467693884, 0.05263420467693884] 
PROD014_K 3 [0.08334376311304875, 0.08334376311304875, 0.8333124737739024] 
PROD021_DIRECTION I [0.9090773652535854, 0.09092263474641465] 
PROD021_I 18 [0.04762099216397717, 0.04762099216397717, 0.04762099216397717, 0.04762099216397717, 0.47616908619625115, 0.04762099216397717, 0.04762099216397717, 0.04762099216397717, 0.04762099216397717, 0.04762099216397717, 0.04762099216397717, 0.04762099216397717] 
PROD021_J 41 [0.06250439776712048, 0.06250439776712048, 0.06250439776712048, 0.06250439776712048, 0.6249736133972773, 0.06250439776712048, 0.06250439776712048] 
PROD021_K 3 [0.08334376311304875, 0.08334376311304875, 0.8333124737739024] 
PROD023A_DIRECTION J [0.09092263474641465, 0.9090773652535854] 
PROD023A_I 56 [0.7142594505745673, 0.07143513735635813, 0.07143513735635813, 0.07143513735635813, 0.07143513735635813] 
PROD023A_J 13 [0.666639977944401, 0.0666720044111198, 0.0666720044111198, 0.0666720044111198, 0.0666720044111198, 0.0666720044111198] 
PROD023A_K 2 [0.08334376311304877, 0.8333124737739026, 0.08334376311304877] 
PROD024A_I 56 [0.6249736133972773, 0.06250439776712048, 0.06250439776712048, 0.06250439776712048, 0.06250439776712048, 0.06250439776712048, 0.06250439776712048] 
PROD024A_J 35 [0.07693127875996479, 0.07693127875996479, 0.7692061637201055, 0.07693127875996479] 
PROD024A_K 2 [0.08334376311304877, 0.8333124737739026, 0.08334376311304877] 
PROD025A_DIRECTION J [0.09092263474641465, 0.9090773652535854] 
PROD025A_I 56 [0.06667200441111981, 0.06667200441111981, 0.666639977944401, 0.06667200441111981, 0.06667200441111981, 0.06667200441111981] 
PROD025A_J 23 [0.07143513735635813, 0.07143513735635813, 0.7142594505745673, 0.07143513735635813, 0.07143513735635813] 
PROD025A_K 2 [0.08334376311304877, 0.8333124737739026, 0.08334376311304877] 
PROD026_DIRECTION I [0.9090773652535854, 0.09092263474641465] 
PROD026_I 46 [0.07143513735635813, 0.7142594505745673, 0.07143513735635813, 0.07143513735635813, 0.07143513735635813] 
PROD026_J 7 [0.06250439776712048, 0.06250439776712048, 0.06250439776712048, 0.6249736133972773, 0.06250439776712048, 0.06250439776712048, 0.06250439776712048] 
PROD026_K 1 [0.8333124737739026, 0.08334376311304877, 0.08334376311304877] 
INJ006_I 51 [0.06667200441111981, 0.06667200441111981, 0.666639977944401, 0.06667200441111981, 0.06667200441111981, 0.06667200441111981] 
INJ006_J 27 [0.058827195586308535, 0.058827195586308535, 0.058827195586308535, 0.058827195586308535, 0.058827195586308535, 0.058827195586308535, 0.5882096308956427, 0.05882719558650609] 
INJ006_K 15 [0.0769312787599648, 0.0769312787599648, 0.0769312787599648, 0.7692061637201056] 
INJ010_DIRECTION J [0.09092263474641465, 0.9090773652535854] 
INJ010_I 71 [0.07143513726465439, 0.07143513784189048, 0.07143513726465439, 0.7142594503641463, 0.07143513726465439] 
INJ010_J 32 [0.07143512433974171, 0.7142593963137892, 0.07143512433974171, 0.07143523066698564, 0.07143512433974171] 
INJ010_K 6 [0.7692061637201055, 0.07693127875996479, 0.07693127875996479, 0.07693127875996479] 
INJ017_DIRECTION I [0.9090773652535854, 0.09092263474641465] 
INJ017_I 34 [0.0666720044111198, 0.0666720044111198, 0.0666720044111198, 0.666639977944401, 0.0666720044111198, 0.0666720044111198] 
INJ017_J 14 [0.6249736133972773, 0.06250439776712048, 0.06250439776712048, 0.06250439776712048, 0.06250439776712048, 0.06250439776712048, 0.06250439776712048] 
INJ017_K 7 [0.7142594505745673, 0.07143513735635813, 0.07143513735635813, 0.07143513735635813, 0.07143513735635813] 
INJ019_DIRECTION J [0.09092263474641465, 0.9090773652535854] 
INJ019_I 26 [0.0666720044111198, 0.666639977944401, 0.0666720044111198, 0.0666720044111198, 0.0666720044111198, 0.0666720044111198] 
INJ019_J 49 [0.0769312787599648, 0.0769312787599648, 0.0769312787599648, 0.7692061637201056] 
INJ019_K 15 [0.07693127875996479, 0.07693127875996479, 0.7692061637201055, 0.07693127875996479] 
INJ021_DIRECTION I [0.9090773652535854, 0.09092263474641465] 
INJ021_I 22 [0.05555864382832199, 0.5555308493734242, 0.05555864382832199, 0.05555864382832199, 0.05555864382832199, 0.05555864382832199, 0.05555864382832199, 0.05555864382832199, 0.05555864382832199] 
INJ021_J 31 [0.06667200441111981, 0.06667200441111981, 0.06667200441111981, 0.06667200441111981, 0.666639977944401, 0.06667200441111981] 
INJ021_K 12 [0.07693127875996479, 0.07693127875996479, 0.7692061637201055, 0.07693127875996479] 
INJ022_DIRECTION J [0.09092263474641465, 0.9090773652535854] 
INJ022_I 65 [0.7142594505745673, 0.07143513735635813, 0.07143513735635813, 0.07143513735635813, 0.07143513735635813] 
INJ022_J 26 [0.0769312787599648, 0.0769312787599648, 0.0769312787599648, 0.7692061637201056] 
INJ022_K 15 [0.07143513735635815, 0.07143513735635815, 0.07143513735635815, 0.07143513735635815, 0.7142594505745674] 
INJ023_DIRECTION J [0.09092263474641465, 0.9090773652535854] 
INJ023_I 45 [0.0666720044111198, 0.0666720044111198, 0.0666720044111198, 0.0666720044111198, 0.0666720044111198, 0.666639977944401] 
INJ023_J 19 [0.0666720044111198, 0.0666720044111198, 0.0666720044111198, 0.0666720044111198, 0.0666720044111198, 0.666639977944401] 
INJ023_K 15 [0.09092263474641465, 0.9090773652535854] 
NA1A_CONSIDER 1 [0.09092263474641465, 0.9090773652535854] 

Elite 5 OF_MAX_VPL 3004077264.16
NA2_CONSIDER 0 [0.9090773652535854, 0.09092263474641465] 
NA3D_CONSIDER 0 [0.9090773652535854, 0.09092263474641465] 
PltPRDSTL_PltPRDSTO 21700 [0.05263420467693884, 0.05263420467693884, 0.5262921579075501, 0.05263420467693884, 0.05263420467693884, 0.05263420467693884, 0.05263420467693884, 0.05263420467693884, 0.05263420467693884, 0.05263420467693884] 
PltPRDSTW 10462.5 [0.06667200441111981, 0.06667200441111981, 0.666639977944401, 0.06667200441111981, 0.06667200441111981, 0.06667200441111981] 
PltINJSTW 27210 [0.0476209921639771, 0.0476209921639771, 0.0476209921639771, 0.0476209921639771, 0.476169086196251, 0.0476209921639779, 0.0476209921639771, 0.0476209921639771, 0.0476209921639771, 0.0476209921639771, 0.0476209921639771, 0.0476209921639771] 
PROD005_DIRECTION I [0.9090773652535854, 0.09092263474641465] 
PROD005_I 28 [0.07693127875996479, 0.0769312787599648, 0.7692061637201056, 0.07693127875996479] 
PROD005_J 22 [0.05882719558633339, 0.05882719558633339, 0.05882719558633339, 0.05882719558633339, 0.05882719558633339, 0.05882719558633339, 0.5882096308956665, 0.05882719558633339] 
PROD005_K 2 [0.08334376311304877, 0.8333124737739026, 0.08334376311304877] 
PROD006_I 51 [0.7692061637201055, 0.07693127875996479, 0.07693127875996479, 0.07693127875996479] 
PROD006_J 3 [0.09092263474641465, 0.9090773652535854] 
PROD007_I 61 [0.07143513735635813, 0.07143513735635813, 0.7142594505745673, 0.07143513735635813, 0.07143513735635813] 
PROD007_J 11 [0.08334376311304877, 0.8333124737739026, 0.08334376311304877] 
PROD009_DIRECTION I [0.9090773652535854, 0.09092263474641465] 
PROD009_I 6 [0.07143513735635813, 0.7142594505745673, 0.07143513735635813, 0.07143513735635813, 0.07143513735635813] 
PROD009_J 41 [0.06250439776712048, 0.06250439776712048, 0.06250439776712048, 0.6249736133972773, 0.06250439776712048, 0.06250439776712048, 0.06250439776712048] 
PROD009_K 1 [0.8333124737739026, 0.08334376311304877, 0.08334376311304877] 
PROD010_DIRECTION J [0.09092263474641465, 0.9090773652535854] 
PROD010_I 35 [0.05882719558633339, 0.05882719558633339, 0.05882719558633339, 0.05882719558633339, 0.05882719558633339, 0.05882719558633339, 0.5882096308956665, 0.05882719558633339] 
PROD010_J 32 [0.06250439776712048, 0.06250439776712048, 0.6249736133972773, 0.06250439776712048, 0.06250439776712048, 0.06250439776712048, 0.06250439776712048] 
PROD010_K 2 [0.08334376311304877, 0.8333124737739026, 0.08334376311304877] 
PROD012_DIRECTION J [0.09092263474641465, 0.9090773652535854] 
PROD012_I 41 [0.055558643828321985, 0.055558643828321985, 0.055558643828321985, 0.055558643828321985, 0.5555308493734242, 0.055558643828321985, 0.055558643828321985, 0.055558643828321985, 0.055558643828321985] 
PROD012_J 35 [0.05000225113704048, 0.05000225113704048, 0.05000225113704048, 0.05000225113704048, 0.05000225113704048, 0.49997748862959523, 0.05000225113704048, 0.05000225113704048, 0.05000225113704048, 0.05000225113704048, 0.05000225113704048] 
PROD012_K 3 [0.08334376311304875, 0.08334376311304875, 0.8333124737739024] 
PROD014_DIRECTION I [0.9090773652535854, 0.09092263474641465] 
PROD014_I 50 [0.06250439776712048, 0.06250439776712048, 0.06250439776712048, 0.06250439776712048, 0.6249736133972773, 0.06250439776712048, 0.06250439776712048] 
PROD014_J 40 [0.05263420467693884, 0.05263420467693884, 0.05263420467693884, 0.05263420467693884, 0.05263420467693884, 0.05263420467693884, 0.5262921579075502, 0.05263420467693884, 0.05263420467693884, 0.05263420467693884] 
PROD014_K 3 [0.08334376311304875, 0.08334376311304875, 0.8333124737739024] 
PROD021_DIRECTION I [0.9090773652535854, 0.09092263474641465] 
PROD021_I 18 [0.04762099216397717, 0.04762099216397717, 0.04762099216397717, 0.04762099216397717, 0.47616908619625115, 0.04762099216397717, 0.04762099216397717, 0.04762099216397717, 0.04762099216397717, 0.04762099216397717, 0.04762099216397717, 0.04762099216397717] 
PROD021_J 41 [0.06250439776712048, 0.06250439776712048, 0.06250439776712048, 0.06250439776712048, 0.6249736133972773, 0.06250439776712048, 0.06250439776712048] 
PROD021_K 3 [0.08334376311304875, 0.08334376311304875, 0.8333124737739024] 
PROD023A_DIRECTION J [0.09092263474641465, 0.9090773652535854] 
PROD023A_I 56 [0.7142594505745673, 0.07143513735635813, 0.07143513735635813, 0.07143513735635813, 0.07143513735635813] 
PROD023A_J 13 [0.666639977944401, 0.0666720044111198, 0.0666720044111198, 0.0666720044111198, 0.0666720044111198, 0.0666720044111198] 
PROD023A_K 2 [0.08334376311304877, 0.8333124737739026, 0.08334376311304877] 
PROD024A_I 56 [0.6249736133972773, 0.06250439776712048, 0.06250439776712048, 0.06250439776712048, 0.06250439776712048, 0.06250439776712048, 0.06250439776712048] 
PROD024A_J 35 [0.07693127875996479, 0.07693127875996479, 0.7692061637201055, 0.07693127875996479] 
PROD024A_K 2 [0.08334376311304877, 0.8333124737739026, 0.08334376311304877] 
PROD025A_DIRECTION J [0.09092263474641465, 0.9090773652535854] 
PROD025A_I 56 [0.06667200441111981, 0.06667200441111981, 0.666639977944401, 0.06667200441111981, 0.06667200441111981, 0.06667200441111981] 
PROD025A_J 23 [0.07143513735635813, 0.07143513735635813, 0.7142594505745673, 0.07143513735635813, 0.07143513735635813] 
PROD025A_K 2 [0.08334376311304877, 0.8333124737739026, 0.08334376311304877] 
PROD026_DIRECTION I [0.9090773652535854, 0.09092263474641465] 
PROD026_I 46 [0.07143513735635813, 0.7142594505745673, 0.07143513735635813, 0.07143513735635813, 0.07143513735635813] 
PROD026_J 7 [0.06250439776712048, 0.06250439776712048, 0.06250439776712048, 0.6249736133972773, 0.06250439776712048, 0.06250439776712048, 0.06250439776712048] 
PROD026_K 1 [0.8333124737739026, 0.08334376311304877, 0.08334376311304877] 
INJ006_I 51 [0.06667200441111981, 0.06667200441111981, 0.666639977944401, 0.06667200441111981, 0.06667200441111981, 0.06667200441111981] 
INJ006_J 27 [0.058827195586308535, 0.058827195586308535, 0.058827195586308535, 0.058827195586308535, 0.058827195586308535, 0.058827195586308535, 0.5882096308956427, 0.05882719558650609] 
INJ006_K 15 [0.0769312787599648, 0.0769312787599648, 0.0769312787599648, 0.7692061637201056] 
INJ010_DIRECTION J [0.09092263474641465, 0.9090773652535854] 
INJ010_I 71 [0.07143513726465439, 0.07143513784189048, 0.07143513726465439, 0.7142594503641463, 0.07143513726465439] 
INJ010_J 32 [0.07143512433974171, 0.7142593963137892, 0.07143512433974171, 0.07143523066698564, 0.07143512433974171] 
INJ010_K 6 [0.7692061637201055, 0.07693127875996479, 0.07693127875996479, 0.07693127875996479] 
INJ017_DIRECTION I [0.9090773652535854, 0.09092263474641465] 
INJ017_I 34 [0.0666720044111198, 0.0666720044111198, 0.0666720044111198, 0.666639977944401, 0.0666720044111198, 0.0666720044111198] 
INJ017_J 14 [0.6249736133972773, 0.06250439776712048, 0.06250439776712048, 0.06250439776712048, 0.06250439776712048, 0.06250439776712048, 0.06250439776712048] 
INJ017_K 7 [0.7142594505745673, 0.07143513735635813, 0.07143513735635813, 0.07143513735635813, 0.07143513735635813] 
INJ019_DIRECTION J [0.09092263474641465, 0.9090773652535854] 
INJ019_I 26 [0.0666720044111198, 0.666639977944401, 0.0666720044111198, 0.0666720044111198, 0.0666720044111198, 0.0666720044111198] 
INJ019_J 49 [0.0769312787599648, 0.0769312787599648, 0.0769312787599648, 0.7692061637201056] 
INJ019_K 15 [0.07693127875996479, 0.07693127875996479, 0.7692061637201055, 0.07693127875996479] 
INJ021_DIRECTION I [0.9090773652535854, 0.09092263474641465] 
INJ021_I 22 [0.05555864382832199, 0.5555308493734242, 0.05555864382832199, 0.05555864382832199, 0.05555864382832199, 0.05555864382832199, 0.05555864382832199, 0.05555864382832199, 0.05555864382832199] 
INJ021_J 31 [0.06667200441111981, 0.06667200441111981, 0.06667200441111981, 0.06667200441111981, 0.666639977944401, 0.06667200441111981] 
INJ021_K 12 [0.07693127875996479, 0.07693127875996479, 0.7692061637201055, 0.07693127875996479] 
INJ022_DIRECTION J [0.09092263474641465, 0.9090773652535854] 
INJ022_I 65 [0.7142594505745673, 0.07143513735635813, 0.07143513735635813, 0.07143513735635813, 0.07143513735635813] 
INJ022_J 26 [0.0769312787599648, 0.0769312787599648, 0.0769312787599648, 0.7692061637201056] 
INJ022_K 15 [0.07143513735635815, 0.07143513735635815, 0.07143513735635815, 0.07143513735635815, 0.7142594505745674] 
INJ023_DIRECTION J [0.09092263474641465, 0.9090773652535854] 
INJ023_I 45 [0.0666720044111198, 0.0666720044111198, 0.0666720044111198, 0.0666720044111198, 0.0666720044111198, 0.666639977944401] 
INJ023_J 19 [0.0666720044111198, 0.0666720044111198, 0.0666720044111198, 0.0666720044111198, 0.0666720044111198, 0.666639977944401] 
INJ023_K 15 [0.09092263474641465, 0.9090773652535854] 
NA1A_CONSIDER 1 [0.09092263474641465, 0.9090773652535854] 

