Elite 1 OF_MAX_VPL 3024177828.96
NA2_CONSIDER 0 [0.9990900974518327, 0.0009099025481672059] 
NA3D_CONSIDER 0 [0.9990900974518327, 0.0009099025481672059] 
PltPRDSTL_PltPRDSTO 23250 [0.9952617402356269, 0.0005264733071525667, 0.0005264733071525667, 0.0005264733071525667, 0.0005264733071525667, 0.0005264733071525667, 0.0005264733071525667, 0.0005264733071525667, 0.0005264733071525667, 0.0005264733071525667] 
PltPRDSTW 11160 [0.0006669867609213068, 0.9966650661953934, 0.0006669867609213068, 0.0006669867609213068, 0.0006669867609213068, 0.0006669867609213068] 
PltINJSTW 29295 [0.00047630714417401716, 0.00047630714417401716, 0.00047630714417401716, 0.9947606214140858, 0.00047630714417401716, 0.00047630714417401716, 0.00047630714417401716, 0.00047630714417401716, 0.00047630714417401716, 0.00047630714417401716, 0.00047630714417401716, 0.00047630714417401716] 
PROD005_DIRECTION J [0.0009099025481672059, 0.9990900974518327] 
PROD005_I 29 [0.0007697224785866634, 0.0007697224785866634, 0.0007697224785866634, 0.99769083256424] 
PROD005_J 17 [0.0005884551932221723, 0.9958808136474449, 0.0005884551932221718, 0.0005884551932221718, 0.0005884551932221718, 0.0005884551932221718, 0.0005884551932221718, 0.0005884551932221718] 
PROD005_K 2 [0.0008339584959583904, 0.9983320830080832, 0.0008339584959583904] 
PROD006_I 53 [0.0007697224785866634, 0.0007697224785866634, 0.99769083256424, 0.0007697224785866634] 
PROD006_J 3 [0.0009099025481672059, 0.9990900974518327] 
PROD007_I 60 [0.0007146794092701887, 0.9971412823629192, 0.0007146794092701887, 0.0007146794092701887, 0.0007146794092701887] 
PROD007_J 11 [0.0008339584959583904, 0.9983320830080832, 0.0008339584959583904] 
PROD009_DIRECTION J [0.0009099025481672059, 0.9990900974518327] 
PROD009_I 7 [0.0007146794092698252, 0.0007146794092717907, 0.9971412823629188, 0.0007146794092698252, 0.0007146794092698252] 
PROD009_J 39 [0.0006252637549703301, 0.996248417470178, 0.0006252637549703301, 0.0006252637549703301, 0.0006252637549703301, 0.0006252637549703301, 0.0006252637549703301] 
PROD009_K 2 [0.0008339584959583904, 0.9983320830080832, 0.0008339584959583904] 
PROD010_DIRECTION I [0.9990900974518327, 0.0009099025481672059] 
PROD010_I 29 [0.9958808136474449, 0.0005884551932221718, 0.0005884551932221718, 0.0005884551932221718, 0.0005884551932221718, 0.0005884551932221718, 0.0005884551932221718, 0.0005884551932221718] 
PROD010_J 30 [0.996248417470178, 0.0006252637549703301, 0.0006252637549703301, 0.0006252637549703301, 0.0006252637549703301, 0.0006252637549703301, 0.0006252637549703301] 
PROD010_K 1 [0.9983320830080832, 0.0008339584959583904, 0.0008339584959583904] 
PROD012_DIRECTION I [0.9990900974518327, 0.0009099025481672059] 
PROD012_I 37 [0.9955540735405004, 0.0005557408074374434, 0.0005557408074374434, 0.0005557408074374434, 0.0005557408074374434, 0.0005557408074374434, 0.0005557408074374434, 0.0005557408074374434, 0.0005557408074374434] 
PROD012_J 35 [0.0005001350547814274, 0.0005001350547814274, 0.0005001350547814274, 0.0005001350547814274, 0.0005001350547814274, 0.9949986494521857, 0.0005001350547814274, 0.0005001350547814274, 0.0005001350547814274, 0.0005001350547814274, 0.0005001350547814274] 
PROD012_K 2 [0.0008339584959583904, 0.9983320830080832, 0.0008339584959583904] 
PROD014_DIRECTION I [0.9990900974518327, 0.0009099025481672059] 
PROD014_I 52 [0.0006252637549703302, 0.0006252637549703302, 0.0006252637549703302, 0.0006252637549703302, 0.0006252637549703302, 0.0006252637549703302, 0.996248417470178] 
PROD014_J 39 [0.0005264733071525668, 0.0005264733071525668, 0.0005264733071525668, 0.0005264733071525668, 0.0005264733071525668, 0.9952617402356269, 0.0005264733071525668, 0.0005264733071525668, 0.0005264733071525668, 0.0005264733071525668] 
PROD014_K 2 [0.0008339584959583904, 0.9983320830080832, 0.0008339584959583904] 
PROD021_DIRECTION I [0.9990900974518327, 0.0009099025481672059] 
PROD021_I 18 [0.00047630714417401716, 0.00047630714417401716, 0.00047630714417401716, 0.00047630714417401716, 0.9947606214140858, 0.00047630714417401716, 0.00047630714417401716, 0.00047630714417401716, 0.00047630714417401716, 0.00047630714417401716, 0.00047630714417401716, 0.00047630714417401716] 
PROD021_J 41 [0.0006252637549703302, 0.0006252637549703302, 0.0006252637549703302, 0.0006252637549703302, 0.996248417470178, 0.0006252637549703302, 0.0006252637549703302] 
PROD021_K 3 [0.0008339584959583904, 0.0008339584959583904, 0.9983320830080832] 
PROD023A_DIRECTION I [0.9990900974518327, 0.0009099025481672059] 
PROD023A_I 59 [0.0007146794092701886, 0.0007146794092701886, 0.0007146794092701886, 0.9971412823629192, 0.0007146794092701886] 
PROD023A_J 13 [0.9966650661953934, 0.0006669867609213068, 0.0006669867609213068, 0.0006669867609213068, 0.0006669867609213068, 0.0006669867609213068] 
PROD023A_K 3 [0.9983320830080832, 0.0008339584959583904, 0.0008339584959583904] 
PROD024A_I 56 [0.996248417470178, 0.0006252637549703301, 0.0006252637549703301, 0.0006252637549703301, 0.0006252637549703301, 0.0006252637549703301, 0.0006252637549703301] 
PROD024A_J 36 [0.0007697224785866634, 0.0007697224785866634, 0.0007697224785866634, 0.99769083256424] 
PROD024A_K 2 [0.0008339584959583904, 0.9983320830080832, 0.0008339584959583904] 
PROD025A_DIRECTION J [0.0009099025481672059, 0.9990900974518327] 
PROD025A_I 54 [0.9966650661953934, 0.0006669867609213068, 0.0006669867609213068, 0.0006669867609213068, 0.0006669867609213068, 0.0006669867609213068] 
PROD025A_J 22 [0.0007143236322769698, 0.9971379399785956, 0.0007190891245734936, 0.0007143236322769698, 0.0007143236322769698] 
PROD025A_K 1 [0.9983320830080832, 0.0008339584959583904, 0.0008339584959583904] 
PROD026_DIRECTION J [0.0009099043730433985, 0.9990900956269566] 
PROD026_I 45 [0.9971412823629192, 0.0007146794092701887, 0.0007146794092701887, 0.0007146794092701887, 0.0007146794092701887] 
PROD026_J 5 [0.0006252637549703301, 0.996248417470178, 0.0006252637549703301, 0.0006252637549703301, 0.0006252637549703301, 0.0006252637549703301, 0.0006252637549703301] 
PROD026_K 1 [0.9983320830080832, 0.0008339584959583904, 0.0008339584959583904] 
INJ006_I 51 [0.0006669867609213068, 0.0006669867609213068, 0.9966650661953934, 0.0006669867609213068, 0.0006669867609213068, 0.0006669867609213068] 
INJ006_J 28 [0.0005884551932221718, 0.0005884551932221718, 0.0005884551932221718, 0.0005884551932221718, 0.0005884551932221718, 0.0005884551932221718, 0.0005884551932221718, 0.9958808136474449] 
INJ006_K 13 [0.0007697224785866634, 0.0007697224785866634, 0.99769083256424, 0.0007697224785866634] 
INJ010_DIRECTION J [0.0009099025481672059, 0.9990900974518327] 
INJ010_I 72 [0.0007146794092701887, 0.0007146794092701887, 0.0007146794092701887, 0.0007146794092701887, 0.9971412823629192] 
INJ010_J 30 [0.9971412823629192, 0.0007146794092701887, 0.0007146794092701887, 0.0007146794092701887, 0.0007146794092701887] 
INJ010_K 6 [0.99769083256424, 0.0007697224785866635, 0.0007697224785866635, 0.0007697224785866635] 
INJ017_DIRECTION J [0.0009099025481672059, 0.9990900974518327] 
INJ017_I 28 [0.9966650661953934, 0.0006669867609213068, 0.0006669867609213068, 0.0006669867609213068, 0.0006669867609213068, 0.0006669867609213068] 
INJ017_J 26 [0.0006147674537897304, 0.0006147674537897304, 0.0006147674537897304, 0.0006147674537897304, 0.0006147674537897304, 0.0007827634137257197, 0.9961433993173257] 
INJ017_K 16 [0.0007146794092701887, 0.0007146794092701887, 0.0007146794092701887, 0.0007146794092701887, 0.9971412823629192] 
INJ019_DIRECTION I [0.9990900974518327, 0.0009099025481672059] 
INJ019_I 30 [0.0006669867609213069, 0.0006669867609213069, 0.0006669867609213069, 0.9966650661953934, 0.0006669867609213069, 0.0006669867609213069] 
INJ019_J 49 [0.0007697224785866634, 0.0007697224785866634, 0.0007697224785866634, 0.99769083256424] 
INJ019_K 6 [0.99769083256424, 0.0007697224785866635, 0.0007697224785866635, 0.0007697224785866635] 
INJ021_DIRECTION J [0.0009099025481672059, 0.9990900974518327] 
INJ021_I 21 [0.9955540735405004, 0.0005557408074374434, 0.0005557408074374434, 0.0005557408074374434, 0.0005557408074374434, 0.0005557408074374434, 0.0005557408074374434, 0.0005557408074374434, 0.0005557408074374434] 
INJ021_J 27 [0.0006669867608242641, 0.0006669867608242641, 0.996665066195189, 0.0006669867608242641, 0.0006669867615138888, 0.0006669867608242641] 
INJ021_K 12 [0.0007697224785866634, 0.0007697224785866634, 0.99769083256424, 0.0007697224785866634] 
INJ022_DIRECTION J [0.0009099025481672059, 0.9990900974518327] 
INJ022_I 65 [0.9971412823629192, 0.0007146794092701887, 0.0007146794092701887, 0.0007146794092701887, 0.0007146794092701887] 
INJ022_J 24 [0.0007697224785866634, 0.0007697224785866634, 0.99769083256424, 0.0007697224785866634] 
INJ022_K 15 [0.0007146794092701887, 0.0007146794092701887, 0.0007146794092701887, 0.0007146794092701887, 0.9971412823629192] 
INJ023_DIRECTION J [0.0009099025481672059, 0.9990900974518327] 
INJ023_I 45 [0.0006669867609213069, 0.0006669867609213069, 0.0006669867609213069, 0.0006669867609213069, 0.0006669867609213069, 0.9966650661953934] 
INJ023_J 19 [0.0006669867609213069, 0.0006669867609213069, 0.0006669867609213069, 0.0006669867609213069, 0.0006669867609213069, 0.9966650661953934] 
INJ023_K 15 [0.0009099025481672059, 0.9990900974518327] 
NA1A_CONSIDER 1 [0.0009099025481672059, 0.9990900974518327] 

Elite 2 OF_MAX_VPL 3023818883.44
NA2_CONSIDER 0 [0.9990900974518327, 0.0009099025481672059] 
NA3D_CONSIDER 0 [0.9990900974518327, 0.0009099025481672059] 
PltPRDSTL_PltPRDSTO 23250 [0.9952617402356269, 0.0005264733071525667, 0.0005264733071525667, 0.0005264733071525667, 0.0005264733071525667, 0.0005264733071525667, 0.0005264733071525667, 0.0005264733071525667, 0.0005264733071525667, 0.0005264733071525667] 
PltPRDSTW 11160 [0.0006669867609213068, 0.9966650661953934, 0.0006669867609213068, 0.0006669867609213068, 0.0006669867609213068, 0.0006669867609213068] 
PltINJSTW 29295 [0.00047630714417401716, 0.00047630714417401716, 0.00047630714417401716, 0.9947606214140858, 0.00047630714417401716, 0.00047630714417401716, 0.00047630714417401716, 0.00047630714417401716, 0.00047630714417401716, 0.00047630714417401716, 0.00047630714417401716, 0.00047630714417401716] 
PROD005_DIRECTION J [0.0009099025481672059, 0.9990900974518327] 
PROD005_I 29 [0.0007697224785866634, 0.0007697224785866634, 0.0007697224785866634, 0.99769083256424] 
PROD005_J 17 [0.0005884551932221723, 0.9958808136474449, 0.0005884551932221718, 0.0005884551932221718, 0.0005884551932221718, 0.0005884551932221718, 0.0005884551932221718, 0.0005884551932221718] 
PROD005_K 2 [0.0008339584959583904, 0.9983320830080832, 0.0008339584959583904] 
PROD006_I 53 [0.0007697224785866634, 0.0007697224785866634, 0.99769083256424, 0.0007697224785866634] 
PROD006_J 3 [0.0009099025481672059, 0.9990900974518327] 
PROD007_I 60 [0.0007146794092701887, 0.9971412823629192, 0.0007146794092701887, 0.0007146794092701887, 0.0007146794092701887] 
PROD007_J 11 [0.0008339584959583904, 0.9983320830080832, 0.0008339584959583904] 
PROD009_DIRECTION J [0.0009099025481672059, 0.9990900974518327] 
PROD009_I 7 [0.0007146794092698252, 0.0007146794092717907, 0.9971412823629188, 0.0007146794092698252, 0.0007146794092698252] 
PROD009_J 39 [0.0006252637549703301, 0.996248417470178, 0.0006252637549703301, 0.0006252637549703301, 0.0006252637549703301, 0.0006252637549703301, 0.0006252637549703301] 
PROD009_K 2 [0.0008339584959583904, 0.9983320830080832, 0.0008339584959583904] 
PROD010_DIRECTION I [0.9990900974518327, 0.0009099025481672059] 
PROD010_I 29 [0.9958808136474449, 0.0005884551932221718, 0.0005884551932221718, 0.0005884551932221718, 0.0005884551932221718, 0.0005884551932221718, 0.0005884551932221718, 0.0005884551932221718] 
PROD010_J 30 [0.996248417470178, 0.0006252637549703301, 0.0006252637549703301, 0.0006252637549703301, 0.0006252637549703301, 0.0006252637549703301, 0.0006252637549703301] 
PROD010_K 1 [0.9983320830080832, 0.0008339584959583904, 0.0008339584959583904] 
PROD012_DIRECTION I [0.9990900974518327, 0.0009099025481672059] 
PROD012_I 37 [0.9955540735405004, 0.0005557408074374434, 0.0005557408074374434, 0.0005557408074374434, 0.0005557408074374434, 0.0005557408074374434, 0.0005557408074374434, 0.0005557408074374434, 0.0005557408074374434] 
PROD012_J 35 [0.0005001350547814274, 0.0005001350547814274, 0.0005001350547814274, 0.0005001350547814274, 0.0005001350547814274, 0.9949986494521857, 0.0005001350547814274, 0.0005001350547814274, 0.0005001350547814274, 0.0005001350547814274, 0.0005001350547814274] 
PROD012_K 2 [0.0008339584959583904, 0.9983320830080832, 0.0008339584959583904] 
PROD014_DIRECTION I [0.9990900974518327, 0.0009099025481672059] 
PROD014_I 52 [0.0006252637549703302, 0.0006252637549703302, 0.0006252637549703302, 0.0006252637549703302, 0.0006252637549703302, 0.0006252637549703302, 0.996248417470178] 
PROD014_J 39 [0.0005264733071525668, 0.0005264733071525668, 0.0005264733071525668, 0.0005264733071525668, 0.0005264733071525668, 0.9952617402356269, 0.0005264733071525668, 0.0005264733071525668, 0.0005264733071525668, 0.0005264733071525668] 
PROD014_K 2 [0.0008339584959583904, 0.9983320830080832, 0.0008339584959583904] 
PROD021_DIRECTION I [0.9990900974518327, 0.0009099025481672059] 
PROD021_I 18 [0.00047630714417401716, 0.00047630714417401716, 0.00047630714417401716, 0.00047630714417401716, 0.9947606214140858, 0.00047630714417401716, 0.00047630714417401716, 0.00047630714417401716, 0.00047630714417401716, 0.00047630714417401716, 0.00047630714417401716, 0.00047630714417401716] 
PROD021_J 41 [0.0006252637549703302, 0.0006252637549703302, 0.0006252637549703302, 0.0006252637549703302, 0.996248417470178, 0.0006252637549703302, 0.0006252637549703302] 
PROD021_K 3 [0.0008339584959583904, 0.0008339584959583904, 0.9983320830080832] 
PROD023A_DIRECTION I [0.9990900974518327, 0.0009099025481672059] 
PROD023A_I 59 [0.0007146794092701886, 0.0007146794092701886, 0.0007146794092701886, 0.9971412823629192, 0.0007146794092701886] 
PROD023A_J 13 [0.9966650661953934, 0.0006669867609213068, 0.0006669867609213068, 0.0006669867609213068, 0.0006669867609213068, 0.0006669867609213068] 
PROD023A_K 1 [0.9983320830080832, 0.0008339584959583904, 0.0008339584959583904] 
PROD024A_I 56 [0.996248417470178, 0.0006252637549703301, 0.0006252637549703301, 0.0006252637549703301, 0.0006252637549703301, 0.0006252637549703301, 0.0006252637549703301] 
PROD024A_J 36 [0.0007697224785866634, 0.0007697224785866634, 0.0007697224785866634, 0.99769083256424] 
PROD024A_K 2 [0.0008339584959583904, 0.9983320830080832, 0.0008339584959583904] 
PROD025A_DIRECTION J [0.0009099025481672059, 0.9990900974518327] 
PROD025A_I 54 [0.9966650661953934, 0.0006669867609213068, 0.0006669867609213068, 0.0006669867609213068, 0.0006669867609213068, 0.0006669867609213068] 
PROD025A_J 22 [0.0007143236322769698, 0.9971379399785956, 0.0007190891245734936, 0.0007143236322769698, 0.0007143236322769698] 
PROD025A_K 1 [0.9983320830080832, 0.0008339584959583904, 0.0008339584959583904] 
PROD026_DIRECTION J [0.0009099043730433985, 0.9990900956269566] 
PROD026_I 45 [0.9971412823629192, 0.0007146794092701887, 0.0007146794092701887, 0.0007146794092701887, 0.0007146794092701887] 
PROD026_J 5 [0.0006252637549703301, 0.996248417470178, 0.0006252637549703301, 0.0006252637549703301, 0.0006252637549703301, 0.0006252637549703301, 0.0006252637549703301] 
PROD026_K 1 [0.9983320830080832, 0.0008339584959583904, 0.0008339584959583904] 
INJ006_I 51 [0.0006669867609213068, 0.0006669867609213068, 0.9966650661953934, 0.0006669867609213068, 0.0006669867609213068, 0.0006669867609213068] 
INJ006_J 28 [0.0005884551932221718, 0.0005884551932221718, 0.0005884551932221718, 0.0005884551932221718, 0.0005884551932221718, 0.0005884551932221718, 0.0005884551932221718, 0.9958808136474449] 
INJ006_K 13 [0.0007697224785866634, 0.0007697224785866634, 0.99769083256424, 0.0007697224785866634] 
INJ010_DIRECTION J [0.0009099025481672059, 0.9990900974518327] 
INJ010_I 72 [0.0007146794092701887, 0.0007146794092701887, 0.0007146794092701887, 0.0007146794092701887, 0.9971412823629192] 
INJ010_J 30 [0.9971412823629192, 0.0007146794092701887, 0.0007146794092701887, 0.0007146794092701887, 0.0007146794092701887] 
INJ010_K 6 [0.99769083256424, 0.0007697224785866635, 0.0007697224785866635, 0.0007697224785866635] 
INJ017_DIRECTION J [0.0009099025481672059, 0.9990900974518327] 
INJ017_I 28 [0.9966650661953934, 0.0006669867609213068, 0.0006669867609213068, 0.0006669867609213068, 0.0006669867609213068, 0.0006669867609213068] 
INJ017_J 26 [0.0006147674537897304, 0.0006147674537897304, 0.0006147674537897304, 0.0006147674537897304, 0.0006147674537897304, 0.0007827634137257197, 0.9961433993173257] 
INJ017_K 16 [0.0007146794092701887, 0.0007146794092701887, 0.0007146794092701887, 0.0007146794092701887, 0.9971412823629192] 
INJ019_DIRECTION I [0.9990900974518327, 0.0009099025481672059] 
INJ019_I 30 [0.0006669867609213069, 0.0006669867609213069, 0.0006669867609213069, 0.9966650661953934, 0.0006669867609213069, 0.0006669867609213069] 
INJ019_J 49 [0.0007697224785866634, 0.0007697224785866634, 0.0007697224785866634, 0.99769083256424] 
INJ019_K 6 [0.99769083256424, 0.0007697224785866635, 0.0007697224785866635, 0.0007697224785866635] 
INJ021_DIRECTION J [0.0009099025481672059, 0.9990900974518327] 
INJ021_I 21 [0.9955540735405004, 0.0005557408074374434, 0.0005557408074374434, 0.0005557408074374434, 0.0005557408074374434, 0.0005557408074374434, 0.0005557408074374434, 0.0005557408074374434, 0.0005557408074374434] 
INJ021_J 27 [0.0006669867608242641, 0.0006669867608242641, 0.996665066195189, 0.0006669867608242641, 0.0006669867615138888, 0.0006669867608242641] 
INJ021_K 12 [0.0007697224785866634, 0.0007697224785866634, 0.99769083256424, 0.0007697224785866634] 
INJ022_DIRECTION J [0.0009099025481672059, 0.9990900974518327] 
INJ022_I 65 [0.9971412823629192, 0.0007146794092701887, 0.0007146794092701887, 0.0007146794092701887, 0.0007146794092701887] 
INJ022_J 24 [0.0007697224785866634, 0.0007697224785866634, 0.99769083256424, 0.0007697224785866634] 
INJ022_K 15 [0.0007146794092701887, 0.0007146794092701887, 0.0007146794092701887, 0.0007146794092701887, 0.9971412823629192] 
INJ023_DIRECTION J [0.0009099025481672059, 0.9990900974518327] 
INJ023_I 45 [0.0006669867609213069, 0.0006669867609213069, 0.0006669867609213069, 0.0006669867609213069, 0.0006669867609213069, 0.9966650661953934] 
INJ023_J 19 [0.0006669867609213069, 0.0006669867609213069, 0.0006669867609213069, 0.0006669867609213069, 0.0006669867609213069, 0.9966650661953934] 
INJ023_K 15 [0.0009099025481672059, 0.9990900974518327] 
NA1A_CONSIDER 1 [0.0009099025481672059, 0.9990900974518327] 

Elite 3 OF_MAX_VPL 3023818883.44
NA2_CONSIDER 0 [0.9990900974518327, 0.0009099025481672059] 
NA3D_CONSIDER 0 [0.9990900974518327, 0.0009099025481672059] 
PltPRDSTL_PltPRDSTO 23250 [0.9952617402356269, 0.0005264733071525667, 0.0005264733071525667, 0.0005264733071525667, 0.0005264733071525667, 0.0005264733071525667, 0.0005264733071525667, 0.0005264733071525667, 0.0005264733071525667, 0.0005264733071525667] 
PltPRDSTW 11160 [0.0006669867609213068, 0.9966650661953934, 0.0006669867609213068, 0.0006669867609213068, 0.0006669867609213068, 0.0006669867609213068] 
PltINJSTW 29295 [0.00047630714417401716, 0.00047630714417401716, 0.00047630714417401716, 0.9947606214140858, 0.00047630714417401716, 0.00047630714417401716, 0.00047630714417401716, 0.00047630714417401716, 0.00047630714417401716, 0.00047630714417401716, 0.00047630714417401716, 0.00047630714417401716] 
PROD005_DIRECTION J [0.0009099025481672059, 0.9990900974518327] 
PROD005_I 29 [0.0007697224785866634, 0.0007697224785866634, 0.0007697224785866634, 0.99769083256424] 
PROD005_J 17 [0.0005884551932221723, 0.9958808136474449, 0.0005884551932221718, 0.0005884551932221718, 0.0005884551932221718, 0.0005884551932221718, 0.0005884551932221718, 0.0005884551932221718] 
PROD005_K 2 [0.0008339584959583904, 0.9983320830080832, 0.0008339584959583904] 
PROD006_I 53 [0.0007697224785866634, 0.0007697224785866634, 0.99769083256424, 0.0007697224785866634] 
PROD006_J 3 [0.0009099025481672059, 0.9990900974518327] 
PROD007_I 60 [0.0007146794092701887, 0.9971412823629192, 0.0007146794092701887, 0.0007146794092701887, 0.0007146794092701887] 
PROD007_J 11 [0.0008339584959583904, 0.9983320830080832, 0.0008339584959583904] 
PROD009_DIRECTION J [0.0009099025481672059, 0.9990900974518327] 
PROD009_I 7 [0.0007146794092698252, 0.0007146794092717907, 0.9971412823629188, 0.0007146794092698252, 0.0007146794092698252] 
PROD009_J 39 [0.0006252637549703301, 0.996248417470178, 0.0006252637549703301, 0.0006252637549703301, 0.0006252637549703301, 0.0006252637549703301, 0.0006252637549703301] 
PROD009_K 2 [0.0008339584959583904, 0.9983320830080832, 0.0008339584959583904] 
PROD010_DIRECTION I [0.9990900974518327, 0.0009099025481672059] 
PROD010_I 29 [0.9958808136474449, 0.0005884551932221718, 0.0005884551932221718, 0.0005884551932221718, 0.0005884551932221718, 0.0005884551932221718, 0.0005884551932221718, 0.0005884551932221718] 
PROD010_J 30 [0.996248417470178, 0.0006252637549703301, 0.0006252637549703301, 0.0006252637549703301, 0.0006252637549703301, 0.0006252637549703301, 0.0006252637549703301] 
PROD010_K 1 [0.9983320830080832, 0.0008339584959583904, 0.0008339584959583904] 
PROD012_DIRECTION I [0.9990900974518327, 0.0009099025481672059] 
PROD012_I 37 [0.9955540735405004, 0.0005557408074374434, 0.0005557408074374434, 0.0005557408074374434, 0.0005557408074374434, 0.0005557408074374434, 0.0005557408074374434, 0.0005557408074374434, 0.0005557408074374434] 
PROD012_J 35 [0.0005001350547814274, 0.0005001350547814274, 0.0005001350547814274, 0.0005001350547814274, 0.0005001350547814274, 0.9949986494521857, 0.0005001350547814274, 0.0005001350547814274, 0.0005001350547814274, 0.0005001350547814274, 0.0005001350547814274] 
PROD012_K 2 [0.0008339584959583904, 0.9983320830080832, 0.0008339584959583904] 
PROD014_DIRECTION I [0.9990900974518327, 0.0009099025481672059] 
PROD014_I 52 [0.0006252637549703302, 0.0006252637549703302, 0.0006252637549703302, 0.0006252637549703302, 0.0006252637549703302, 0.0006252637549703302, 0.996248417470178] 
PROD014_J 39 [0.0005264733071525668, 0.0005264733071525668, 0.0005264733071525668, 0.0005264733071525668, 0.0005264733071525668, 0.9952617402356269, 0.0005264733071525668, 0.0005264733071525668, 0.0005264733071525668, 0.0005264733071525668] 
PROD014_K 2 [0.0008339584959583904, 0.9983320830080832, 0.0008339584959583904] 
PROD021_DIRECTION I [0.9990900974518327, 0.0009099025481672059] 
PROD021_I 18 [0.00047630714417401716, 0.00047630714417401716, 0.00047630714417401716, 0.00047630714417401716, 0.9947606214140858, 0.00047630714417401716, 0.00047630714417401716, 0.00047630714417401716, 0.00047630714417401716, 0.00047630714417401716, 0.00047630714417401716, 0.00047630714417401716] 
PROD021_J 41 [0.0006252637549703302, 0.0006252637549703302, 0.0006252637549703302, 0.0006252637549703302, 0.996248417470178, 0.0006252637549703302, 0.0006252637549703302] 
PROD021_K 3 [0.0008339584959583904, 0.0008339584959583904, 0.9983320830080832] 
PROD023A_DIRECTION I [0.9990900974518327, 0.0009099025481672059] 
PROD023A_I 59 [0.0007146794092701886, 0.0007146794092701886, 0.0007146794092701886, 0.9971412823629192, 0.0007146794092701886] 
PROD023A_J 13 [0.9966650661953934, 0.0006669867609213068, 0.0006669867609213068, 0.0006669867609213068, 0.0006669867609213068, 0.0006669867609213068] 
PROD023A_K 1 [0.9983320830080832, 0.0008339584959583904, 0.0008339584959583904] 
PROD024A_I 56 [0.996248417470178, 0.0006252637549703301, 0.0006252637549703301, 0.0006252637549703301, 0.0006252637549703301, 0.0006252637549703301, 0.0006252637549703301] 
PROD024A_J 36 [0.0007697224785866634, 0.0007697224785866634, 0.0007697224785866634, 0.99769083256424] 
PROD024A_K 2 [0.0008339584959583904, 0.9983320830080832, 0.0008339584959583904] 
PROD025A_DIRECTION J [0.0009099025481672059, 0.9990900974518327] 
PROD025A_I 54 [0.9966650661953934, 0.0006669867609213068, 0.0006669867609213068, 0.0006669867609213068, 0.0006669867609213068, 0.0006669867609213068] 
PROD025A_J 22 [0.0007143236322769698, 0.9971379399785956, 0.0007190891245734936, 0.0007143236322769698, 0.0007143236322769698] 
PROD025A_K 1 [0.9983320830080832, 0.0008339584959583904, 0.0008339584959583904] 
PROD026_DIRECTION J [0.0009099043730433985, 0.9990900956269566] 
PROD026_I 45 [0.9971412823629192, 0.0007146794092701887, 0.0007146794092701887, 0.0007146794092701887, 0.0007146794092701887] 
PROD026_J 5 [0.0006252637549703301, 0.996248417470178, 0.0006252637549703301, 0.0006252637549703301, 0.0006252637549703301, 0.0006252637549703301, 0.0006252637549703301] 
PROD026_K 1 [0.9983320830080832, 0.0008339584959583904, 0.0008339584959583904] 
INJ006_I 51 [0.0006669867609213068, 0.0006669867609213068, 0.9966650661953934, 0.0006669867609213068, 0.0006669867609213068, 0.0006669867609213068] 
INJ006_J 28 [0.0005884551932221718, 0.0005884551932221718, 0.0005884551932221718, 0.0005884551932221718, 0.0005884551932221718, 0.0005884551932221718, 0.0005884551932221718, 0.9958808136474449] 
INJ006_K 13 [0.0007697224785866634, 0.0007697224785866634, 0.99769083256424, 0.0007697224785866634] 
INJ010_DIRECTION J [0.0009099025481672059, 0.9990900974518327] 
INJ010_I 72 [0.0007146794092701887, 0.0007146794092701887, 0.0007146794092701887, 0.0007146794092701887, 0.9971412823629192] 
INJ010_J 30 [0.9971412823629192, 0.0007146794092701887, 0.0007146794092701887, 0.0007146794092701887, 0.0007146794092701887] 
INJ010_K 6 [0.99769083256424, 0.0007697224785866635, 0.0007697224785866635, 0.0007697224785866635] 
INJ017_DIRECTION J [0.0009099025481672059, 0.9990900974518327] 
INJ017_I 28 [0.9966650661953934, 0.0006669867609213068, 0.0006669867609213068, 0.0006669867609213068, 0.0006669867609213068, 0.0006669867609213068] 
INJ017_J 26 [0.0006147674537897304, 0.0006147674537897304, 0.0006147674537897304, 0.0006147674537897304, 0.0006147674537897304, 0.0007827634137257197, 0.9961433993173257] 
INJ017_K 16 [0.0007146794092701887, 0.0007146794092701887, 0.0007146794092701887, 0.0007146794092701887, 0.9971412823629192] 
INJ019_DIRECTION I [0.9990900974518327, 0.0009099025481672059] 
INJ019_I 30 [0.0006669867609213069, 0.0006669867609213069, 0.0006669867609213069, 0.9966650661953934, 0.0006669867609213069, 0.0006669867609213069] 
INJ019_J 49 [0.0007697224785866634, 0.0007697224785866634, 0.0007697224785866634, 0.99769083256424] 
INJ019_K 6 [0.99769083256424, 0.0007697224785866635, 0.0007697224785866635, 0.0007697224785866635] 
INJ021_DIRECTION J [0.0009099025481672059, 0.9990900974518327] 
INJ021_I 21 [0.9955540735405004, 0.0005557408074374434, 0.0005557408074374434, 0.0005557408074374434, 0.0005557408074374434, 0.0005557408074374434, 0.0005557408074374434, 0.0005557408074374434, 0.0005557408074374434] 
INJ021_J 27 [0.0006669867608242641, 0.0006669867608242641, 0.996665066195189, 0.0006669867608242641, 0.0006669867615138888, 0.0006669867608242641] 
INJ021_K 12 [0.0007697224785866634, 0.0007697224785866634, 0.99769083256424, 0.0007697224785866634] 
INJ022_DIRECTION J [0.0009099025481672059, 0.9990900974518327] 
INJ022_I 65 [0.9971412823629192, 0.0007146794092701887, 0.0007146794092701887, 0.0007146794092701887, 0.0007146794092701887] 
INJ022_J 24 [0.0007697224785866634, 0.0007697224785866634, 0.99769083256424, 0.0007697224785866634] 
INJ022_K 15 [0.0007146794092701887, 0.0007146794092701887, 0.0007146794092701887, 0.0007146794092701887, 0.9971412823629192] 
INJ023_DIRECTION J [0.0009099025481672059, 0.9990900974518327] 
INJ023_I 45 [0.0006669867609213069, 0.0006669867609213069, 0.0006669867609213069, 0.0006669867609213069, 0.0006669867609213069, 0.9966650661953934] 
INJ023_J 19 [0.0006669867609213069, 0.0006669867609213069, 0.0006669867609213069, 0.0006669867609213069, 0.0006669867609213069, 0.9966650661953934] 
INJ023_K 15 [0.0009099025481672059, 0.9990900974518327] 
NA1A_CONSIDER 1 [0.0009099025481672059, 0.9990900974518327] 

Elite 4 OF_MAX_VPL 3023818883.44
NA2_CONSIDER 0 [0.9990900974518327, 0.0009099025481672059] 
NA3D_CONSIDER 0 [0.9990900974518327, 0.0009099025481672059] 
PltPRDSTL_PltPRDSTO 23250 [0.9952617402356269, 0.0005264733071525667, 0.0005264733071525667, 0.0005264733071525667, 0.0005264733071525667, 0.0005264733071525667, 0.0005264733071525667, 0.0005264733071525667, 0.0005264733071525667, 0.0005264733071525667] 
PltPRDSTW 11160 [0.0006669867609213068, 0.9966650661953934, 0.0006669867609213068, 0.0006669867609213068, 0.0006669867609213068, 0.0006669867609213068] 
PltINJSTW 29295 [0.00047630714417401716, 0.00047630714417401716, 0.00047630714417401716, 0.9947606214140858, 0.00047630714417401716, 0.00047630714417401716, 0.00047630714417401716, 0.00047630714417401716, 0.00047630714417401716, 0.00047630714417401716, 0.00047630714417401716, 0.00047630714417401716] 
PROD005_DIRECTION J [0.0009099025481672059, 0.9990900974518327] 
PROD005_I 29 [0.0007697224785866634, 0.0007697224785866634, 0.0007697224785866634, 0.99769083256424] 
PROD005_J 17 [0.0005884551932221723, 0.9958808136474449, 0.0005884551932221718, 0.0005884551932221718, 0.0005884551932221718, 0.0005884551932221718, 0.0005884551932221718, 0.0005884551932221718] 
PROD005_K 2 [0.0008339584959583904, 0.9983320830080832, 0.0008339584959583904] 
PROD006_I 53 [0.0007697224785866634, 0.0007697224785866634, 0.99769083256424, 0.0007697224785866634] 
PROD006_J 3 [0.0009099025481672059, 0.9990900974518327] 
PROD007_I 60 [0.0007146794092701887, 0.9971412823629192, 0.0007146794092701887, 0.0007146794092701887, 0.0007146794092701887] 
PROD007_J 11 [0.0008339584959583904, 0.9983320830080832, 0.0008339584959583904] 
PROD009_DIRECTION J [0.0009099025481672059, 0.9990900974518327] 
PROD009_I 7 [0.0007146794092698252, 0.0007146794092717907, 0.9971412823629188, 0.0007146794092698252, 0.0007146794092698252] 
PROD009_J 39 [0.0006252637549703301, 0.996248417470178, 0.0006252637549703301, 0.0006252637549703301, 0.0006252637549703301, 0.0006252637549703301, 0.0006252637549703301] 
PROD009_K 2 [0.0008339584959583904, 0.9983320830080832, 0.0008339584959583904] 
PROD010_DIRECTION I [0.9990900974518327, 0.0009099025481672059] 
PROD010_I 29 [0.9958808136474449, 0.0005884551932221718, 0.0005884551932221718, 0.0005884551932221718, 0.0005884551932221718, 0.0005884551932221718, 0.0005884551932221718, 0.0005884551932221718] 
PROD010_J 30 [0.996248417470178, 0.0006252637549703301, 0.0006252637549703301, 0.0006252637549703301, 0.0006252637549703301, 0.0006252637549703301, 0.0006252637549703301] 
PROD010_K 1 [0.9983320830080832, 0.0008339584959583904, 0.0008339584959583904] 
PROD012_DIRECTION I [0.9990900974518327, 0.0009099025481672059] 
PROD012_I 37 [0.9955540735405004, 0.0005557408074374434, 0.0005557408074374434, 0.0005557408074374434, 0.0005557408074374434, 0.0005557408074374434, 0.0005557408074374434, 0.0005557408074374434, 0.0005557408074374434] 
PROD012_J 35 [0.0005001350547814274, 0.0005001350547814274, 0.0005001350547814274, 0.0005001350547814274, 0.0005001350547814274, 0.9949986494521857, 0.0005001350547814274, 0.0005001350547814274, 0.0005001350547814274, 0.0005001350547814274, 0.0005001350547814274] 
PROD012_K 2 [0.0008339584959583904, 0.9983320830080832, 0.0008339584959583904] 
PROD014_DIRECTION I [0.9990900974518327, 0.0009099025481672059] 
PROD014_I 52 [0.0006252637549703302, 0.0006252637549703302, 0.0006252637549703302, 0.0006252637549703302, 0.0006252637549703302, 0.0006252637549703302, 0.996248417470178] 
PROD014_J 39 [0.0005264733071525668, 0.0005264733071525668, 0.0005264733071525668, 0.0005264733071525668, 0.0005264733071525668, 0.9952617402356269, 0.0005264733071525668, 0.0005264733071525668, 0.0005264733071525668, 0.0005264733071525668] 
PROD014_K 2 [0.0008339584959583904, 0.9983320830080832, 0.0008339584959583904] 
PROD021_DIRECTION I [0.9990900974518327, 0.0009099025481672059] 
PROD021_I 18 [0.00047630714417401716, 0.00047630714417401716, 0.00047630714417401716, 0.00047630714417401716, 0.9947606214140858, 0.00047630714417401716, 0.00047630714417401716, 0.00047630714417401716, 0.00047630714417401716, 0.00047630714417401716, 0.00047630714417401716, 0.00047630714417401716] 
PROD021_J 41 [0.0006252637549703302, 0.0006252637549703302, 0.0006252637549703302, 0.0006252637549703302, 0.996248417470178, 0.0006252637549703302, 0.0006252637549703302] 
PROD021_K 3 [0.0008339584959583904, 0.0008339584959583904, 0.9983320830080832] 
PROD023A_DIRECTION I [0.9990900974518327, 0.0009099025481672059] 
PROD023A_I 59 [0.0007146794092701886, 0.0007146794092701886, 0.0007146794092701886, 0.9971412823629192, 0.0007146794092701886] 
PROD023A_J 13 [0.9966650661953934, 0.0006669867609213068, 0.0006669867609213068, 0.0006669867609213068, 0.0006669867609213068, 0.0006669867609213068] 
PROD023A_K 1 [0.9983320830080832, 0.0008339584959583904, 0.0008339584959583904] 
PROD024A_I 56 [0.996248417470178, 0.0006252637549703301, 0.0006252637549703301, 0.0006252637549703301, 0.0006252637549703301, 0.0006252637549703301, 0.0006252637549703301] 
PROD024A_J 36 [0.0007697224785866634, 0.0007697224785866634, 0.0007697224785866634, 0.99769083256424] 
PROD024A_K 2 [0.0008339584959583904, 0.9983320830080832, 0.0008339584959583904] 
PROD025A_DIRECTION J [0.0009099025481672059, 0.9990900974518327] 
PROD025A_I 54 [0.9966650661953934, 0.0006669867609213068, 0.0006669867609213068, 0.0006669867609213068, 0.0006669867609213068, 0.0006669867609213068] 
PROD025A_J 22 [0.0007143236322769698, 0.9971379399785956, 0.0007190891245734936, 0.0007143236322769698, 0.0007143236322769698] 
PROD025A_K 1 [0.9983320830080832, 0.0008339584959583904, 0.0008339584959583904] 
PROD026_DIRECTION J [0.0009099043730433985, 0.9990900956269566] 
PROD026_I 45 [0.9971412823629192, 0.0007146794092701887, 0.0007146794092701887, 0.0007146794092701887, 0.0007146794092701887] 
PROD026_J 5 [0.0006252637549703301, 0.996248417470178, 0.0006252637549703301, 0.0006252637549703301, 0.0006252637549703301, 0.0006252637549703301, 0.0006252637549703301] 
PROD026_K 1 [0.9983320830080832, 0.0008339584959583904, 0.0008339584959583904] 
INJ006_I 51 [0.0006669867609213068, 0.0006669867609213068, 0.9966650661953934, 0.0006669867609213068, 0.0006669867609213068, 0.0006669867609213068] 
INJ006_J 28 [0.0005884551932221718, 0.0005884551932221718, 0.0005884551932221718, 0.0005884551932221718, 0.0005884551932221718, 0.0005884551932221718, 0.0005884551932221718, 0.9958808136474449] 
INJ006_K 13 [0.0007697224785866634, 0.0007697224785866634, 0.99769083256424, 0.0007697224785866634] 
INJ010_DIRECTION J [0.0009099025481672059, 0.9990900974518327] 
INJ010_I 72 [0.0007146794092701887, 0.0007146794092701887, 0.0007146794092701887, 0.0007146794092701887, 0.9971412823629192] 
INJ010_J 30 [0.9971412823629192, 0.0007146794092701887, 0.0007146794092701887, 0.0007146794092701887, 0.0007146794092701887] 
INJ010_K 6 [0.99769083256424, 0.0007697224785866635, 0.0007697224785866635, 0.0007697224785866635] 
INJ017_DIRECTION J [0.0009099025481672059, 0.9990900974518327] 
INJ017_I 28 [0.9966650661953934, 0.0006669867609213068, 0.0006669867609213068, 0.0006669867609213068, 0.0006669867609213068, 0.0006669867609213068] 
INJ017_J 26 [0.0006147674537897304, 0.0006147674537897304, 0.0006147674537897304, 0.0006147674537897304, 0.0006147674537897304, 0.0007827634137257197, 0.9961433993173257] 
INJ017_K 16 [0.0007146794092701887, 0.0007146794092701887, 0.0007146794092701887, 0.0007146794092701887, 0.9971412823629192] 
INJ019_DIRECTION I [0.9990900974518327, 0.0009099025481672059] 
INJ019_I 30 [0.0006669867609213069, 0.0006669867609213069, 0.0006669867609213069, 0.9966650661953934, 0.0006669867609213069, 0.0006669867609213069] 
INJ019_J 49 [0.0007697224785866634, 0.0007697224785866634, 0.0007697224785866634, 0.99769083256424] 
INJ019_K 6 [0.99769083256424, 0.0007697224785866635, 0.0007697224785866635, 0.0007697224785866635] 
INJ021_DIRECTION J [0.0009099025481672059, 0.9990900974518327] 
INJ021_I 21 [0.9955540735405004, 0.0005557408074374434, 0.0005557408074374434, 0.0005557408074374434, 0.0005557408074374434, 0.0005557408074374434, 0.0005557408074374434, 0.0005557408074374434, 0.0005557408074374434] 
INJ021_J 27 [0.0006669867608242641, 0.0006669867608242641, 0.996665066195189, 0.0006669867608242641, 0.0006669867615138888, 0.0006669867608242641] 
INJ021_K 12 [0.0007697224785866634, 0.0007697224785866634, 0.99769083256424, 0.0007697224785866634] 
INJ022_DIRECTION J [0.0009099025481672059, 0.9990900974518327] 
INJ022_I 65 [0.9971412823629192, 0.0007146794092701887, 0.0007146794092701887, 0.0007146794092701887, 0.0007146794092701887] 
INJ022_J 24 [0.0007697224785866634, 0.0007697224785866634, 0.99769083256424, 0.0007697224785866634] 
INJ022_K 15 [0.0007146794092701887, 0.0007146794092701887, 0.0007146794092701887, 0.0007146794092701887, 0.9971412823629192] 
INJ023_DIRECTION J [0.0009099025481672059, 0.9990900974518327] 
INJ023_I 45 [0.0006669867609213069, 0.0006669867609213069, 0.0006669867609213069, 0.0006669867609213069, 0.0006669867609213069, 0.9966650661953934] 
INJ023_J 19 [0.0006669867609213069, 0.0006669867609213069, 0.0006669867609213069, 0.0006669867609213069, 0.0006669867609213069, 0.9966650661953934] 
INJ023_K 15 [0.0009099025481672059, 0.9990900974518327] 
NA1A_CONSIDER 1 [0.0009099025481672059, 0.9990900974518327] 

Elite 5 OF_MAX_VPL 3023696810.87
NA2_CONSIDER 0 [0.9990900974518327, 0.0009099025481672059] 
NA3D_CONSIDER 0 [0.9990900974518327, 0.0009099025481672059] 
PltPRDSTL_PltPRDSTO 23250 [0.9952617402356269, 0.0005264733071525667, 0.0005264733071525667, 0.0005264733071525667, 0.0005264733071525667, 0.0005264733071525667, 0.0005264733071525667, 0.0005264733071525667, 0.0005264733071525667, 0.0005264733071525667] 
PltPRDSTW 11160 [0.0006669867609213068, 0.9966650661953934, 0.0006669867609213068, 0.0006669867609213068, 0.0006669867609213068, 0.0006669867609213068] 
PltINJSTW 29295 [0.00047630714417401716, 0.00047630714417401716, 0.00047630714417401716, 0.9947606214140858, 0.00047630714417401716, 0.00047630714417401716, 0.00047630714417401716, 0.00047630714417401716, 0.00047630714417401716, 0.00047630714417401716, 0.00047630714417401716, 0.00047630714417401716] 
PROD005_DIRECTION J [0.0009099025481672059, 0.9990900974518327] 
PROD005_I 29 [0.0007697224785866634, 0.0007697224785866634, 0.0007697224785866634, 0.99769083256424] 
PROD005_J 17 [0.0005884551932221723, 0.9958808136474449, 0.0005884551932221718, 0.0005884551932221718, 0.0005884551932221718, 0.0005884551932221718, 0.0005884551932221718, 0.0005884551932221718] 
PROD005_K 2 [0.0008339584959583904, 0.9983320830080832, 0.0008339584959583904] 
PROD006_I 53 [0.0007697224785866634, 0.0007697224785866634, 0.99769083256424, 0.0007697224785866634] 
PROD006_J 3 [0.0009099025481672059, 0.9990900974518327] 
PROD007_I 60 [0.0007146794092701887, 0.9971412823629192, 0.0007146794092701887, 0.0007146794092701887, 0.0007146794092701887] 
PROD007_J 11 [0.0008339584959583904, 0.9983320830080832, 0.0008339584959583904] 
PROD009_DIRECTION J [0.0009099025481672059, 0.9990900974518327] 
PROD009_I 7 [0.0007146794092698252, 0.0007146794092717907, 0.9971412823629188, 0.0007146794092698252, 0.0007146794092698252] 
PROD009_J 39 [0.0006252637549703301, 0.996248417470178, 0.0006252637549703301, 0.0006252637549703301, 0.0006252637549703301, 0.0006252637549703301, 0.0006252637549703301] 
PROD009_K 2 [0.0008339584959583904, 0.9983320830080832, 0.0008339584959583904] 
PROD010_DIRECTION I [0.9990900974518327, 0.0009099025481672059] 
PROD010_I 29 [0.9958808136474449, 0.0005884551932221718, 0.0005884551932221718, 0.0005884551932221718, 0.0005884551932221718, 0.0005884551932221718, 0.0005884551932221718, 0.0005884551932221718] 
PROD010_J 30 [0.996248417470178, 0.0006252637549703301, 0.0006252637549703301, 0.0006252637549703301, 0.0006252637549703301, 0.0006252637549703301, 0.0006252637549703301] 
PROD010_K 1 [0.9983320830080832, 0.0008339584959583904, 0.0008339584959583904] 
PROD012_DIRECTION I [0.9990900974518327, 0.0009099025481672059] 
PROD012_I 37 [0.9955540735405004, 0.0005557408074374434, 0.0005557408074374434, 0.0005557408074374434, 0.0005557408074374434, 0.0005557408074374434, 0.0005557408074374434, 0.0005557408074374434, 0.0005557408074374434] 
PROD012_J 35 [0.0005001350547814274, 0.0005001350547814274, 0.0005001350547814274, 0.0005001350547814274, 0.0005001350547814274, 0.9949986494521857, 0.0005001350547814274, 0.0005001350547814274, 0.0005001350547814274, 0.0005001350547814274, 0.0005001350547814274] 
PROD012_K 2 [0.0008339584959583904, 0.9983320830080832, 0.0008339584959583904] 
PROD014_DIRECTION I [0.9990900974518327, 0.0009099025481672059] 
PROD014_I 52 [0.0006252637549703302, 0.0006252637549703302, 0.0006252637549703302, 0.0006252637549703302, 0.0006252637549703302, 0.0006252637549703302, 0.996248417470178] 
PROD014_J 39 [0.0005264733071525668, 0.0005264733071525668, 0.0005264733071525668, 0.0005264733071525668, 0.0005264733071525668, 0.9952617402356269, 0.0005264733071525668, 0.0005264733071525668, 0.0005264733071525668, 0.0005264733071525668] 
PROD014_K 2 [0.0008339584959583904, 0.9983320830080832, 0.0008339584959583904] 
PROD021_DIRECTION I [0.9990900974518327, 0.0009099025481672059] 
PROD021_I 18 [0.00047630714417401716, 0.00047630714417401716, 0.00047630714417401716, 0.00047630714417401716, 0.9947606214140858, 0.00047630714417401716, 0.00047630714417401716, 0.00047630714417401716, 0.00047630714417401716, 0.00047630714417401716, 0.00047630714417401716, 0.00047630714417401716] 
PROD021_J 41 [0.0006252637549703302, 0.0006252637549703302, 0.0006252637549703302, 0.0006252637549703302, 0.996248417470178, 0.0006252637549703302, 0.0006252637549703302] 
PROD021_K 3 [0.0008339584959583904, 0.0008339584959583904, 0.9983320830080832] 
PROD023A_DIRECTION I [0.9990900974518327, 0.0009099025481672059] 
PROD023A_I 59 [0.0007146794092701886, 0.0007146794092701886, 0.0007146794092701886, 0.9971412823629192, 0.0007146794092701886] 
PROD023A_J 13 [0.9966650661953934, 0.0006669867609213068, 0.0006669867609213068, 0.0006669867609213068, 0.0006669867609213068, 0.0006669867609213068] 
PROD023A_K 1 [0.9983320830080832, 0.0008339584959583904, 0.0008339584959583904] 
PROD024A_I 56 [0.996248417470178, 0.0006252637549703301, 0.0006252637549703301, 0.0006252637549703301, 0.0006252637549703301, 0.0006252637549703301, 0.0006252637549703301] 
PROD024A_J 36 [0.0007697224785866634, 0.0007697224785866634, 0.0007697224785866634, 0.99769083256424] 
PROD024A_K 2 [0.0008339584959583904, 0.9983320830080832, 0.0008339584959583904] 
PROD025A_DIRECTION J [0.0009099025481672059, 0.9990900974518327] 
PROD025A_I 54 [0.9966650661953934, 0.0006669867609213068, 0.0006669867609213068, 0.0006669867609213068, 0.0006669867609213068, 0.0006669867609213068] 
PROD025A_J 22 [0.0007146794092701887, 0.9971412823629192, 0.0007146794092701887, 0.0007146794092701887, 0.0007146794092701887] 
PROD025A_K 1 [0.9983320830080832, 0.0008339584959583904, 0.0008339584959583904] 
PROD026_DIRECTION J [0.0009099043730433985, 0.9990900956269566] 
PROD026_I 45 [0.9971412823629192, 0.0007146794092701887, 0.0007146794092701887, 0.0007146794092701887, 0.0007146794092701887] 
PROD026_J 5 [0.0006252637549703301, 0.996248417470178, 0.0006252637549703301, 0.0006252637549703301, 0.0006252637549703301, 0.0006252637549703301, 0.0006252637549703301] 
PROD026_K 1 [0.9983320830080832, 0.0008339584959583904, 0.0008339584959583904] 
INJ006_I 51 [0.0006669867609213068, 0.0006669867609213068, 0.9966650661953934, 0.0006669867609213068, 0.0006669867609213068, 0.0006669867609213068] 
INJ006_J 28 [0.0005884551932221718, 0.0005884551932221718, 0.0005884551932221718, 0.0005884551932221718, 0.0005884551932221718, 0.0005884551932221718, 0.0005884551932221718, 0.9958808136474449] 
INJ006_K 13 [0.0007697224785866634, 0.0007697224785866634, 0.99769083256424, 0.0007697224785866634] 
INJ010_DIRECTION J [0.0009099025481672059, 0.9990900974518327] 
INJ010_I 72 [0.0007146794092701887, 0.0007146794092701887, 0.0007146794092701887, 0.0007146794092701887, 0.9971412823629192] 
INJ010_J 30 [0.9971412823629192, 0.0007146794092701887, 0.0007146794092701887, 0.0007146794092701887, 0.0007146794092701887] 
INJ010_K 6 [0.99769083256424, 0.0007697224785866635, 0.0007697224785866635, 0.0007697224785866635] 
INJ017_DIRECTION J [0.0009099025481672059, 0.9990900974518327] 
INJ017_I 28 [0.9966650661953934, 0.0006669867609213068, 0.0006669867609213068, 0.0006669867609213068, 0.0006669867609213068, 0.0006669867609213068] 
INJ017_J 24 [0.0006252637549703292, 0.0006252637549703292, 0.0006252637549703292, 0.0006252637549703292, 0.0006252637549703292, 0.996248417470178, 0.0006252637549703356] 
INJ017_K 16 [0.0007146794092701887, 0.0007146794092701887, 0.0007146794092701887, 0.0007146794092701887, 0.9971412823629192] 
INJ019_DIRECTION I [0.9990900974518327, 0.0009099025481672059] 
INJ019_I 30 [0.0006669867609213069, 0.0006669867609213069, 0.0006669867609213069, 0.9966650661953934, 0.0006669867609213069, 0.0006669867609213069] 
INJ019_J 49 [0.0007697224785866634, 0.0007697224785866634, 0.0007697224785866634, 0.99769083256424] 
INJ019_K 6 [0.99769083256424, 0.0007697224785866635, 0.0007697224785866635, 0.0007697224785866635] 
INJ021_DIRECTION J [0.0009099025481672059, 0.9990900974518327] 
INJ021_I 21 [0.9955540735405004, 0.0005557408074374434, 0.0005557408074374434, 0.0005557408074374434, 0.0005557408074374434, 0.0005557408074374434, 0.0005557408074374434, 0.0005557408074374434, 0.0005557408074374434] 
INJ021_J 27 [0.0006669867608242641, 0.0006669867608242641, 0.996665066195189, 0.0006669867608242641, 0.0006669867615138888, 0.0006669867608242641] 
INJ021_K 12 [0.0007697224785866634, 0.0007697224785866634, 0.99769083256424, 0.0007697224785866634] 
INJ022_DIRECTION J [0.0009099025481672059, 0.9990900974518327] 
INJ022_I 65 [0.9971412823629192, 0.0007146794092701887, 0.0007146794092701887, 0.0007146794092701887, 0.0007146794092701887] 
INJ022_J 24 [0.0007697224785866634, 0.0007697224785866634, 0.99769083256424, 0.0007697224785866634] 
INJ022_K 15 [0.0007146794092701887, 0.0007146794092701887, 0.0007146794092701887, 0.0007146794092701887, 0.9971412823629192] 
INJ023_DIRECTION J [0.0009099025481672059, 0.9990900974518327] 
INJ023_I 45 [0.0006669867609213069, 0.0006669867609213069, 0.0006669867609213069, 0.0006669867609213069, 0.0006669867609213069, 0.9966650661953934] 
INJ023_J 19 [0.0006669867609213069, 0.0006669867609213069, 0.0006669867609213069, 0.0006669867609213069, 0.0006669867609213069, 0.9966650661953934] 
INJ023_K 15 [0.0009099025481672059, 0.9990900974518327] 
NA1A_CONSIDER 1 [0.0009099025481672059, 0.9990900974518327] 

