Elite 1 OF_MAX_VPL 2941299308.14
NA2_CONSIDER 0 [0.9090502471041156, 0.09094975289588436] 
NA3D_CONSIDER 0 [0.9090502471041156, 0.09094975289588436] 
PltPRDSTL_PltPRDSTO 20925 [0.052639458888493786, 0.052639458888493786, 0.052639458888493786, 0.5262448700035556, 0.052639458888493786, 0.052639458888493786, 0.052639458888493786, 0.052639458888493786, 0.052639458888493786, 0.052639458888493786] 
PltPRDSTW 9765 [0.06668268716306788, 0.06668268716306788, 0.06668268716306788, 0.6665865641846606, 0.06668268716306788, 0.06668268716306788] 
PltINJSTW 29295 [0.04762488314516835, 0.04762488314516835, 0.04762488314516835, 0.4761262854031478, 0.04762488314516835, 0.04762488314516835, 0.04762488314516835, 0.04762488314516835, 0.04762488314516835, 0.04762488314516835, 0.04762488314516835, 0.04762488314516835] 
PROD005_DIRECTION J [0.09094975289588436, 0.9090502471041156] 
PROD005_I 29 [0.0769476962365754, 0.0769476962365754, 0.0769476962365754, 0.7691569112902739] 
PROD005_J 17 [0.05883453221680932, 0.5881582744823344, 0.05883453221680932, 0.05883453221680932, 0.05883453221680932, 0.05883453221680932, 0.05883453221680932, 0.05883453221680932] 
PROD005_K 2 [0.08336464274502293, 0.8332707145099542, 0.08336464274502293] 
PROD006_I 53 [0.0769476962365754, 0.0769476962365754, 0.7691569112902739, 0.0769476962365754] 
PROD006_J 3 [0.09094975289588436, 0.9090502471041156] 
PROD007_I 59 [0.7142068837454585, 0.07144827906363538, 0.07144827906363538, 0.07144827906363538, 0.07144827906363538] 
PROD007_J 12 [0.08336464274502293, 0.08336464274502293, 0.8332707145099542] 
PROD009_DIRECTION J [0.09094975289588436, 0.9090502471041156] 
PROD009_I 8 [0.07144827906363538, 0.07144827906363538, 0.07144827906363538, 0.7142068837454585, 0.07144827906363538] 
PROD009_J 38 [0.6249208071440565, 0.06251319880932385, 0.06251319880932385, 0.06251319880932385, 0.06251319880932385, 0.06251319880932385, 0.06251319880932385] 
PROD009_K 1 [0.8332707145099542, 0.08336464274502293, 0.08336464274502293] 
PROD010_DIRECTION J [0.09094975289588436, 0.9090502471041156] 
PROD010_I 30 [0.05883453221680932, 0.5881582744823344, 0.05883453221680932, 0.05883453221680932, 0.05883453221680932, 0.05883453221680932, 0.05883453221680932, 0.05883453221680932] 
PROD010_J 34 [0.06251319880932386, 0.06251319880932386, 0.06251319880932386, 0.06251319880932386, 0.6249208071440566, 0.06251319880932386, 0.06251319880932386] 
PROD010_K 2 [0.08336207212832066, 0.8332590241458445, 0.08337890372583487] 
PROD012_DIRECTION I [0.9090502471041156, 0.09094975289588436] 
PROD012_I 37 [0.5554814098051896, 0.05556482377435133, 0.05556482377435133, 0.05556482377435133, 0.05556482377435133, 0.05556482377435133, 0.05556482377435133, 0.05556482377435133, 0.05556482377435133] 
PROD012_J 36 [0.05000675567619159, 0.05000675567619159, 0.05000675567619159, 0.05000675567619159, 0.05000675567619159, 0.05000675567619159, 0.4999324432380842, 0.05000675567619159, 0.05000675567619159, 0.05000675567619159, 0.05000675567619159] 
PROD012_K 2 [0.08336464274502293, 0.8332707145099542, 0.08336464274502293] 
PROD014_DIRECTION J [0.09094975289588436, 0.9090502471041156] 
PROD014_I 51 [0.06251319880932388, 0.06251319880932388, 0.06251319880932388, 0.06251319880932388, 0.06251319880932388, 0.6249208071440567, 0.06251319880932388] 
PROD014_J 40 [0.0526394588884938, 0.0526394588884938, 0.0526394588884938, 0.0526394588884938, 0.0526394588884938, 0.0526394588884938, 0.5262448700035557, 0.0526394588884938, 0.0526394588884938, 0.0526394588884938] 
PROD014_K 2 [0.08336464274502293, 0.8332707145099542, 0.08336464274502293] 
PROD021_DIRECTION I [0.9090502471041156, 0.09094975289588436] 
PROD021_I 32 [0.04762488314516837, 0.04762488314516837, 0.04762488314516837, 0.04762488314516837, 0.04762488314516837, 0.04762488314516837, 0.04762488314516837, 0.04762488314516837, 0.04762488314516837, 0.04762488314516837, 0.04762488314516837, 0.47612628540314794] 
PROD021_J 36 [0.6249208071440565, 0.06251319880932385, 0.06251319880932385, 0.06251319880932385, 0.06251319880932385, 0.06251319880932385, 0.06251319880932385] 
PROD021_K 2 [0.08336464274502293, 0.8332707145099542, 0.08336464274502293] 
PROD023A_DIRECTION J [0.09094980755181865, 0.9090501924481813] 
PROD023A_I 57 [0.07144827906363538, 0.7142068837454585, 0.07144827906363538, 0.07144827906363538, 0.07144827906363538] 
PROD023A_J 18 [0.06668268716306788, 0.06668268716306788, 0.06668268716306788, 0.06668268716306788, 0.06668268716306788, 0.6665865641846606] 
PROD023A_K 1 [0.8332707114186078, 0.08336464696115502, 0.08336464162023735] 
PROD024A_I 56 [0.6249208071440565, 0.06251319880932385, 0.06251319880932385, 0.06251319880932385, 0.06251319880932385, 0.06251319880932385, 0.06251319880932385] 
PROD024A_J 33 [0.769156911290274, 0.07694769623657541, 0.07694769623657541, 0.07694769623657541] 
PROD024A_K 3 [0.08336464274502293, 0.08336464274502293, 0.8332707145099542] 
PROD025A_DIRECTION J [0.09094975289588436, 0.9090502471041156] 
PROD025A_I 54 [0.6665865641846607, 0.0666826871630679, 0.0666826871630679, 0.0666826871630679, 0.0666826871630679, 0.0666826871630679] 
PROD025A_J 21 [0.7142068837453776, 0.07144827906357792, 0.07144827906388868, 0.07144827906357792, 0.07144827906357792] 
PROD025A_K 1 [0.8332707145099542, 0.08336464274502293, 0.08336464274502293] 
PROD026_DIRECTION J [0.09094975289588436, 0.9090502471041156] 
PROD026_I 47 [0.07144827906363538, 0.07144827906363538, 0.7142068837454585, 0.07144827906363538, 0.07144827906363538] 
PROD026_J 6 [0.06251319880932386, 0.06251319880932386, 0.6249208071440566, 0.06251319880932386, 0.06251319880932386, 0.06251319880932386, 0.06251319880932386] 
PROD026_K 2 [0.08336464274502293, 0.8332707145099542, 0.08336464274502293] 
INJ006_I 49 [0.6665865641846607, 0.0666826871630679, 0.0666826871630679, 0.0666826871630679, 0.0666826871630679, 0.0666826871630679] 
INJ006_J 24 [0.05883453221680933, 0.05883453221680933, 0.05883453221680933, 0.5881582744823345, 0.05883453221680933, 0.05883453221680933, 0.05883453221680933, 0.05883453221680933] 
INJ006_K 15 [0.0769476962365754, 0.0769476962365754, 0.0769476962365754, 0.7691569112902739] 
INJ010_DIRECTION J [0.09094975289590143, 0.9090502471040987] 
INJ010_I 68 [0.0714482790663249, 0.7142068837445991, 0.07144827906302535, 0.07144827906302535, 0.07144827906302535] 
INJ010_J 38 [0.07144827906363538, 0.07144827906363538, 0.07144827906363538, 0.07144827906363538, 0.7142068837454585] 
INJ010_K 6 [0.769156911290274, 0.07694769623657541, 0.07694769623657541, 0.07694769623657541] 
INJ017_DIRECTION I [0.9090502471041156, 0.09094975289588436] 
INJ017_I 38 [0.06668268716306788, 0.06668268716306788, 0.06668268716306788, 0.06668268716306788, 0.06668268716306788, 0.6665865641846606] 
INJ017_J 26 [0.06251319880932388, 0.06251319880932388, 0.06251319880932388, 0.06251319880932388, 0.06251319880932388, 0.06251319880932388, 0.6249208071440568] 
INJ017_K 15 [0.07144827906363538, 0.07144827906363538, 0.07144827906363538, 0.7142068837454585, 0.07144827906363538] 
INJ019_DIRECTION J [0.09094975289588436, 0.9090502471041156] 
INJ019_I 26 [0.0666826871630679, 0.6665865641846607, 0.0666826871630679, 0.0666826871630679, 0.0666826871630679, 0.0666826871630679] 
INJ019_J 49 [0.0769476962365754, 0.0769476962365754, 0.0769476962365754, 0.7691569112902739] 
INJ019_K 6 [0.769156911290274, 0.07694769623657541, 0.07694769623657541, 0.07694769623657541] 
INJ021_DIRECTION J [0.09094975289588446, 0.9090502471041155] 
INJ021_I 21 [0.5554814098051896, 0.05556482377435133, 0.05556482377435133, 0.05556482377435133, 0.05556482377435133, 0.05556482377435133, 0.05556482377435133, 0.05556482377435133, 0.05556482377435133] 
INJ021_J 33 [0.06668268716306788, 0.06668268716306788, 0.06668268716306788, 0.06668268716306788, 0.06668268716306788, 0.6665865641846606] 
INJ021_K 12 [0.0769476962365754, 0.0769476962365754, 0.7691569112902739, 0.0769476962365754] 
INJ022_DIRECTION I [0.9090502471041156, 0.09094975289588436] 
INJ022_I 73 [0.07144827906363538, 0.07144827906363538, 0.07144827906363538, 0.07144827906363538, 0.7142068837454585] 
INJ022_J 26 [0.0769476962365754, 0.0769476962365754, 0.0769476962365754, 0.7691569112902739] 
INJ022_K 6 [0.7142068837454585, 0.07144827906363538, 0.07144827906363538, 0.07144827906363538, 0.07144827906363538] 
INJ023_DIRECTION I [0.9090502471041156, 0.09094975289588436] 
INJ023_I 37 [0.6665865641846607, 0.0666826871630679, 0.0666826871630679, 0.0666826871630679, 0.0666826871630679, 0.0666826871630679] 
INJ023_J 19 [0.06668268716306788, 0.06668268716306788, 0.06668268716306788, 0.06668268716306788, 0.06668268716306788, 0.6665865641846606] 
INJ023_K 15 [0.09094975289588436, 0.9090502471041156] 
NA1A_CONSIDER 1 [0.09094975289588436, 0.9090502471041156] 

Elite 2 OF_MAX_VPL 2941299308.14
NA2_CONSIDER 0 [0.9090502471041156, 0.09094975289588436] 
NA3D_CONSIDER 0 [0.9090502471041156, 0.09094975289588436] 
PltPRDSTL_PltPRDSTO 20925 [0.052639458888493786, 0.052639458888493786, 0.052639458888493786, 0.5262448700035556, 0.052639458888493786, 0.052639458888493786, 0.052639458888493786, 0.052639458888493786, 0.052639458888493786, 0.052639458888493786] 
PltPRDSTW 9765 [0.06668268716306788, 0.06668268716306788, 0.06668268716306788, 0.6665865641846606, 0.06668268716306788, 0.06668268716306788] 
PltINJSTW 29295 [0.04762488314516835, 0.04762488314516835, 0.04762488314516835, 0.4761262854031478, 0.04762488314516835, 0.04762488314516835, 0.04762488314516835, 0.04762488314516835, 0.04762488314516835, 0.04762488314516835, 0.04762488314516835, 0.04762488314516835] 
PROD005_DIRECTION J [0.09094975289588436, 0.9090502471041156] 
PROD005_I 29 [0.0769476962365754, 0.0769476962365754, 0.0769476962365754, 0.7691569112902739] 
PROD005_J 17 [0.05883453221680932, 0.5881582744823344, 0.05883453221680932, 0.05883453221680932, 0.05883453221680932, 0.05883453221680932, 0.05883453221680932, 0.05883453221680932] 
PROD005_K 2 [0.08336464274502293, 0.8332707145099542, 0.08336464274502293] 
PROD006_I 53 [0.0769476962365754, 0.0769476962365754, 0.7691569112902739, 0.0769476962365754] 
PROD006_J 3 [0.09094975289588436, 0.9090502471041156] 
PROD007_I 59 [0.7142068837454585, 0.07144827906363538, 0.07144827906363538, 0.07144827906363538, 0.07144827906363538] 
PROD007_J 12 [0.08336464274502293, 0.08336464274502293, 0.8332707145099542] 
PROD009_DIRECTION J [0.09094975289588436, 0.9090502471041156] 
PROD009_I 8 [0.07144827906363538, 0.07144827906363538, 0.07144827906363538, 0.7142068837454585, 0.07144827906363538] 
PROD009_J 38 [0.6249208071440565, 0.06251319880932385, 0.06251319880932385, 0.06251319880932385, 0.06251319880932385, 0.06251319880932385, 0.06251319880932385] 
PROD009_K 1 [0.8332707145099542, 0.08336464274502293, 0.08336464274502293] 
PROD010_DIRECTION J [0.09094975289588436, 0.9090502471041156] 
PROD010_I 30 [0.05883453221680932, 0.5881582744823344, 0.05883453221680932, 0.05883453221680932, 0.05883453221680932, 0.05883453221680932, 0.05883453221680932, 0.05883453221680932] 
PROD010_J 34 [0.06251319880932386, 0.06251319880932386, 0.06251319880932386, 0.06251319880932386, 0.6249208071440566, 0.06251319880932386, 0.06251319880932386] 
PROD010_K 2 [0.08336207212832066, 0.8332590241458445, 0.08337890372583487] 
PROD012_DIRECTION I [0.9090502471041156, 0.09094975289588436] 
PROD012_I 37 [0.5554814098051896, 0.05556482377435133, 0.05556482377435133, 0.05556482377435133, 0.05556482377435133, 0.05556482377435133, 0.05556482377435133, 0.05556482377435133, 0.05556482377435133] 
PROD012_J 36 [0.05000675567619159, 0.05000675567619159, 0.05000675567619159, 0.05000675567619159, 0.05000675567619159, 0.05000675567619159, 0.4999324432380842, 0.05000675567619159, 0.05000675567619159, 0.05000675567619159, 0.05000675567619159] 
PROD012_K 2 [0.08336464274502293, 0.8332707145099542, 0.08336464274502293] 
PROD014_DIRECTION J [0.09094975289588436, 0.9090502471041156] 
PROD014_I 51 [0.06251319880932388, 0.06251319880932388, 0.06251319880932388, 0.06251319880932388, 0.06251319880932388, 0.6249208071440567, 0.06251319880932388] 
PROD014_J 40 [0.0526394588884938, 0.0526394588884938, 0.0526394588884938, 0.0526394588884938, 0.0526394588884938, 0.0526394588884938, 0.5262448700035557, 0.0526394588884938, 0.0526394588884938, 0.0526394588884938] 
PROD014_K 2 [0.08336464274502293, 0.8332707145099542, 0.08336464274502293] 
PROD021_DIRECTION I [0.9090502471041156, 0.09094975289588436] 
PROD021_I 32 [0.04762488314516837, 0.04762488314516837, 0.04762488314516837, 0.04762488314516837, 0.04762488314516837, 0.04762488314516837, 0.04762488314516837, 0.04762488314516837, 0.04762488314516837, 0.04762488314516837, 0.04762488314516837, 0.47612628540314794] 
PROD021_J 36 [0.6249208071440565, 0.06251319880932385, 0.06251319880932385, 0.06251319880932385, 0.06251319880932385, 0.06251319880932385, 0.06251319880932385] 
PROD021_K 2 [0.08336464274502293, 0.8332707145099542, 0.08336464274502293] 
PROD023A_DIRECTION J [0.09094980755181865, 0.9090501924481813] 
PROD023A_I 57 [0.07144827906363538, 0.7142068837454585, 0.07144827906363538, 0.07144827906363538, 0.07144827906363538] 
PROD023A_J 18 [0.06668268716306788, 0.06668268716306788, 0.06668268716306788, 0.06668268716306788, 0.06668268716306788, 0.6665865641846606] 
PROD023A_K 1 [0.8332707114186078, 0.08336464696115502, 0.08336464162023735] 
PROD024A_I 56 [0.6249208071440565, 0.06251319880932385, 0.06251319880932385, 0.06251319880932385, 0.06251319880932385, 0.06251319880932385, 0.06251319880932385] 
PROD024A_J 33 [0.769156911290274, 0.07694769623657541, 0.07694769623657541, 0.07694769623657541] 
PROD024A_K 3 [0.08336464274502293, 0.08336464274502293, 0.8332707145099542] 
PROD025A_DIRECTION J [0.09094975289588436, 0.9090502471041156] 
PROD025A_I 54 [0.6665865641846607, 0.0666826871630679, 0.0666826871630679, 0.0666826871630679, 0.0666826871630679, 0.0666826871630679] 
PROD025A_J 21 [0.7142068837453776, 0.07144827906357792, 0.07144827906388868, 0.07144827906357792, 0.07144827906357792] 
PROD025A_K 1 [0.8332707145099542, 0.08336464274502293, 0.08336464274502293] 
PROD026_DIRECTION J [0.09094975289588436, 0.9090502471041156] 
PROD026_I 47 [0.07144827906363538, 0.07144827906363538, 0.7142068837454585, 0.07144827906363538, 0.07144827906363538] 
PROD026_J 6 [0.06251319880932386, 0.06251319880932386, 0.6249208071440566, 0.06251319880932386, 0.06251319880932386, 0.06251319880932386, 0.06251319880932386] 
PROD026_K 2 [0.08336464274502293, 0.8332707145099542, 0.08336464274502293] 
INJ006_I 49 [0.6665865641846607, 0.0666826871630679, 0.0666826871630679, 0.0666826871630679, 0.0666826871630679, 0.0666826871630679] 
INJ006_J 24 [0.05883453221680933, 0.05883453221680933, 0.05883453221680933, 0.5881582744823345, 0.05883453221680933, 0.05883453221680933, 0.05883453221680933, 0.05883453221680933] 
INJ006_K 15 [0.0769476962365754, 0.0769476962365754, 0.0769476962365754, 0.7691569112902739] 
INJ010_DIRECTION J [0.09094975289590143, 0.9090502471040987] 
INJ010_I 68 [0.0714482790663249, 0.7142068837445991, 0.07144827906302535, 0.07144827906302535, 0.07144827906302535] 
INJ010_J 38 [0.07144827906363538, 0.07144827906363538, 0.07144827906363538, 0.07144827906363538, 0.7142068837454585] 
INJ010_K 6 [0.769156911290274, 0.07694769623657541, 0.07694769623657541, 0.07694769623657541] 
INJ017_DIRECTION I [0.9090502471041156, 0.09094975289588436] 
INJ017_I 38 [0.06668268716306788, 0.06668268716306788, 0.06668268716306788, 0.06668268716306788, 0.06668268716306788, 0.6665865641846606] 
INJ017_J 26 [0.06251319880932388, 0.06251319880932388, 0.06251319880932388, 0.06251319880932388, 0.06251319880932388, 0.06251319880932388, 0.6249208071440568] 
INJ017_K 15 [0.07144827906363538, 0.07144827906363538, 0.07144827906363538, 0.7142068837454585, 0.07144827906363538] 
INJ019_DIRECTION J [0.09094975289588436, 0.9090502471041156] 
INJ019_I 26 [0.0666826871630679, 0.6665865641846607, 0.0666826871630679, 0.0666826871630679, 0.0666826871630679, 0.0666826871630679] 
INJ019_J 49 [0.0769476962365754, 0.0769476962365754, 0.0769476962365754, 0.7691569112902739] 
INJ019_K 6 [0.769156911290274, 0.07694769623657541, 0.07694769623657541, 0.07694769623657541] 
INJ021_DIRECTION J [0.09094975289588446, 0.9090502471041155] 
INJ021_I 21 [0.5554814098051896, 0.05556482377435133, 0.05556482377435133, 0.05556482377435133, 0.05556482377435133, 0.05556482377435133, 0.05556482377435133, 0.05556482377435133, 0.05556482377435133] 
INJ021_J 33 [0.06668268716306788, 0.06668268716306788, 0.06668268716306788, 0.06668268716306788, 0.06668268716306788, 0.6665865641846606] 
INJ021_K 12 [0.0769476962365754, 0.0769476962365754, 0.7691569112902739, 0.0769476962365754] 
INJ022_DIRECTION I [0.9090502471041156, 0.09094975289588436] 
INJ022_I 73 [0.07144827906363538, 0.07144827906363538, 0.07144827906363538, 0.07144827906363538, 0.7142068837454585] 
INJ022_J 26 [0.0769476962365754, 0.0769476962365754, 0.0769476962365754, 0.7691569112902739] 
INJ022_K 6 [0.7142068837454585, 0.07144827906363538, 0.07144827906363538, 0.07144827906363538, 0.07144827906363538] 
INJ023_DIRECTION I [0.9090502471041156, 0.09094975289588436] 
INJ023_I 37 [0.6665865641846607, 0.0666826871630679, 0.0666826871630679, 0.0666826871630679, 0.0666826871630679, 0.0666826871630679] 
INJ023_J 19 [0.06668268716306788, 0.06668268716306788, 0.06668268716306788, 0.06668268716306788, 0.06668268716306788, 0.6665865641846606] 
INJ023_K 15 [0.09094975289588436, 0.9090502471041156] 
NA1A_CONSIDER 1 [0.09094975289588436, 0.9090502471041156] 

Elite 3 OF_MAX_VPL 2941299308.14
NA2_CONSIDER 0 [0.9090502471041156, 0.09094975289588436] 
NA3D_CONSIDER 0 [0.9090502471041156, 0.09094975289588436] 
PltPRDSTL_PltPRDSTO 20925 [0.052639458888493786, 0.052639458888493786, 0.052639458888493786, 0.5262448700035556, 0.052639458888493786, 0.052639458888493786, 0.052639458888493786, 0.052639458888493786, 0.052639458888493786, 0.052639458888493786] 
PltPRDSTW 9765 [0.06668268716306788, 0.06668268716306788, 0.06668268716306788, 0.6665865641846606, 0.06668268716306788, 0.06668268716306788] 
PltINJSTW 29295 [0.04762488314516835, 0.04762488314516835, 0.04762488314516835, 0.4761262854031478, 0.04762488314516835, 0.04762488314516835, 0.04762488314516835, 0.04762488314516835, 0.04762488314516835, 0.04762488314516835, 0.04762488314516835, 0.04762488314516835] 
PROD005_DIRECTION J [0.09094975289588436, 0.9090502471041156] 
PROD005_I 29 [0.0769476962365754, 0.0769476962365754, 0.0769476962365754, 0.7691569112902739] 
PROD005_J 17 [0.05883453221680932, 0.5881582744823344, 0.05883453221680932, 0.05883453221680932, 0.05883453221680932, 0.05883453221680932, 0.05883453221680932, 0.05883453221680932] 
PROD005_K 2 [0.08336464274502293, 0.8332707145099542, 0.08336464274502293] 
PROD006_I 53 [0.0769476962365754, 0.0769476962365754, 0.7691569112902739, 0.0769476962365754] 
PROD006_J 3 [0.09094975289588436, 0.9090502471041156] 
PROD007_I 59 [0.7142068837454585, 0.07144827906363538, 0.07144827906363538, 0.07144827906363538, 0.07144827906363538] 
PROD007_J 12 [0.08336464274502293, 0.08336464274502293, 0.8332707145099542] 
PROD009_DIRECTION J [0.09094975289588436, 0.9090502471041156] 
PROD009_I 8 [0.07144827906363538, 0.07144827906363538, 0.07144827906363538, 0.7142068837454585, 0.07144827906363538] 
PROD009_J 38 [0.6249208071440565, 0.06251319880932385, 0.06251319880932385, 0.06251319880932385, 0.06251319880932385, 0.06251319880932385, 0.06251319880932385] 
PROD009_K 1 [0.8332707145099542, 0.08336464274502293, 0.08336464274502293] 
PROD010_DIRECTION J [0.09094975289588436, 0.9090502471041156] 
PROD010_I 30 [0.05883453221680932, 0.5881582744823344, 0.05883453221680932, 0.05883453221680932, 0.05883453221680932, 0.05883453221680932, 0.05883453221680932, 0.05883453221680932] 
PROD010_J 34 [0.06251319880932386, 0.06251319880932386, 0.06251319880932386, 0.06251319880932386, 0.6249208071440566, 0.06251319880932386, 0.06251319880932386] 
PROD010_K 2 [0.08336207212832066, 0.8332590241458445, 0.08337890372583487] 
PROD012_DIRECTION I [0.9090502471041156, 0.09094975289588436] 
PROD012_I 37 [0.5554814098051896, 0.05556482377435133, 0.05556482377435133, 0.05556482377435133, 0.05556482377435133, 0.05556482377435133, 0.05556482377435133, 0.05556482377435133, 0.05556482377435133] 
PROD012_J 36 [0.05000675567619159, 0.05000675567619159, 0.05000675567619159, 0.05000675567619159, 0.05000675567619159, 0.05000675567619159, 0.4999324432380842, 0.05000675567619159, 0.05000675567619159, 0.05000675567619159, 0.05000675567619159] 
PROD012_K 2 [0.08336464274502293, 0.8332707145099542, 0.08336464274502293] 
PROD014_DIRECTION J [0.09094975289588436, 0.9090502471041156] 
PROD014_I 51 [0.06251319880932388, 0.06251319880932388, 0.06251319880932388, 0.06251319880932388, 0.06251319880932388, 0.6249208071440567, 0.06251319880932388] 
PROD014_J 40 [0.0526394588884938, 0.0526394588884938, 0.0526394588884938, 0.0526394588884938, 0.0526394588884938, 0.0526394588884938, 0.5262448700035557, 0.0526394588884938, 0.0526394588884938, 0.0526394588884938] 
PROD014_K 2 [0.08336464274502293, 0.8332707145099542, 0.08336464274502293] 
PROD021_DIRECTION I [0.9090502471041156, 0.09094975289588436] 
PROD021_I 32 [0.04762488314516837, 0.04762488314516837, 0.04762488314516837, 0.04762488314516837, 0.04762488314516837, 0.04762488314516837, 0.04762488314516837, 0.04762488314516837, 0.04762488314516837, 0.04762488314516837, 0.04762488314516837, 0.47612628540314794] 
PROD021_J 36 [0.6249208071440565, 0.06251319880932385, 0.06251319880932385, 0.06251319880932385, 0.06251319880932385, 0.06251319880932385, 0.06251319880932385] 
PROD021_K 2 [0.08336464274502293, 0.8332707145099542, 0.08336464274502293] 
PROD023A_DIRECTION J [0.09094980755181865, 0.9090501924481813] 
PROD023A_I 57 [0.07144827906363538, 0.7142068837454585, 0.07144827906363538, 0.07144827906363538, 0.07144827906363538] 
PROD023A_J 18 [0.06668268716306788, 0.06668268716306788, 0.06668268716306788, 0.06668268716306788, 0.06668268716306788, 0.6665865641846606] 
PROD023A_K 1 [0.8332707114186078, 0.08336464696115502, 0.08336464162023735] 
PROD024A_I 56 [0.6249208071440565, 0.06251319880932385, 0.06251319880932385, 0.06251319880932385, 0.06251319880932385, 0.06251319880932385, 0.06251319880932385] 
PROD024A_J 33 [0.769156911290274, 0.07694769623657541, 0.07694769623657541, 0.07694769623657541] 
PROD024A_K 3 [0.08336464274502293, 0.08336464274502293, 0.8332707145099542] 
PROD025A_DIRECTION J [0.09094975289588436, 0.9090502471041156] 
PROD025A_I 54 [0.6665865641846607, 0.0666826871630679, 0.0666826871630679, 0.0666826871630679, 0.0666826871630679, 0.0666826871630679] 
PROD025A_J 21 [0.7142068837453776, 0.07144827906357792, 0.07144827906388868, 0.07144827906357792, 0.07144827906357792] 
PROD025A_K 1 [0.8332707145099542, 0.08336464274502293, 0.08336464274502293] 
PROD026_DIRECTION J [0.09094975289588436, 0.9090502471041156] 
PROD026_I 47 [0.07144827906363538, 0.07144827906363538, 0.7142068837454585, 0.07144827906363538, 0.07144827906363538] 
PROD026_J 6 [0.06251319880932386, 0.06251319880932386, 0.6249208071440566, 0.06251319880932386, 0.06251319880932386, 0.06251319880932386, 0.06251319880932386] 
PROD026_K 2 [0.08336464274502293, 0.8332707145099542, 0.08336464274502293] 
INJ006_I 49 [0.6665865641846607, 0.0666826871630679, 0.0666826871630679, 0.0666826871630679, 0.0666826871630679, 0.0666826871630679] 
INJ006_J 24 [0.05883453221680933, 0.05883453221680933, 0.05883453221680933, 0.5881582744823345, 0.05883453221680933, 0.05883453221680933, 0.05883453221680933, 0.05883453221680933] 
INJ006_K 15 [0.0769476962365754, 0.0769476962365754, 0.0769476962365754, 0.7691569112902739] 
INJ010_DIRECTION J [0.09094975289590143, 0.9090502471040987] 
INJ010_I 68 [0.0714482790663249, 0.7142068837445991, 0.07144827906302535, 0.07144827906302535, 0.07144827906302535] 
INJ010_J 38 [0.07144827906363538, 0.07144827906363538, 0.07144827906363538, 0.07144827906363538, 0.7142068837454585] 
INJ010_K 6 [0.769156911290274, 0.07694769623657541, 0.07694769623657541, 0.07694769623657541] 
INJ017_DIRECTION I [0.9090502471041156, 0.09094975289588436] 
INJ017_I 38 [0.06668268716306788, 0.06668268716306788, 0.06668268716306788, 0.06668268716306788, 0.06668268716306788, 0.6665865641846606] 
INJ017_J 26 [0.06251319880932388, 0.06251319880932388, 0.06251319880932388, 0.06251319880932388, 0.06251319880932388, 0.06251319880932388, 0.6249208071440568] 
INJ017_K 15 [0.07144827906363538, 0.07144827906363538, 0.07144827906363538, 0.7142068837454585, 0.07144827906363538] 
INJ019_DIRECTION J [0.09094975289588436, 0.9090502471041156] 
INJ019_I 26 [0.0666826871630679, 0.6665865641846607, 0.0666826871630679, 0.0666826871630679, 0.0666826871630679, 0.0666826871630679] 
INJ019_J 49 [0.0769476962365754, 0.0769476962365754, 0.0769476962365754, 0.7691569112902739] 
INJ019_K 6 [0.769156911290274, 0.07694769623657541, 0.07694769623657541, 0.07694769623657541] 
INJ021_DIRECTION J [0.09094975289588446, 0.9090502471041155] 
INJ021_I 21 [0.5554814098051896, 0.05556482377435133, 0.05556482377435133, 0.05556482377435133, 0.05556482377435133, 0.05556482377435133, 0.05556482377435133, 0.05556482377435133, 0.05556482377435133] 
INJ021_J 33 [0.06668268716306788, 0.06668268716306788, 0.06668268716306788, 0.06668268716306788, 0.06668268716306788, 0.6665865641846606] 
INJ021_K 12 [0.0769476962365754, 0.0769476962365754, 0.7691569112902739, 0.0769476962365754] 
INJ022_DIRECTION I [0.9090502471041156, 0.09094975289588436] 
INJ022_I 73 [0.07144827906363538, 0.07144827906363538, 0.07144827906363538, 0.07144827906363538, 0.7142068837454585] 
INJ022_J 26 [0.0769476962365754, 0.0769476962365754, 0.0769476962365754, 0.7691569112902739] 
INJ022_K 6 [0.7142068837454585, 0.07144827906363538, 0.07144827906363538, 0.07144827906363538, 0.07144827906363538] 
INJ023_DIRECTION I [0.9090502471041156, 0.09094975289588436] 
INJ023_I 37 [0.6665865641846607, 0.0666826871630679, 0.0666826871630679, 0.0666826871630679, 0.0666826871630679, 0.0666826871630679] 
INJ023_J 19 [0.06668268716306788, 0.06668268716306788, 0.06668268716306788, 0.06668268716306788, 0.06668268716306788, 0.6665865641846606] 
INJ023_K 15 [0.09094975289588436, 0.9090502471041156] 
NA1A_CONSIDER 1 [0.09094975289588436, 0.9090502471041156] 

Elite 4 OF_MAX_VPL 2941299308.14
NA2_CONSIDER 0 [0.9090502471041156, 0.09094975289588436] 
NA3D_CONSIDER 0 [0.9090502471041156, 0.09094975289588436] 
PltPRDSTL_PltPRDSTO 20925 [0.052639458888493786, 0.052639458888493786, 0.052639458888493786, 0.5262448700035556, 0.052639458888493786, 0.052639458888493786, 0.052639458888493786, 0.052639458888493786, 0.052639458888493786, 0.052639458888493786] 
PltPRDSTW 9765 [0.06668268716306788, 0.06668268716306788, 0.06668268716306788, 0.6665865641846606, 0.06668268716306788, 0.06668268716306788] 
PltINJSTW 29295 [0.04762488314516835, 0.04762488314516835, 0.04762488314516835, 0.4761262854031478, 0.04762488314516835, 0.04762488314516835, 0.04762488314516835, 0.04762488314516835, 0.04762488314516835, 0.04762488314516835, 0.04762488314516835, 0.04762488314516835] 
PROD005_DIRECTION J [0.09094975289588436, 0.9090502471041156] 
PROD005_I 29 [0.0769476962365754, 0.0769476962365754, 0.0769476962365754, 0.7691569112902739] 
PROD005_J 17 [0.05883453221680932, 0.5881582744823344, 0.05883453221680932, 0.05883453221680932, 0.05883453221680932, 0.05883453221680932, 0.05883453221680932, 0.05883453221680932] 
PROD005_K 2 [0.08336464274502293, 0.8332707145099542, 0.08336464274502293] 
PROD006_I 53 [0.0769476962365754, 0.0769476962365754, 0.7691569112902739, 0.0769476962365754] 
PROD006_J 3 [0.09094975289588436, 0.9090502471041156] 
PROD007_I 59 [0.7142068837454585, 0.07144827906363538, 0.07144827906363538, 0.07144827906363538, 0.07144827906363538] 
PROD007_J 12 [0.08336464274502293, 0.08336464274502293, 0.8332707145099542] 
PROD009_DIRECTION J [0.09094975289588436, 0.9090502471041156] 
PROD009_I 8 [0.07144827906363538, 0.07144827906363538, 0.07144827906363538, 0.7142068837454585, 0.07144827906363538] 
PROD009_J 38 [0.6249208071440565, 0.06251319880932385, 0.06251319880932385, 0.06251319880932385, 0.06251319880932385, 0.06251319880932385, 0.06251319880932385] 
PROD009_K 1 [0.8332707145099542, 0.08336464274502293, 0.08336464274502293] 
PROD010_DIRECTION J [0.09094975289588436, 0.9090502471041156] 
PROD010_I 30 [0.05883453221680932, 0.5881582744823344, 0.05883453221680932, 0.05883453221680932, 0.05883453221680932, 0.05883453221680932, 0.05883453221680932, 0.05883453221680932] 
PROD010_J 34 [0.06251319880932386, 0.06251319880932386, 0.06251319880932386, 0.06251319880932386, 0.6249208071440566, 0.06251319880932386, 0.06251319880932386] 
PROD010_K 2 [0.08336207212832066, 0.8332590241458445, 0.08337890372583487] 
PROD012_DIRECTION I [0.9090502471041156, 0.09094975289588436] 
PROD012_I 37 [0.5554814098051896, 0.05556482377435133, 0.05556482377435133, 0.05556482377435133, 0.05556482377435133, 0.05556482377435133, 0.05556482377435133, 0.05556482377435133, 0.05556482377435133] 
PROD012_J 36 [0.05000675567619159, 0.05000675567619159, 0.05000675567619159, 0.05000675567619159, 0.05000675567619159, 0.05000675567619159, 0.4999324432380842, 0.05000675567619159, 0.05000675567619159, 0.05000675567619159, 0.05000675567619159] 
PROD012_K 2 [0.08336464274502293, 0.8332707145099542, 0.08336464274502293] 
PROD014_DIRECTION J [0.09094975289588436, 0.9090502471041156] 
PROD014_I 51 [0.06251319880932388, 0.06251319880932388, 0.06251319880932388, 0.06251319880932388, 0.06251319880932388, 0.6249208071440567, 0.06251319880932388] 
PROD014_J 40 [0.0526394588884938, 0.0526394588884938, 0.0526394588884938, 0.0526394588884938, 0.0526394588884938, 0.0526394588884938, 0.5262448700035557, 0.0526394588884938, 0.0526394588884938, 0.0526394588884938] 
PROD014_K 2 [0.08336464274502293, 0.8332707145099542, 0.08336464274502293] 
PROD021_DIRECTION I [0.9090502471041156, 0.09094975289588436] 
PROD021_I 32 [0.04762488314516837, 0.04762488314516837, 0.04762488314516837, 0.04762488314516837, 0.04762488314516837, 0.04762488314516837, 0.04762488314516837, 0.04762488314516837, 0.04762488314516837, 0.04762488314516837, 0.04762488314516837, 0.47612628540314794] 
PROD021_J 36 [0.6249208071440565, 0.06251319880932385, 0.06251319880932385, 0.06251319880932385, 0.06251319880932385, 0.06251319880932385, 0.06251319880932385] 
PROD021_K 2 [0.08336464274502293, 0.8332707145099542, 0.08336464274502293] 
PROD023A_DIRECTION J [0.09094980755181865, 0.9090501924481813] 
PROD023A_I 57 [0.07144827906363538, 0.7142068837454585, 0.07144827906363538, 0.07144827906363538, 0.07144827906363538] 
PROD023A_J 18 [0.06668268716306788, 0.06668268716306788, 0.06668268716306788, 0.06668268716306788, 0.06668268716306788, 0.6665865641846606] 
PROD023A_K 1 [0.8332707114186078, 0.08336464696115502, 0.08336464162023735] 
PROD024A_I 56 [0.6249208071440565, 0.06251319880932385, 0.06251319880932385, 0.06251319880932385, 0.06251319880932385, 0.06251319880932385, 0.06251319880932385] 
PROD024A_J 33 [0.769156911290274, 0.07694769623657541, 0.07694769623657541, 0.07694769623657541] 
PROD024A_K 3 [0.08336464274502293, 0.08336464274502293, 0.8332707145099542] 
PROD025A_DIRECTION J [0.09094975289588436, 0.9090502471041156] 
PROD025A_I 54 [0.6665865641846607, 0.0666826871630679, 0.0666826871630679, 0.0666826871630679, 0.0666826871630679, 0.0666826871630679] 
PROD025A_J 21 [0.7142068837453776, 0.07144827906357792, 0.07144827906388868, 0.07144827906357792, 0.07144827906357792] 
PROD025A_K 1 [0.8332707145099542, 0.08336464274502293, 0.08336464274502293] 
PROD026_DIRECTION J [0.09094975289588436, 0.9090502471041156] 
PROD026_I 47 [0.07144827906363538, 0.07144827906363538, 0.7142068837454585, 0.07144827906363538, 0.07144827906363538] 
PROD026_J 6 [0.06251319880932386, 0.06251319880932386, 0.6249208071440566, 0.06251319880932386, 0.06251319880932386, 0.06251319880932386, 0.06251319880932386] 
PROD026_K 2 [0.08336464274502293, 0.8332707145099542, 0.08336464274502293] 
INJ006_I 49 [0.6665865641846607, 0.0666826871630679, 0.0666826871630679, 0.0666826871630679, 0.0666826871630679, 0.0666826871630679] 
INJ006_J 24 [0.05883453221680933, 0.05883453221680933, 0.05883453221680933, 0.5881582744823345, 0.05883453221680933, 0.05883453221680933, 0.05883453221680933, 0.05883453221680933] 
INJ006_K 15 [0.0769476962365754, 0.0769476962365754, 0.0769476962365754, 0.7691569112902739] 
INJ010_DIRECTION J [0.09094975289590143, 0.9090502471040987] 
INJ010_I 68 [0.0714482790663249, 0.7142068837445991, 0.07144827906302535, 0.07144827906302535, 0.07144827906302535] 
INJ010_J 38 [0.07144827906363538, 0.07144827906363538, 0.07144827906363538, 0.07144827906363538, 0.7142068837454585] 
INJ010_K 6 [0.769156911290274, 0.07694769623657541, 0.07694769623657541, 0.07694769623657541] 
INJ017_DIRECTION I [0.9090502471041156, 0.09094975289588436] 
INJ017_I 38 [0.06668268716306788, 0.06668268716306788, 0.06668268716306788, 0.06668268716306788, 0.06668268716306788, 0.6665865641846606] 
INJ017_J 26 [0.06251319880932388, 0.06251319880932388, 0.06251319880932388, 0.06251319880932388, 0.06251319880932388, 0.06251319880932388, 0.6249208071440568] 
INJ017_K 15 [0.07144827906363538, 0.07144827906363538, 0.07144827906363538, 0.7142068837454585, 0.07144827906363538] 
INJ019_DIRECTION J [0.09094975289588436, 0.9090502471041156] 
INJ019_I 26 [0.0666826871630679, 0.6665865641846607, 0.0666826871630679, 0.0666826871630679, 0.0666826871630679, 0.0666826871630679] 
INJ019_J 49 [0.0769476962365754, 0.0769476962365754, 0.0769476962365754, 0.7691569112902739] 
INJ019_K 6 [0.769156911290274, 0.07694769623657541, 0.07694769623657541, 0.07694769623657541] 
INJ021_DIRECTION J [0.09094975289588446, 0.9090502471041155] 
INJ021_I 21 [0.5554814098051896, 0.05556482377435133, 0.05556482377435133, 0.05556482377435133, 0.05556482377435133, 0.05556482377435133, 0.05556482377435133, 0.05556482377435133, 0.05556482377435133] 
INJ021_J 33 [0.06668268716306788, 0.06668268716306788, 0.06668268716306788, 0.06668268716306788, 0.06668268716306788, 0.6665865641846606] 
INJ021_K 12 [0.0769476962365754, 0.0769476962365754, 0.7691569112902739, 0.0769476962365754] 
INJ022_DIRECTION I [0.1057984575428745, 0.8942015424571256] 
INJ022_I 73 [0.07144827906363538, 0.07144827906363538, 0.07144827906363538, 0.07144827906363538, 0.7142068837454585] 
INJ022_J 26 [0.0769476962365754, 0.0769476962365754, 0.0769476962365754, 0.7691569112902739] 
INJ022_K 6 [0.7142068837454585, 0.07144827906363538, 0.07144827906363538, 0.07144827906363538, 0.07144827906363538] 
INJ023_DIRECTION I [0.9090502471041156, 0.09094975289588436] 
INJ023_I 37 [0.6665865641846607, 0.0666826871630679, 0.0666826871630679, 0.0666826871630679, 0.0666826871630679, 0.0666826871630679] 
INJ023_J 19 [0.06668268716306788, 0.06668268716306788, 0.06668268716306788, 0.06668268716306788, 0.06668268716306788, 0.6665865641846606] 
INJ023_K 15 [0.09094975289588436, 0.9090502471041156] 
NA1A_CONSIDER 1 [0.09094975289588436, 0.9090502471041156] 

Elite 5 OF_MAX_VPL 2941168197.7
NA2_CONSIDER 0 [0.9090502471041156, 0.09094975289588436] 
NA3D_CONSIDER 0 [0.9090502471041156, 0.09094975289588436] 
PltPRDSTL_PltPRDSTO 20925 [0.052639458888493786, 0.052639458888493786, 0.052639458888493786, 0.5262448700035556, 0.052639458888493786, 0.052639458888493786, 0.052639458888493786, 0.052639458888493786, 0.052639458888493786, 0.052639458888493786] 
PltPRDSTW 9765 [0.06668268716306788, 0.06668268716306788, 0.06668268716306788, 0.6665865641846606, 0.06668268716306788, 0.06668268716306788] 
PltINJSTW 29295 [0.04762488314516835, 0.04762488314516835, 0.04762488314516835, 0.4761262854031478, 0.04762488314516835, 0.04762488314516835, 0.04762488314516835, 0.04762488314516835, 0.04762488314516835, 0.04762488314516835, 0.04762488314516835, 0.04762488314516835] 
PROD005_DIRECTION J [0.09094975289588436, 0.9090502471041156] 
PROD005_I 29 [0.0769476962365754, 0.0769476962365754, 0.0769476962365754, 0.7691569112902739] 
PROD005_J 17 [0.05883453221680932, 0.5881582744823344, 0.05883453221680932, 0.05883453221680932, 0.05883453221680932, 0.05883453221680932, 0.05883453221680932, 0.05883453221680932] 
PROD005_K 2 [0.08336464274502293, 0.8332707145099542, 0.08336464274502293] 
PROD006_I 53 [0.0769476962365754, 0.0769476962365754, 0.7691569112902739, 0.0769476962365754] 
PROD006_J 3 [0.09094975289588436, 0.9090502471041156] 
PROD007_I 59 [0.7142068837454585, 0.07144827906363538, 0.07144827906363538, 0.07144827906363538, 0.07144827906363538] 
PROD007_J 12 [0.08336464274502293, 0.08336464274502293, 0.8332707145099542] 
PROD009_DIRECTION J [0.09094975289588436, 0.9090502471041156] 
PROD009_I 8 [0.07144827906363538, 0.07144827906363538, 0.07144827906363538, 0.7142068837454585, 0.07144827906363538] 
PROD009_J 38 [0.6249208071440565, 0.06251319880932385, 0.06251319880932385, 0.06251319880932385, 0.06251319880932385, 0.06251319880932385, 0.06251319880932385] 
PROD009_K 1 [0.8332707145099542, 0.08336464274502293, 0.08336464274502293] 
PROD010_DIRECTION J [0.09094975289588436, 0.9090502471041156] 
PROD010_I 30 [0.05883453221680932, 0.5881582744823344, 0.05883453221680932, 0.05883453221680932, 0.05883453221680932, 0.05883453221680932, 0.05883453221680932, 0.05883453221680932] 
PROD010_J 34 [0.06251319880932386, 0.06251319880932386, 0.06251319880932386, 0.06251319880932386, 0.6249208071440566, 0.06251319880932386, 0.06251319880932386] 
PROD010_K 2 [0.08336207212832066, 0.8332590241458445, 0.08337890372583487] 
PROD012_DIRECTION I [0.9090502471041156, 0.09094975289588436] 
PROD012_I 37 [0.5554814098051896, 0.05556482377435133, 0.05556482377435133, 0.05556482377435133, 0.05556482377435133, 0.05556482377435133, 0.05556482377435133, 0.05556482377435133, 0.05556482377435133] 
PROD012_J 36 [0.05000675567619159, 0.05000675567619159, 0.05000675567619159, 0.05000675567619159, 0.05000675567619159, 0.05000675567619159, 0.4999324432380842, 0.05000675567619159, 0.05000675567619159, 0.05000675567619159, 0.05000675567619159] 
PROD012_K 2 [0.08336464274502293, 0.8332707145099542, 0.08336464274502293] 
PROD014_DIRECTION J [0.09094975289588436, 0.9090502471041156] 
PROD014_I 51 [0.06251319880932388, 0.06251319880932388, 0.06251319880932388, 0.06251319880932388, 0.06251319880932388, 0.6249208071440567, 0.06251319880932388] 
PROD014_J 40 [0.0526394588884938, 0.0526394588884938, 0.0526394588884938, 0.0526394588884938, 0.0526394588884938, 0.0526394588884938, 0.5262448700035557, 0.0526394588884938, 0.0526394588884938, 0.0526394588884938] 
PROD014_K 2 [0.08336464274502293, 0.8332707145099542, 0.08336464274502293] 
PROD021_DIRECTION I [0.9090502471041156, 0.09094975289588436] 
PROD021_I 32 [0.04762488314516837, 0.04762488314516837, 0.04762488314516837, 0.04762488314516837, 0.04762488314516837, 0.04762488314516837, 0.04762488314516837, 0.04762488314516837, 0.04762488314516837, 0.04762488314516837, 0.04762488314516837, 0.47612628540314794] 
PROD021_J 36 [0.6249208071440565, 0.06251319880932385, 0.06251319880932385, 0.06251319880932385, 0.06251319880932385, 0.06251319880932385, 0.06251319880932385] 
PROD021_K 2 [0.08336464274502293, 0.8332707145099542, 0.08336464274502293] 
PROD023A_DIRECTION J [0.09094980755181865, 0.9090501924481813] 
PROD023A_I 57 [0.07144827906363538, 0.7142068837454585, 0.07144827906363538, 0.07144827906363538, 0.07144827906363538] 
PROD023A_J 18 [0.06668268716306788, 0.06668268716306788, 0.06668268716306788, 0.06668268716306788, 0.06668268716306788, 0.6665865641846606] 
PROD023A_K 1 [0.8332707114186078, 0.08336464696115502, 0.08336464162023735] 
PROD024A_I 56 [0.6249208071440565, 0.06251319880932385, 0.06251319880932385, 0.06251319880932385, 0.06251319880932385, 0.06251319880932385, 0.06251319880932385] 
PROD024A_J 33 [0.769156911290274, 0.07694769623657541, 0.07694769623657541, 0.07694769623657541] 
PROD024A_K 3 [0.08336464274502293, 0.08336464274502293, 0.8332707145099542] 
PROD025A_DIRECTION J [0.09094975289588436, 0.9090502471041156] 
PROD025A_I 54 [0.6665865641846607, 0.0666826871630679, 0.0666826871630679, 0.0666826871630679, 0.0666826871630679, 0.0666826871630679] 
PROD025A_J 21 [0.7142068837453776, 0.07144827906357792, 0.07144827906388868, 0.07144827906357792, 0.07144827906357792] 
PROD025A_K 1 [0.8332707145099542, 0.08336464274502293, 0.08336464274502293] 
PROD026_DIRECTION J [0.09094975289588436, 0.9090502471041156] 
PROD026_I 47 [0.07144827906363538, 0.07144827906363538, 0.7142068837454585, 0.07144827906363538, 0.07144827906363538] 
PROD026_J 6 [0.06251319880932386, 0.06251319880932386, 0.6249208071440566, 0.06251319880932386, 0.06251319880932386, 0.06251319880932386, 0.06251319880932386] 
PROD026_K 2 [0.08336464274502293, 0.8332707145099542, 0.08336464274502293] 
INJ006_I 49 [0.6665865641846607, 0.0666826871630679, 0.0666826871630679, 0.0666826871630679, 0.0666826871630679, 0.0666826871630679] 
INJ006_J 24 [0.05883453221680933, 0.05883453221680933, 0.05883453221680933, 0.5881582744823345, 0.05883453221680933, 0.05883453221680933, 0.05883453221680933, 0.05883453221680933] 
INJ006_K 15 [0.0769476962365754, 0.0769476962365754, 0.0769476962365754, 0.7691569112902739] 
INJ010_DIRECTION J [0.09094975289590143, 0.9090502471040987] 
INJ010_I 68 [0.0714482790663249, 0.7142068837445991, 0.07144827906302535, 0.07144827906302535, 0.07144827906302535] 
INJ010_J 38 [0.07144827906363538, 0.07144827906363538, 0.07144827906363538, 0.07144827906363538, 0.7142068837454585] 
INJ010_K 6 [0.769156911290274, 0.07694769623657541, 0.07694769623657541, 0.07694769623657541] 
INJ017_DIRECTION I [0.9090502471041156, 0.09094975289588436] 
INJ017_I 38 [0.06668268716306788, 0.06668268716306788, 0.06668268716306788, 0.06668268716306788, 0.06668268716306788, 0.6665865641846606] 
INJ017_J 26 [0.06251319880932388, 0.06251319880932388, 0.06251319880932388, 0.06251319880932388, 0.06251319880932388, 0.06251319880932388, 0.6249208071440568] 
INJ017_K 15 [0.07144827906363538, 0.07144827906363538, 0.07144827906363538, 0.7142068837454585, 0.07144827906363538] 
INJ019_DIRECTION J [0.09094975289588436, 0.9090502471041156] 
INJ019_I 26 [0.0666826871630679, 0.6665865641846607, 0.0666826871630679, 0.0666826871630679, 0.0666826871630679, 0.0666826871630679] 
INJ019_J 49 [0.0769476962365754, 0.0769476962365754, 0.0769476962365754, 0.7691569112902739] 
INJ019_K 6 [0.769156911290274, 0.07694769623657541, 0.07694769623657541, 0.07694769623657541] 
INJ021_DIRECTION J [0.09094975289588446, 0.9090502471041155] 
INJ021_I 21 [0.5554814098051896, 0.05556482377435133, 0.05556482377435133, 0.05556482377435133, 0.05556482377435133, 0.05556482377435133, 0.05556482377435133, 0.05556482377435133, 0.05556482377435133] 
INJ021_J 33 [0.06668268716306788, 0.06668268716306788, 0.06668268716306788, 0.06668268716306788, 0.06668268716306788, 0.6665865641846606] 
INJ021_K 12 [0.0769476962365754, 0.0769476962365754, 0.7691569112902739, 0.0769476962365754] 
INJ022_DIRECTION J [0.1057984575428745, 0.8942015424571256] 
INJ022_I 73 [0.07144827906363538, 0.07144827906363538, 0.07144827906363538, 0.07144827906363538, 0.7142068837454585] 
INJ022_J 26 [0.0769476962365754, 0.0769476962365754, 0.0769476962365754, 0.7691569112902739] 
INJ022_K 6 [0.7142068837454585, 0.07144827906363538, 0.07144827906363538, 0.07144827906363538, 0.07144827906363538] 
INJ023_DIRECTION I [0.9090502471041156, 0.09094975289588436] 
INJ023_I 37 [0.6665865641846607, 0.0666826871630679, 0.0666826871630679, 0.0666826871630679, 0.0666826871630679, 0.0666826871630679] 
INJ023_J 19 [0.06668268716306788, 0.06668268716306788, 0.06668268716306788, 0.06668268716306788, 0.06668268716306788, 0.6665865641846606] 
INJ023_K 15 [0.09094975289588436, 0.9090502471041156] 
NA1A_CONSIDER 1 [0.09094975289588436, 0.9090502471041156] 

