Elite 1 OF_MAX_VPL 2996437665.41
NA2_CONSIDER 0 [0.9981791123438059, 0.0018208876561941086] 
NA3D_CONSIDER 0 [0.9981791123438059, 0.0018208876561941086] 
PltPRDSTL_PltPRDSTO 23250 [0.9905215891178601, 0.0010531567646822, 0.0010531567646822, 0.0010531567646822, 0.0010531567646822, 0.0010531567646822, 0.0010531567646822, 0.0010531567646822, 0.0010531567646822, 0.0010531567646822] 
PltPRDSTW 11857.5 [0.9933279975008125, 0.0013344004998375, 0.0013344004998375, 0.0013344004998375, 0.0013344004998375, 0.0013344004998375] 
PltINJSTW 32550 [0.989519530523705, 0.0009527699701643724, 0.0009527699506130677, 0.0009527699506130677, 0.0009527699506130677, 0.0009527699506130677, 0.0009527699506130677, 0.0009527699506130677, 0.0009527699506130677, 0.0009527699506130677, 0.0009527699506130677, 0.0009527699506130677] 
PROD005_DIRECTION I [0.9981791123438059, 0.0018208876561941086] 
PROD005_I 29 [0.0015401008096305002, 0.0015401008096305002, 0.0015401008096305002, 0.9953796975711084] 
PROD005_J 23 [0.0011772037373358182, 0.0011772037373358182, 0.0011772037373358182, 0.0011772037373358182, 0.0011772037373358182, 0.0011772037373358182, 0.0011772037373358182, 0.9917595738386493] 
PROD005_K 1 [0.9966624983385908, 0.0016687508307046016, 0.0016687508307045905] 
PROD006_I 51 [0.9953796975711084, 0.0015401008096305002, 0.0015401008096305002, 0.0015401008096305002] 
PROD006_J 3 [0.0018208876561941086, 0.9981791123438059] 
PROD007_I 61 [0.0014298839537272641, 0.001429883953727852, 0.9942804641850903, 0.0014298839537272641, 0.0014298839537272641] 
PROD007_J 11 [0.0016687508307045944, 0.9966624983385908, 0.0016687508307045944] 
PROD009_DIRECTION I [0.9981791123438059, 0.0018208876561941086] 
PROD009_I 5 [0.9942804641850904, 0.0014298839537273838, 0.0014298839537273838, 0.0014298839537273838, 0.0014298839537273838] 
PROD009_J 41 [0.001250879350676308, 0.001250879350676308, 0.001250879350676308, 0.9924947238959422, 0.001250879350676308, 0.001250879350676308, 0.001250879350676308] 
PROD009_K 1 [0.9966624983385908, 0.0016687508307045944, 0.0016687508307045944] 
PROD010_DIRECTION J [0.0018208876561941086, 0.9981791123438059] 
PROD010_I 29 [0.9917595738386493, 0.0011772037373358182, 0.0011772037373358182, 0.0011772037373358182, 0.0011772037373358182, 0.0011772037373358182, 0.0011772037373358182, 0.0011772037373358182] 
PROD010_J 31 [0.001250879350676308, 0.9924947238959422, 0.001250879350676308, 0.001250879350676308, 0.001250879350676308, 0.001250879350676308, 0.001250879350676308] 
PROD010_K 1 [0.9966624983385908, 0.0016687508307045944, 0.0016687508307045944] 
PROD012_DIRECTION J [0.0018208876561941086, 0.9981791123438059] 
PROD012_I 41 [0.0011117287560797565, 0.0011117287560797565, 0.0011117287560797565, 0.0011117287560797565, 0.9911061699513619, 0.0011117287560797565, 0.0011117287560797565, 0.0011117287560797565, 0.0011117287560797565] 
PROD012_J 33 [0.001000450298749222, 0.001000450298749222, 0.001000450298749222, 0.9899954970125078, 0.001000450298749222, 0.001000450298749222, 0.001000450298749222, 0.001000450298749222, 0.001000450298749222, 0.001000450298749222, 0.001000450298749222] 
PROD012_K 2 [0.0016687508307045944, 0.9966624983385908, 0.0016687508307045944] 
PROD014_DIRECTION I [0.9981791123438059, 0.0018208876561941086] 
PROD014_I 52 [0.001250879350676308, 0.001250879350676308, 0.001250879350676308, 0.001250879350676308, 0.001250879350676308, 0.001250879350676308, 0.9924947238959422] 
PROD014_J 39 [0.0010531567646822003, 0.0010531567646822003, 0.0010531567646822003, 0.0010531567646822003, 0.0010531567646822003, 0.9905215891178601, 0.0010531567646822003, 0.0010531567646822003, 0.0010531567646822003, 0.0010531567646822003] 
PROD014_K 2 [0.0016687508307045944, 0.9966624983385908, 0.0016687508307045944] 
PROD021_DIRECTION I [0.9981791123438059, 0.0018208876561941086] 
PROD021_I 16 [0.0009527699521982944, 0.0009527699521982944, 0.9895195305258188, 0.0009527699521982944, 0.0009527699521982944, 0.0009527699521982944, 0.0009527699521982944, 0.0009527699521982944, 0.0009527699521982944, 0.0009527699521982944, 0.0009527699521982944, 0.0009527699521982944] 
PROD021_J 42 [0.0012508793505986886, 0.0012508793505986886, 0.0012508793505986886, 0.0012508793505986886, 0.0012508793511483978, 0.9924947238958581, 0.0012508793505986886] 
PROD021_K 3 [0.0016687508307045944, 0.0016687508307045944, 0.9966624983385908] 
PROD023A_DIRECTION J [0.0018208876561941086, 0.9981791123438059] 
PROD023A_I 56 [0.9942804641850904, 0.0014298839537273838, 0.0014298839537273838, 0.0014298839537273838, 0.0014298839537273838] 
PROD023A_J 13 [0.9933279975008125, 0.0013344004998375, 0.0013344004998375, 0.0013344004998375, 0.0013344004998375, 0.0013344004998375] 
PROD023A_K 2 [0.001668750830704596, 0.9966624983385908, 0.0016687508307045935] 
PROD024A_I 56 [0.9924947238959422, 0.001250879350676308, 0.001250879350676308, 0.001250879350676308, 0.001250879350676308, 0.001250879350676308, 0.001250879350676308] 
PROD024A_J 36 [0.0015401008096305002, 0.0015401008096305002, 0.0015401008096305002, 0.9953796975711084] 
PROD024A_K 2 [0.001668750830892171, 0.9966624983384688, 0.0016687508306391027] 
PROD025A_DIRECTION J [0.0018208876561941086, 0.9981791123438059] 
PROD025A_I 54 [0.9933279975008125, 0.0013344004998375, 0.0013344004998375, 0.0013344004998375, 0.0013344004998375, 0.0013344004998375] 
PROD025A_J 25 [0.0014298838568345413, 0.0014298838568345413, 0.0014298838568345413, 0.0014298844667879967, 0.9942804639627084] 
PROD025A_K 3 [0.0016687508307045944, 0.0016687508307045944, 0.9966624983385908] 
PROD026_DIRECTION J [0.0018208876561941086, 0.9981791123438059] 
PROD026_I 45 [0.9942804641850904, 0.0014298839537273838, 0.0014298839537273838, 0.0014298839537273838, 0.0014298839537273838] 
PROD026_J 6 [0.001250879350676308, 0.001250879350676308, 0.9924947238959422, 0.001250879350676308, 0.001250879350676308, 0.001250879350676308, 0.001250879350676308] 
PROD026_K 2 [0.0016687508307045944, 0.9966624983385908, 0.0016687508307045944] 
INJ006_I 51 [0.0013344004998375, 0.0013344004998375, 0.9933279975008125, 0.0013344004998375, 0.0013344004998375, 0.0013344004998375] 
INJ006_J 25 [0.0011772037373358182, 0.0011772037373358182, 0.0011772037373358182, 0.0011772037373358182, 0.9917595738386493, 0.0011772037373358182, 0.0011772037373358182, 0.0011772037373358182] 
INJ006_K 13 [0.0015401008096305002, 0.0015401008096305002, 0.9953796975711084, 0.0015401008096305002] 
INJ010_DIRECTION J [0.0018208876561941086, 0.9981791123438059] 
INJ010_I 72 [0.0014298839537273838, 0.0014298839537273838, 0.0014298839537273838, 0.0014298839537273838, 0.9942804641850904] 
INJ010_J 32 [0.0014298839537273838, 0.9942804641850904, 0.0014298839537273838, 0.0014298839537273838, 0.0014298839537273838] 
INJ010_K 6 [0.9953796975711084, 0.0015401008096305002, 0.0015401008096305002, 0.0015401008096305002] 
INJ017_DIRECTION J [0.0018208876561941086, 0.9981791123438059] 
INJ017_I 32 [0.0013344004998375, 0.0013344004998375, 0.9933279975008125, 0.0013344004998375, 0.0013344004998375, 0.0013344004998375] 
INJ017_J 26 [0.001250879350676308, 0.001250879350676308, 0.001250879350676308, 0.001250879350676308, 0.001250879350676308, 0.001250879350676308, 0.9924947238959422] 
INJ017_K 15 [0.0014298839537273838, 0.0014298839537273838, 0.0014298839537273838, 0.9942804641850904, 0.0014298839537273838] 
INJ019_DIRECTION J [0.0018208876561941086, 0.9981791123438059] 
INJ019_I 34 [0.0013344004998375, 0.0013344004998375, 0.0013344004998375, 0.0013344004998375, 0.0013344004998375, 0.9933279975008125] 
INJ019_J 43 [0.9953796975711084, 0.0015401008096305002, 0.0015401008096305002, 0.0015401008096305002] 
INJ019_K 15 [0.0015401008096305002, 0.0015401008096305002, 0.9953796975711084, 0.0015401008096305002] 
INJ021_DIRECTION I [0.9981791123438059, 0.0018208876561941086] 
INJ021_I 21 [0.9911061699513619, 0.0011117287560797563, 0.0011117287560797563, 0.0011117287560797563, 0.0011117287560797563, 0.0011117287560797563, 0.0011117287560797563, 0.0011117287560797563, 0.0011117287560797563] 
INJ021_J 29 [0.0013344004998375, 0.0013344004998375, 0.0013344004998375, 0.9933279975008125, 0.0013344004998375, 0.0013344004998375] 
INJ021_K 12 [0.0015401008096305002, 0.0015401008096305002, 0.9953796975711084, 0.0015401008096305002] 
INJ022_DIRECTION J [0.0018208876561941086, 0.9981791123438059] 
INJ022_I 69 [0.0014298839537273838, 0.0014298839537273838, 0.9942804641850904, 0.0014298839537273838, 0.0014298839537273838] 
INJ022_J 24 [0.0015401008096305002, 0.0015401008096305002, 0.9953796975711084, 0.0015401008096305002] 
INJ022_K 8 [0.0014452426220450817, 0.9942686478766518, 0.0014287031671010426, 0.0014287031671010426, 0.0014287031671010426] 
INJ023_DIRECTION J [0.0018208876561941086, 0.9981791123438059] 
INJ023_I 45 [0.0013344004998375, 0.0013344004998375, 0.0013344004998375, 0.0013344004998375, 0.0013344004998375, 0.9933279975008125] 
INJ023_J 19 [0.0013344004998375, 0.0013344004998375, 0.0013344004998375, 0.0013344004998375, 0.0013344004998375, 0.9933279975008125] 
INJ023_K 15 [0.0018208876561941086, 0.9981791123438059] 
NA1A_CONSIDER 1 [0.0018208876561941086, 0.9981791123438059] 

Elite 2 OF_MAX_VPL 2996437665.41
NA2_CONSIDER 0 [0.9981791123438059, 0.0018208876561941086] 
NA3D_CONSIDER 0 [0.9981791123438059, 0.0018208876561941086] 
PltPRDSTL_PltPRDSTO 23250 [0.9905215891178601, 0.0010531567646822, 0.0010531567646822, 0.0010531567646822, 0.0010531567646822, 0.0010531567646822, 0.0010531567646822, 0.0010531567646822, 0.0010531567646822, 0.0010531567646822] 
PltPRDSTW 11857.5 [0.9933279975008125, 0.0013344004998375, 0.0013344004998375, 0.0013344004998375, 0.0013344004998375, 0.0013344004998375] 
PltINJSTW 32550 [0.989519530523705, 0.0009527699701643724, 0.0009527699506130677, 0.0009527699506130677, 0.0009527699506130677, 0.0009527699506130677, 0.0009527699506130677, 0.0009527699506130677, 0.0009527699506130677, 0.0009527699506130677, 0.0009527699506130677, 0.0009527699506130677] 
PROD005_DIRECTION I [0.9981791123438059, 0.0018208876561941086] 
PROD005_I 29 [0.0015401008096305002, 0.0015401008096305002, 0.0015401008096305002, 0.9953796975711084] 
PROD005_J 23 [0.0011772037373358182, 0.0011772037373358182, 0.0011772037373358182, 0.0011772037373358182, 0.0011772037373358182, 0.0011772037373358182, 0.0011772037373358182, 0.9917595738386493] 
PROD005_K 1 [0.9966624983385908, 0.0016687508307046016, 0.0016687508307045905] 
PROD006_I 51 [0.9953796975711084, 0.0015401008096305002, 0.0015401008096305002, 0.0015401008096305002] 
PROD006_J 3 [0.0018208876561941086, 0.9981791123438059] 
PROD007_I 61 [0.0014298839537272641, 0.001429883953727852, 0.9942804641850903, 0.0014298839537272641, 0.0014298839537272641] 
PROD007_J 11 [0.0016687508307045944, 0.9966624983385908, 0.0016687508307045944] 
PROD009_DIRECTION I [0.9981791123438059, 0.0018208876561941086] 
PROD009_I 5 [0.9942804641850904, 0.0014298839537273838, 0.0014298839537273838, 0.0014298839537273838, 0.0014298839537273838] 
PROD009_J 41 [0.001250879350676308, 0.001250879350676308, 0.001250879350676308, 0.9924947238959422, 0.001250879350676308, 0.001250879350676308, 0.001250879350676308] 
PROD009_K 1 [0.9966624983385908, 0.0016687508307045944, 0.0016687508307045944] 
PROD010_DIRECTION J [0.0018208876561941086, 0.9981791123438059] 
PROD010_I 29 [0.9917595738386493, 0.0011772037373358182, 0.0011772037373358182, 0.0011772037373358182, 0.0011772037373358182, 0.0011772037373358182, 0.0011772037373358182, 0.0011772037373358182] 
PROD010_J 31 [0.001250879350676308, 0.9924947238959422, 0.001250879350676308, 0.001250879350676308, 0.001250879350676308, 0.001250879350676308, 0.001250879350676308] 
PROD010_K 1 [0.9966624983385908, 0.0016687508307045944, 0.0016687508307045944] 
PROD012_DIRECTION J [0.0018208876561941086, 0.9981791123438059] 
PROD012_I 41 [0.0011117287560797565, 0.0011117287560797565, 0.0011117287560797565, 0.0011117287560797565, 0.9911061699513619, 0.0011117287560797565, 0.0011117287560797565, 0.0011117287560797565, 0.0011117287560797565] 
PROD012_J 33 [0.001000450298749222, 0.001000450298749222, 0.001000450298749222, 0.9899954970125078, 0.001000450298749222, 0.001000450298749222, 0.001000450298749222, 0.001000450298749222, 0.001000450298749222, 0.001000450298749222, 0.001000450298749222] 
PROD012_K 2 [0.0016687508307045944, 0.9966624983385908, 0.0016687508307045944] 
PROD014_DIRECTION I [0.9981791123438059, 0.0018208876561941086] 
PROD014_I 52 [0.001250879350676308, 0.001250879350676308, 0.001250879350676308, 0.001250879350676308, 0.001250879350676308, 0.001250879350676308, 0.9924947238959422] 
PROD014_J 39 [0.0010531567646822003, 0.0010531567646822003, 0.0010531567646822003, 0.0010531567646822003, 0.0010531567646822003, 0.9905215891178601, 0.0010531567646822003, 0.0010531567646822003, 0.0010531567646822003, 0.0010531567646822003] 
PROD014_K 2 [0.0016687508307045944, 0.9966624983385908, 0.0016687508307045944] 
PROD021_DIRECTION I [0.9981791123438059, 0.0018208876561941086] 
PROD021_I 16 [0.0009527699521982944, 0.0009527699521982944, 0.9895195305258188, 0.0009527699521982944, 0.0009527699521982944, 0.0009527699521982944, 0.0009527699521982944, 0.0009527699521982944, 0.0009527699521982944, 0.0009527699521982944, 0.0009527699521982944, 0.0009527699521982944] 
PROD021_J 42 [0.0012508793505986886, 0.0012508793505986886, 0.0012508793505986886, 0.0012508793505986886, 0.0012508793511483978, 0.9924947238958581, 0.0012508793505986886] 
PROD021_K 3 [0.0016687508307045944, 0.0016687508307045944, 0.9966624983385908] 
PROD023A_DIRECTION J [0.0018208876561941086, 0.9981791123438059] 
PROD023A_I 56 [0.9942804641850904, 0.0014298839537273838, 0.0014298839537273838, 0.0014298839537273838, 0.0014298839537273838] 
PROD023A_J 13 [0.9933279975008125, 0.0013344004998375, 0.0013344004998375, 0.0013344004998375, 0.0013344004998375, 0.0013344004998375] 
PROD023A_K 2 [0.001668750830704596, 0.9966624983385908, 0.0016687508307045935] 
PROD024A_I 56 [0.9924947238959422, 0.001250879350676308, 0.001250879350676308, 0.001250879350676308, 0.001250879350676308, 0.001250879350676308, 0.001250879350676308] 
PROD024A_J 36 [0.0015401008096305002, 0.0015401008096305002, 0.0015401008096305002, 0.9953796975711084] 
PROD024A_K 2 [0.001668750830892171, 0.9966624983384688, 0.0016687508306391027] 
PROD025A_DIRECTION J [0.0018208876561941086, 0.9981791123438059] 
PROD025A_I 54 [0.9933279975008125, 0.0013344004998375, 0.0013344004998375, 0.0013344004998375, 0.0013344004998375, 0.0013344004998375] 
PROD025A_J 25 [0.0014298838568345413, 0.0014298838568345413, 0.0014298838568345413, 0.0014298844667879967, 0.9942804639627084] 
PROD025A_K 3 [0.0016687508307045944, 0.0016687508307045944, 0.9966624983385908] 
PROD026_DIRECTION J [0.0018208876561941086, 0.9981791123438059] 
PROD026_I 45 [0.9942804641850904, 0.0014298839537273838, 0.0014298839537273838, 0.0014298839537273838, 0.0014298839537273838] 
PROD026_J 6 [0.001250879350676308, 0.001250879350676308, 0.9924947238959422, 0.001250879350676308, 0.001250879350676308, 0.001250879350676308, 0.001250879350676308] 
PROD026_K 2 [0.0016687508307045944, 0.9966624983385908, 0.0016687508307045944] 
INJ006_I 51 [0.0013344004998375, 0.0013344004998375, 0.9933279975008125, 0.0013344004998375, 0.0013344004998375, 0.0013344004998375] 
INJ006_J 25 [0.0011772037373358182, 0.0011772037373358182, 0.0011772037373358182, 0.0011772037373358182, 0.9917595738386493, 0.0011772037373358182, 0.0011772037373358182, 0.0011772037373358182] 
INJ006_K 13 [0.0015401008096305002, 0.0015401008096305002, 0.9953796975711084, 0.0015401008096305002] 
INJ010_DIRECTION J [0.0018208876561941086, 0.9981791123438059] 
INJ010_I 72 [0.0014298839537273838, 0.0014298839537273838, 0.0014298839537273838, 0.0014298839537273838, 0.9942804641850904] 
INJ010_J 32 [0.0014298839537273838, 0.9942804641850904, 0.0014298839537273838, 0.0014298839537273838, 0.0014298839537273838] 
INJ010_K 6 [0.9953796975711084, 0.0015401008096305002, 0.0015401008096305002, 0.0015401008096305002] 
INJ017_DIRECTION J [0.0018208876561941086, 0.9981791123438059] 
INJ017_I 32 [0.0013344004998375, 0.0013344004998375, 0.9933279975008125, 0.0013344004998375, 0.0013344004998375, 0.0013344004998375] 
INJ017_J 26 [0.001250879350676308, 0.001250879350676308, 0.001250879350676308, 0.001250879350676308, 0.001250879350676308, 0.001250879350676308, 0.9924947238959422] 
INJ017_K 15 [0.0014298839537273838, 0.0014298839537273838, 0.0014298839537273838, 0.9942804641850904, 0.0014298839537273838] 
INJ019_DIRECTION J [0.0018208876561941086, 0.9981791123438059] 
INJ019_I 34 [0.0013344004998375, 0.0013344004998375, 0.0013344004998375, 0.0013344004998375, 0.0013344004998375, 0.9933279975008125] 
INJ019_J 43 [0.9953796975711084, 0.0015401008096305002, 0.0015401008096305002, 0.0015401008096305002] 
INJ019_K 15 [0.0015401008096305002, 0.0015401008096305002, 0.9953796975711084, 0.0015401008096305002] 
INJ021_DIRECTION I [0.9981791123438059, 0.0018208876561941086] 
INJ021_I 21 [0.9911061699513619, 0.0011117287560797563, 0.0011117287560797563, 0.0011117287560797563, 0.0011117287560797563, 0.0011117287560797563, 0.0011117287560797563, 0.0011117287560797563, 0.0011117287560797563] 
INJ021_J 29 [0.0013344004998375, 0.0013344004998375, 0.0013344004998375, 0.9933279975008125, 0.0013344004998375, 0.0013344004998375] 
INJ021_K 12 [0.0015401008096305002, 0.0015401008096305002, 0.9953796975711084, 0.0015401008096305002] 
INJ022_DIRECTION J [0.0018208876561941086, 0.9981791123438059] 
INJ022_I 69 [0.0014298839537273838, 0.0014298839537273838, 0.9942804641850904, 0.0014298839537273838, 0.0014298839537273838] 
INJ022_J 24 [0.0015401008096305002, 0.0015401008096305002, 0.9953796975711084, 0.0015401008096305002] 
INJ022_K 8 [0.0014452426220450817, 0.9942686478766518, 0.0014287031671010426, 0.0014287031671010426, 0.0014287031671010426] 
INJ023_DIRECTION J [0.0018208876561941086, 0.9981791123438059] 
INJ023_I 45 [0.0013344004998375, 0.0013344004998375, 0.0013344004998375, 0.0013344004998375, 0.0013344004998375, 0.9933279975008125] 
INJ023_J 19 [0.0013344004998375, 0.0013344004998375, 0.0013344004998375, 0.0013344004998375, 0.0013344004998375, 0.9933279975008125] 
INJ023_K 15 [0.0018208876561941086, 0.9981791123438059] 
NA1A_CONSIDER 1 [0.0018208876561941086, 0.9981791123438059] 

Elite 3 OF_MAX_VPL 2996437665.41
NA2_CONSIDER 0 [0.9981791123438059, 0.0018208876561941086] 
NA3D_CONSIDER 0 [0.9981791123438059, 0.0018208876561941086] 
PltPRDSTL_PltPRDSTO 23250 [0.9905215891178601, 0.0010531567646822, 0.0010531567646822, 0.0010531567646822, 0.0010531567646822, 0.0010531567646822, 0.0010531567646822, 0.0010531567646822, 0.0010531567646822, 0.0010531567646822] 
PltPRDSTW 11857.5 [0.9933279975008125, 0.0013344004998375, 0.0013344004998375, 0.0013344004998375, 0.0013344004998375, 0.0013344004998375] 
PltINJSTW 32550 [0.989519530523705, 0.0009527699701643724, 0.0009527699506130677, 0.0009527699506130677, 0.0009527699506130677, 0.0009527699506130677, 0.0009527699506130677, 0.0009527699506130677, 0.0009527699506130677, 0.0009527699506130677, 0.0009527699506130677, 0.0009527699506130677] 
PROD005_DIRECTION I [0.9981791123438059, 0.0018208876561941086] 
PROD005_I 29 [0.0015401008096305002, 0.0015401008096305002, 0.0015401008096305002, 0.9953796975711084] 
PROD005_J 23 [0.0011772037373358182, 0.0011772037373358182, 0.0011772037373358182, 0.0011772037373358182, 0.0011772037373358182, 0.0011772037373358182, 0.0011772037373358182, 0.9917595738386493] 
PROD005_K 1 [0.9966624983385908, 0.0016687508307046016, 0.0016687508307045905] 
PROD006_I 51 [0.9953796975711084, 0.0015401008096305002, 0.0015401008096305002, 0.0015401008096305002] 
PROD006_J 3 [0.0018208876561941086, 0.9981791123438059] 
PROD007_I 61 [0.0014298839537272641, 0.001429883953727852, 0.9942804641850903, 0.0014298839537272641, 0.0014298839537272641] 
PROD007_J 11 [0.0016687508307045944, 0.9966624983385908, 0.0016687508307045944] 
PROD009_DIRECTION I [0.9981791123438059, 0.0018208876561941086] 
PROD009_I 5 [0.9942804641850904, 0.0014298839537273838, 0.0014298839537273838, 0.0014298839537273838, 0.0014298839537273838] 
PROD009_J 41 [0.001250879350676308, 0.001250879350676308, 0.001250879350676308, 0.9924947238959422, 0.001250879350676308, 0.001250879350676308, 0.001250879350676308] 
PROD009_K 1 [0.9966624983385908, 0.0016687508307045944, 0.0016687508307045944] 
PROD010_DIRECTION J [0.0018208876561941086, 0.9981791123438059] 
PROD010_I 29 [0.9917595738386493, 0.0011772037373358182, 0.0011772037373358182, 0.0011772037373358182, 0.0011772037373358182, 0.0011772037373358182, 0.0011772037373358182, 0.0011772037373358182] 
PROD010_J 31 [0.001250879350676308, 0.9924947238959422, 0.001250879350676308, 0.001250879350676308, 0.001250879350676308, 0.001250879350676308, 0.001250879350676308] 
PROD010_K 1 [0.9966624983385908, 0.0016687508307045944, 0.0016687508307045944] 
PROD012_DIRECTION J [0.0018208876561941086, 0.9981791123438059] 
PROD012_I 41 [0.0011117287560797565, 0.0011117287560797565, 0.0011117287560797565, 0.0011117287560797565, 0.9911061699513619, 0.0011117287560797565, 0.0011117287560797565, 0.0011117287560797565, 0.0011117287560797565] 
PROD012_J 33 [0.001000450298749222, 0.001000450298749222, 0.001000450298749222, 0.9899954970125078, 0.001000450298749222, 0.001000450298749222, 0.001000450298749222, 0.001000450298749222, 0.001000450298749222, 0.001000450298749222, 0.001000450298749222] 
PROD012_K 2 [0.0016687508307045944, 0.9966624983385908, 0.0016687508307045944] 
PROD014_DIRECTION I [0.9981791123438059, 0.0018208876561941086] 
PROD014_I 52 [0.001250879350676308, 0.001250879350676308, 0.001250879350676308, 0.001250879350676308, 0.001250879350676308, 0.001250879350676308, 0.9924947238959422] 
PROD014_J 39 [0.0010531567646822003, 0.0010531567646822003, 0.0010531567646822003, 0.0010531567646822003, 0.0010531567646822003, 0.9905215891178601, 0.0010531567646822003, 0.0010531567646822003, 0.0010531567646822003, 0.0010531567646822003] 
PROD014_K 2 [0.0016687508307045944, 0.9966624983385908, 0.0016687508307045944] 
PROD021_DIRECTION I [0.9981791123438059, 0.0018208876561941086] 
PROD021_I 16 [0.0009527699521982944, 0.0009527699521982944, 0.9895195305258188, 0.0009527699521982944, 0.0009527699521982944, 0.0009527699521982944, 0.0009527699521982944, 0.0009527699521982944, 0.0009527699521982944, 0.0009527699521982944, 0.0009527699521982944, 0.0009527699521982944] 
PROD021_J 42 [0.0012508793505986886, 0.0012508793505986886, 0.0012508793505986886, 0.0012508793505986886, 0.0012508793511483978, 0.9924947238958581, 0.0012508793505986886] 
PROD021_K 3 [0.0016687508307045944, 0.0016687508307045944, 0.9966624983385908] 
PROD023A_DIRECTION J [0.0018208876561941086, 0.9981791123438059] 
PROD023A_I 56 [0.9942804641850904, 0.0014298839537273838, 0.0014298839537273838, 0.0014298839537273838, 0.0014298839537273838] 
PROD023A_J 13 [0.9933279975008125, 0.0013344004998375, 0.0013344004998375, 0.0013344004998375, 0.0013344004998375, 0.0013344004998375] 
PROD023A_K 2 [0.001668750830704596, 0.9966624983385908, 0.0016687508307045935] 
PROD024A_I 56 [0.9924947238959422, 0.001250879350676308, 0.001250879350676308, 0.001250879350676308, 0.001250879350676308, 0.001250879350676308, 0.001250879350676308] 
PROD024A_J 36 [0.0015401008096305002, 0.0015401008096305002, 0.0015401008096305002, 0.9953796975711084] 
PROD024A_K 2 [0.001668750830892171, 0.9966624983384688, 0.0016687508306391027] 
PROD025A_DIRECTION J [0.0018208876561941086, 0.9981791123438059] 
PROD025A_I 54 [0.9933279975008125, 0.0013344004998375, 0.0013344004998375, 0.0013344004998375, 0.0013344004998375, 0.0013344004998375] 
PROD025A_J 25 [0.0014298838568345413, 0.0014298838568345413, 0.0014298838568345413, 0.0014298844667879967, 0.9942804639627084] 
PROD025A_K 3 [0.0016687508307045944, 0.0016687508307045944, 0.9966624983385908] 
PROD026_DIRECTION J [0.0018208876561941086, 0.9981791123438059] 
PROD026_I 45 [0.9942804641850904, 0.0014298839537273838, 0.0014298839537273838, 0.0014298839537273838, 0.0014298839537273838] 
PROD026_J 6 [0.001250879350676308, 0.001250879350676308, 0.9924947238959422, 0.001250879350676308, 0.001250879350676308, 0.001250879350676308, 0.001250879350676308] 
PROD026_K 2 [0.0016687508307045944, 0.9966624983385908, 0.0016687508307045944] 
INJ006_I 51 [0.0013344004998375, 0.0013344004998375, 0.9933279975008125, 0.0013344004998375, 0.0013344004998375, 0.0013344004998375] 
INJ006_J 25 [0.0011772037373358182, 0.0011772037373358182, 0.0011772037373358182, 0.0011772037373358182, 0.9917595738386493, 0.0011772037373358182, 0.0011772037373358182, 0.0011772037373358182] 
INJ006_K 13 [0.0015401008096305002, 0.0015401008096305002, 0.9953796975711084, 0.0015401008096305002] 
INJ010_DIRECTION J [0.0018208876561941086, 0.9981791123438059] 
INJ010_I 72 [0.0014298839537273838, 0.0014298839537273838, 0.0014298839537273838, 0.0014298839537273838, 0.9942804641850904] 
INJ010_J 32 [0.0014298839537273838, 0.9942804641850904, 0.0014298839537273838, 0.0014298839537273838, 0.0014298839537273838] 
INJ010_K 6 [0.9953796975711084, 0.0015401008096305002, 0.0015401008096305002, 0.0015401008096305002] 
INJ017_DIRECTION J [0.0018208876561941086, 0.9981791123438059] 
INJ017_I 32 [0.0013344004998375, 0.0013344004998375, 0.9933279975008125, 0.0013344004998375, 0.0013344004998375, 0.0013344004998375] 
INJ017_J 26 [0.001250879350676308, 0.001250879350676308, 0.001250879350676308, 0.001250879350676308, 0.001250879350676308, 0.001250879350676308, 0.9924947238959422] 
INJ017_K 15 [0.0014298839537273838, 0.0014298839537273838, 0.0014298839537273838, 0.9942804641850904, 0.0014298839537273838] 
INJ019_DIRECTION J [0.0018208876561941086, 0.9981791123438059] 
INJ019_I 34 [0.0013344004998375, 0.0013344004998375, 0.0013344004998375, 0.0013344004998375, 0.0013344004998375, 0.9933279975008125] 
INJ019_J 43 [0.9953796975711084, 0.0015401008096305002, 0.0015401008096305002, 0.0015401008096305002] 
INJ019_K 15 [0.0015401008096305002, 0.0015401008096305002, 0.9953796975711084, 0.0015401008096305002] 
INJ021_DIRECTION I [0.9981791123438059, 0.0018208876561941086] 
INJ021_I 21 [0.9911061699513619, 0.0011117287560797563, 0.0011117287560797563, 0.0011117287560797563, 0.0011117287560797563, 0.0011117287560797563, 0.0011117287560797563, 0.0011117287560797563, 0.0011117287560797563] 
INJ021_J 29 [0.0013344004998375, 0.0013344004998375, 0.0013344004998375, 0.9933279975008125, 0.0013344004998375, 0.0013344004998375] 
INJ021_K 12 [0.0015401008096305002, 0.0015401008096305002, 0.9953796975711084, 0.0015401008096305002] 
INJ022_DIRECTION J [0.0018208876561941086, 0.9981791123438059] 
INJ022_I 69 [0.0014298839537273838, 0.0014298839537273838, 0.9942804641850904, 0.0014298839537273838, 0.0014298839537273838] 
INJ022_J 24 [0.0015401008096305002, 0.0015401008096305002, 0.9953796975711084, 0.0015401008096305002] 
INJ022_K 8 [0.9942804641850904, 0.0014298839537273838, 0.0014298839537273838, 0.0014298839537273838, 0.0014298839537273838] 
INJ023_DIRECTION J [0.0018208876561941086, 0.9981791123438059] 
INJ023_I 45 [0.0013344004998375, 0.0013344004998375, 0.0013344004998375, 0.0013344004998375, 0.0013344004998375, 0.9933279975008125] 
INJ023_J 19 [0.0013344004998375, 0.0013344004998375, 0.0013344004998375, 0.0013344004998375, 0.0013344004998375, 0.9933279975008125] 
INJ023_K 15 [0.0018208876561941086, 0.9981791123438059] 
NA1A_CONSIDER 1 [0.0018208876561941086, 0.9981791123438059] 

Elite 4 OF_MAX_VPL 2996437665.41
NA2_CONSIDER 0 [0.9981791123438059, 0.0018208876561941086] 
NA3D_CONSIDER 0 [0.9981791123438059, 0.0018208876561941086] 
PltPRDSTL_PltPRDSTO 23250 [0.9905215891178601, 0.0010531567646822, 0.0010531567646822, 0.0010531567646822, 0.0010531567646822, 0.0010531567646822, 0.0010531567646822, 0.0010531567646822, 0.0010531567646822, 0.0010531567646822] 
PltPRDSTW 11857.5 [0.9933279975008125, 0.0013344004998375, 0.0013344004998375, 0.0013344004998375, 0.0013344004998375, 0.0013344004998375] 
PltINJSTW 31465 [0.989519530523705, 0.0009527699701643724, 0.0009527699506130677, 0.0009527699506130677, 0.0009527699506130677, 0.0009527699506130677, 0.0009527699506130677, 0.0009527699506130677, 0.0009527699506130677, 0.0009527699506130677, 0.0009527699506130677, 0.0009527699506130677] 
PROD005_DIRECTION I [0.9981791123438059, 0.0018208876561941086] 
PROD005_I 29 [0.0015401008096305002, 0.0015401008096305002, 0.0015401008096305002, 0.9953796975711084] 
PROD005_J 23 [0.0011772037373358182, 0.0011772037373358182, 0.0011772037373358182, 0.0011772037373358182, 0.0011772037373358182, 0.0011772037373358182, 0.0011772037373358182, 0.9917595738386493] 
PROD005_K 1 [0.9966624983385908, 0.0016687508307046016, 0.0016687508307045905] 
PROD006_I 51 [0.9953796975711084, 0.0015401008096305002, 0.0015401008096305002, 0.0015401008096305002] 
PROD006_J 3 [0.0018208876561941086, 0.9981791123438059] 
PROD007_I 61 [0.0014298839537272641, 0.001429883953727852, 0.9942804641850903, 0.0014298839537272641, 0.0014298839537272641] 
PROD007_J 11 [0.0016687508307045944, 0.9966624983385908, 0.0016687508307045944] 
PROD009_DIRECTION I [0.9981791123438059, 0.0018208876561941086] 
PROD009_I 5 [0.9942804641850904, 0.0014298839537273838, 0.0014298839537273838, 0.0014298839537273838, 0.0014298839537273838] 
PROD009_J 41 [0.001250879350676308, 0.001250879350676308, 0.001250879350676308, 0.9924947238959422, 0.001250879350676308, 0.001250879350676308, 0.001250879350676308] 
PROD009_K 1 [0.9966624983385908, 0.0016687508307045944, 0.0016687508307045944] 
PROD010_DIRECTION J [0.0018208876561941086, 0.9981791123438059] 
PROD010_I 29 [0.9917595738386493, 0.0011772037373358182, 0.0011772037373358182, 0.0011772037373358182, 0.0011772037373358182, 0.0011772037373358182, 0.0011772037373358182, 0.0011772037373358182] 
PROD010_J 31 [0.001250879350676308, 0.9924947238959422, 0.001250879350676308, 0.001250879350676308, 0.001250879350676308, 0.001250879350676308, 0.001250879350676308] 
PROD010_K 1 [0.9966624983385908, 0.0016687508307045944, 0.0016687508307045944] 
PROD012_DIRECTION J [0.0018208876561941086, 0.9981791123438059] 
PROD012_I 41 [0.0011117287560797565, 0.0011117287560797565, 0.0011117287560797565, 0.0011117287560797565, 0.9911061699513619, 0.0011117287560797565, 0.0011117287560797565, 0.0011117287560797565, 0.0011117287560797565] 
PROD012_J 33 [0.001000450298749222, 0.001000450298749222, 0.001000450298749222, 0.9899954970125078, 0.001000450298749222, 0.001000450298749222, 0.001000450298749222, 0.001000450298749222, 0.001000450298749222, 0.001000450298749222, 0.001000450298749222] 
PROD012_K 2 [0.0016687508307045944, 0.9966624983385908, 0.0016687508307045944] 
PROD014_DIRECTION I [0.9981791123438059, 0.0018208876561941086] 
PROD014_I 52 [0.001250879350676308, 0.001250879350676308, 0.001250879350676308, 0.001250879350676308, 0.001250879350676308, 0.001250879350676308, 0.9924947238959422] 
PROD014_J 39 [0.0010531567646822003, 0.0010531567646822003, 0.0010531567646822003, 0.0010531567646822003, 0.0010531567646822003, 0.9905215891178601, 0.0010531567646822003, 0.0010531567646822003, 0.0010531567646822003, 0.0010531567646822003] 
PROD014_K 2 [0.0016687508307045944, 0.9966624983385908, 0.0016687508307045944] 
PROD021_DIRECTION I [0.9981791123438059, 0.0018208876561941086] 
PROD021_I 16 [0.0009527699521982944, 0.0009527699521982944, 0.9895195305258188, 0.0009527699521982944, 0.0009527699521982944, 0.0009527699521982944, 0.0009527699521982944, 0.0009527699521982944, 0.0009527699521982944, 0.0009527699521982944, 0.0009527699521982944, 0.0009527699521982944] 
PROD021_J 42 [0.0012508793505986886, 0.0012508793505986886, 0.0012508793505986886, 0.0012508793505986886, 0.0012508793511483978, 0.9924947238958581, 0.0012508793505986886] 
PROD021_K 3 [0.0016687508307045944, 0.0016687508307045944, 0.9966624983385908] 
PROD023A_DIRECTION J [0.0018208876561941086, 0.9981791123438059] 
PROD023A_I 56 [0.9942804641850904, 0.0014298839537273838, 0.0014298839537273838, 0.0014298839537273838, 0.0014298839537273838] 
PROD023A_J 13 [0.9933279975008125, 0.0013344004998375, 0.0013344004998375, 0.0013344004998375, 0.0013344004998375, 0.0013344004998375] 
PROD023A_K 2 [0.001668750830704596, 0.9966624983385908, 0.0016687508307045935] 
PROD024A_I 56 [0.9924947238959422, 0.001250879350676308, 0.001250879350676308, 0.001250879350676308, 0.001250879350676308, 0.001250879350676308, 0.001250879350676308] 
PROD024A_J 36 [0.0015401008096305002, 0.0015401008096305002, 0.0015401008096305002, 0.9953796975711084] 
PROD024A_K 2 [0.001668750830892171, 0.9966624983384688, 0.0016687508306391027] 
PROD025A_DIRECTION J [0.0018208876561941086, 0.9981791123438059] 
PROD025A_I 54 [0.9933279975008125, 0.0013344004998375, 0.0013344004998375, 0.0013344004998375, 0.0013344004998375, 0.0013344004998375] 
PROD025A_J 25 [0.0014298838568345413, 0.0014298838568345413, 0.0014298838568345413, 0.0014298844667879967, 0.9942804639627084] 
PROD025A_K 3 [0.0016687508307045944, 0.0016687508307045944, 0.9966624983385908] 
PROD026_DIRECTION J [0.0018208876561941086, 0.9981791123438059] 
PROD026_I 45 [0.9942804641850904, 0.0014298839537273838, 0.0014298839537273838, 0.0014298839537273838, 0.0014298839537273838] 
PROD026_J 6 [0.001250879350676308, 0.001250879350676308, 0.9924947238959422, 0.001250879350676308, 0.001250879350676308, 0.001250879350676308, 0.001250879350676308] 
PROD026_K 2 [0.0016687508307045944, 0.9966624983385908, 0.0016687508307045944] 
INJ006_I 51 [0.0013344004998375, 0.0013344004998375, 0.9933279975008125, 0.0013344004998375, 0.0013344004998375, 0.0013344004998375] 
INJ006_J 25 [0.0011772037373358182, 0.0011772037373358182, 0.0011772037373358182, 0.0011772037373358182, 0.9917595738386493, 0.0011772037373358182, 0.0011772037373358182, 0.0011772037373358182] 
INJ006_K 13 [0.0015401008096305002, 0.0015401008096305002, 0.9953796975711084, 0.0015401008096305002] 
INJ010_DIRECTION J [0.0018208876561941086, 0.9981791123438059] 
INJ010_I 72 [0.0014298839537273838, 0.0014298839537273838, 0.0014298839537273838, 0.0014298839537273838, 0.9942804641850904] 
INJ010_J 32 [0.0014298839537273838, 0.9942804641850904, 0.0014298839537273838, 0.0014298839537273838, 0.0014298839537273838] 
INJ010_K 6 [0.9953796975711084, 0.0015401008096305002, 0.0015401008096305002, 0.0015401008096305002] 
INJ017_DIRECTION J [0.0018208876561941086, 0.9981791123438059] 
INJ017_I 32 [0.0013344004998375, 0.0013344004998375, 0.9933279975008125, 0.0013344004998375, 0.0013344004998375, 0.0013344004998375] 
INJ017_J 26 [0.001250879350676308, 0.001250879350676308, 0.001250879350676308, 0.001250879350676308, 0.001250879350676308, 0.001250879350676308, 0.9924947238959422] 
INJ017_K 15 [0.0014298839537273838, 0.0014298839537273838, 0.0014298839537273838, 0.9942804641850904, 0.0014298839537273838] 
INJ019_DIRECTION J [0.0018208876561941086, 0.9981791123438059] 
INJ019_I 34 [0.0013344004998375, 0.0013344004998375, 0.0013344004998375, 0.0013344004998375, 0.0013344004998375, 0.9933279975008125] 
INJ019_J 43 [0.9953796975711084, 0.0015401008096305002, 0.0015401008096305002, 0.0015401008096305002] 
INJ019_K 15 [0.0015401008096305002, 0.0015401008096305002, 0.9953796975711084, 0.0015401008096305002] 
INJ021_DIRECTION I [0.9981791123438059, 0.0018208876561941086] 
INJ021_I 21 [0.9911061699513619, 0.0011117287560797563, 0.0011117287560797563, 0.0011117287560797563, 0.0011117287560797563, 0.0011117287560797563, 0.0011117287560797563, 0.0011117287560797563, 0.0011117287560797563] 
INJ021_J 29 [0.0013344004998375, 0.0013344004998375, 0.0013344004998375, 0.9933279975008125, 0.0013344004998375, 0.0013344004998375] 
INJ021_K 12 [0.0015401008096305002, 0.0015401008096305002, 0.9953796975711084, 0.0015401008096305002] 
INJ022_DIRECTION J [0.0018208876561941086, 0.9981791123438059] 
INJ022_I 69 [0.0014298839537273838, 0.0014298839537273838, 0.9942804641850904, 0.0014298839537273838, 0.0014298839537273838] 
INJ022_J 24 [0.0015401008096305002, 0.0015401008096305002, 0.9953796975711084, 0.0015401008096305002] 
INJ022_K 8 [0.0014452426220450817, 0.9942686478766518, 0.0014287031671010426, 0.0014287031671010426, 0.0014287031671010426] 
INJ023_DIRECTION J [0.0018208876561941086, 0.9981791123438059] 
INJ023_I 45 [0.0013344004998375, 0.0013344004998375, 0.0013344004998375, 0.0013344004998375, 0.0013344004998375, 0.9933279975008125] 
INJ023_J 19 [0.0013344004998375, 0.0013344004998375, 0.0013344004998375, 0.0013344004998375, 0.0013344004998375, 0.9933279975008125] 
INJ023_K 15 [0.0018208876561941086, 0.9981791123438059] 
NA1A_CONSIDER 1 [0.0018208876561941086, 0.9981791123438059] 

Elite 5 OF_MAX_VPL 2996180654.48
NA2_CONSIDER 0 [0.9981791123438059, 0.0018208876561941086] 
NA3D_CONSIDER 0 [0.9981791123438059, 0.0018208876561941086] 
PltPRDSTL_PltPRDSTO 23250 [0.9905215891178601, 0.0010531567646822, 0.0010531567646822, 0.0010531567646822, 0.0010531567646822, 0.0010531567646822, 0.0010531567646822, 0.0010531567646822, 0.0010531567646822, 0.0010531567646822] 
PltPRDSTW 11857.5 [0.9933279975008125, 0.0013344004998375, 0.0013344004998375, 0.0013344004998375, 0.0013344004998375, 0.0013344004998375] 
PltINJSTW 32550 [0.989519530523705, 0.0009527699701643724, 0.0009527699506130677, 0.0009527699506130677, 0.0009527699506130677, 0.0009527699506130677, 0.0009527699506130677, 0.0009527699506130677, 0.0009527699506130677, 0.0009527699506130677, 0.0009527699506130677, 0.0009527699506130677] 
PROD005_DIRECTION I [0.9981791123438059, 0.0018208876561941086] 
PROD005_I 29 [0.0015401008096305002, 0.0015401008096305002, 0.0015401008096305002, 0.9953796975711084] 
PROD005_J 23 [0.0011772037373358182, 0.0011772037373358182, 0.0011772037373358182, 0.0011772037373358182, 0.0011772037373358182, 0.0011772037373358182, 0.0011772037373358182, 0.9917595738386493] 
PROD005_K 1 [0.9966624983385908, 0.0016687508307046016, 0.0016687508307045905] 
PROD006_I 51 [0.9953796975711084, 0.0015401008096305002, 0.0015401008096305002, 0.0015401008096305002] 
PROD006_J 3 [0.0018208876561941086, 0.9981791123438059] 
PROD007_I 61 [0.0014298839537272641, 0.001429883953727852, 0.9942804641850903, 0.0014298839537272641, 0.0014298839537272641] 
PROD007_J 11 [0.0016687508307045944, 0.9966624983385908, 0.0016687508307045944] 
PROD009_DIRECTION I [0.9981791123438059, 0.0018208876561941086] 
PROD009_I 5 [0.9942804641850904, 0.0014298839537273838, 0.0014298839537273838, 0.0014298839537273838, 0.0014298839537273838] 
PROD009_J 41 [0.001250879350676308, 0.001250879350676308, 0.001250879350676308, 0.9924947238959422, 0.001250879350676308, 0.001250879350676308, 0.001250879350676308] 
PROD009_K 1 [0.9966624983385908, 0.0016687508307045944, 0.0016687508307045944] 
PROD010_DIRECTION J [0.0018208876561941086, 0.9981791123438059] 
PROD010_I 29 [0.9917595738386493, 0.0011772037373358182, 0.0011772037373358182, 0.0011772037373358182, 0.0011772037373358182, 0.0011772037373358182, 0.0011772037373358182, 0.0011772037373358182] 
PROD010_J 31 [0.001250879350676308, 0.9924947238959422, 0.001250879350676308, 0.001250879350676308, 0.001250879350676308, 0.001250879350676308, 0.001250879350676308] 
PROD010_K 1 [0.9966624983385908, 0.0016687508307045944, 0.0016687508307045944] 
PROD012_DIRECTION J [0.0018208876561941086, 0.9981791123438059] 
PROD012_I 41 [0.0011117287560797565, 0.0011117287560797565, 0.0011117287560797565, 0.0011117287560797565, 0.9911061699513619, 0.0011117287560797565, 0.0011117287560797565, 0.0011117287560797565, 0.0011117287560797565] 
PROD012_J 33 [0.001000450298749222, 0.001000450298749222, 0.001000450298749222, 0.9899954970125078, 0.001000450298749222, 0.001000450298749222, 0.001000450298749222, 0.001000450298749222, 0.001000450298749222, 0.001000450298749222, 0.001000450298749222] 
PROD012_K 2 [0.0016687508307045944, 0.9966624983385908, 0.0016687508307045944] 
PROD014_DIRECTION I [0.9981791123438059, 0.0018208876561941086] 
PROD014_I 52 [0.001250879350676308, 0.001250879350676308, 0.001250879350676308, 0.001250879350676308, 0.001250879350676308, 0.001250879350676308, 0.9924947238959422] 
PROD014_J 39 [0.0010531567646822003, 0.0010531567646822003, 0.0010531567646822003, 0.0010531567646822003, 0.0010531567646822003, 0.9905215891178601, 0.0010531567646822003, 0.0010531567646822003, 0.0010531567646822003, 0.0010531567646822003] 
PROD014_K 1 [0.0016687508307045944, 0.9966624983385908, 0.0016687508307045944] 
PROD021_DIRECTION I [0.9981791123438059, 0.0018208876561941086] 
PROD021_I 16 [0.0009527699521982944, 0.0009527699521982944, 0.9895195305258188, 0.0009527699521982944, 0.0009527699521982944, 0.0009527699521982944, 0.0009527699521982944, 0.0009527699521982944, 0.0009527699521982944, 0.0009527699521982944, 0.0009527699521982944, 0.0009527699521982944] 
PROD021_J 42 [0.0012508793505986886, 0.0012508793505986886, 0.0012508793505986886, 0.0012508793505986886, 0.0012508793511483978, 0.9924947238958581, 0.0012508793505986886] 
PROD021_K 3 [0.0016687508307045944, 0.0016687508307045944, 0.9966624983385908] 
PROD023A_DIRECTION J [0.0018208876561941086, 0.9981791123438059] 
PROD023A_I 56 [0.9942804641850904, 0.0014298839537273838, 0.0014298839537273838, 0.0014298839537273838, 0.0014298839537273838] 
PROD023A_J 13 [0.9933279975008125, 0.0013344004998375, 0.0013344004998375, 0.0013344004998375, 0.0013344004998375, 0.0013344004998375] 
PROD023A_K 2 [0.001668750830704596, 0.9966624983385908, 0.0016687508307045935] 
PROD024A_I 56 [0.9924947238959422, 0.001250879350676308, 0.001250879350676308, 0.001250879350676308, 0.001250879350676308, 0.001250879350676308, 0.001250879350676308] 
PROD024A_J 36 [0.0015401008096305002, 0.0015401008096305002, 0.0015401008096305002, 0.9953796975711084] 
PROD024A_K 2 [0.001668750830892171, 0.9966624983384688, 0.0016687508306391027] 
PROD025A_DIRECTION J [0.0018208876561941086, 0.9981791123438059] 
PROD025A_I 54 [0.9933279975008125, 0.0013344004998375, 0.0013344004998375, 0.0013344004998375, 0.0013344004998375, 0.0013344004998375] 
PROD025A_J 25 [0.0014298838568345413, 0.0014298838568345413, 0.0014298838568345413, 0.0014298844667879967, 0.9942804639627084] 
PROD025A_K 3 [0.0016687508307045944, 0.0016687508307045944, 0.9966624983385908] 
PROD026_DIRECTION J [0.0018208876561941086, 0.9981791123438059] 
PROD026_I 45 [0.9942804641850904, 0.0014298839537273838, 0.0014298839537273838, 0.0014298839537273838, 0.0014298839537273838] 
PROD026_J 6 [0.001250879350676308, 0.001250879350676308, 0.9924947238959422, 0.001250879350676308, 0.001250879350676308, 0.001250879350676308, 0.001250879350676308] 
PROD026_K 2 [0.0016687508307045944, 0.9966624983385908, 0.0016687508307045944] 
INJ006_I 51 [0.0013344004998375, 0.0013344004998375, 0.9933279975008125, 0.0013344004998375, 0.0013344004998375, 0.0013344004998375] 
INJ006_J 25 [0.0011772037373358182, 0.0011772037373358182, 0.0011772037373358182, 0.0011772037373358182, 0.9917595738386493, 0.0011772037373358182, 0.0011772037373358182, 0.0011772037373358182] 
INJ006_K 13 [0.0015401008096305002, 0.0015401008096305002, 0.9953796975711084, 0.0015401008096305002] 
INJ010_DIRECTION J [0.0018208876561941086, 0.9981791123438059] 
INJ010_I 72 [0.0014298839537273838, 0.0014298839537273838, 0.0014298839537273838, 0.0014298839537273838, 0.9942804641850904] 
INJ010_J 32 [0.0014298839537273838, 0.9942804641850904, 0.0014298839537273838, 0.0014298839537273838, 0.0014298839537273838] 
INJ010_K 6 [0.9953796975711084, 0.0015401008096305002, 0.0015401008096305002, 0.0015401008096305002] 
INJ017_DIRECTION J [0.0018208876561941086, 0.9981791123438059] 
INJ017_I 32 [0.0013344004998375, 0.0013344004998375, 0.9933279975008125, 0.0013344004998375, 0.0013344004998375, 0.0013344004998375] 
INJ017_J 26 [0.001250879350676308, 0.001250879350676308, 0.001250879350676308, 0.001250879350676308, 0.001250879350676308, 0.001250879350676308, 0.9924947238959422] 
INJ017_K 15 [0.0014298839537273838, 0.0014298839537273838, 0.0014298839537273838, 0.9942804641850904, 0.0014298839537273838] 
INJ019_DIRECTION J [0.0018208876561941086, 0.9981791123438059] 
INJ019_I 34 [0.0013344004998375, 0.0013344004998375, 0.0013344004998375, 0.0013344004998375, 0.0013344004998375, 0.9933279975008125] 
INJ019_J 43 [0.9953796975711084, 0.0015401008096305002, 0.0015401008096305002, 0.0015401008096305002] 
INJ019_K 15 [0.0015401008096305002, 0.0015401008096305002, 0.9953796975711084, 0.0015401008096305002] 
INJ021_DIRECTION I [0.9981791123438059, 0.0018208876561941086] 
INJ021_I 21 [0.9911061699513619, 0.0011117287560797563, 0.0011117287560797563, 0.0011117287560797563, 0.0011117287560797563, 0.0011117287560797563, 0.0011117287560797563, 0.0011117287560797563, 0.0011117287560797563] 
INJ021_J 29 [0.0013344004998375, 0.0013344004998375, 0.0013344004998375, 0.9933279975008125, 0.0013344004998375, 0.0013344004998375] 
INJ021_K 12 [0.0015401008096305002, 0.0015401008096305002, 0.9953796975711084, 0.0015401008096305002] 
INJ022_DIRECTION J [0.0018208876561941086, 0.9981791123438059] 
INJ022_I 69 [0.0014298839537273838, 0.0014298839537273838, 0.9942804641850904, 0.0014298839537273838, 0.0014298839537273838] 
INJ022_J 24 [0.0015401008096305002, 0.0015401008096305002, 0.9953796975711084, 0.0015401008096305002] 
INJ022_K 8 [0.0014452426220450817, 0.9942686478766518, 0.0014287031671010426, 0.0014287031671010426, 0.0014287031671010426] 
INJ023_DIRECTION J [0.0018208876561941086, 0.9981791123438059] 
INJ023_I 45 [0.0013344004998375, 0.0013344004998375, 0.0013344004998375, 0.0013344004998375, 0.0013344004998375, 0.9933279975008125] 
INJ023_J 19 [0.0013344004998375, 0.0013344004998375, 0.0013344004998375, 0.0013344004998375, 0.0013344004998375, 0.9933279975008125] 
INJ023_K 15 [0.0018208876561941086, 0.9981791123438059] 
NA1A_CONSIDER 1 [0.0018208876561941086, 0.9981791123438059] 

