Elite 1 OF_MAX_VPL 2958989360.05
NA2_CONSIDER 0 [0.9994904079946565, 0.0005095920053434539] 
NA3D_CONSIDER 1 [0.0005095920053434476, 0.9994904079946565] 
PltPRDSTL_PltPRDSTO 20150 [0.00029483394916583066, 0.00029483394916583066, 0.00029483394916583066, 0.00029483394916583066, 0.9973464944575076, 0.00029483394916583066, 0.00029483394916583066, 0.00029483394916583066, 0.00029483394916583066, 0.00029483394916583066] 
PltPRDSTW 11160 [0.0003735307526759831, 0.9981323462319955, 0.0003735307573005354, 0.0003735307526759831, 0.0003735307526759831, 0.0003735307526759831] 
PltINJSTW 30380 [0.00026562609977681537, 0.00028899661217390225, 0.997054742390058, 0.00026562609977681537, 0.00026562609977681537, 0.00026562609977681537, 0.00026562609977681537, 0.00026562609977681537, 0.00026562609977681537, 0.00026562609977681537, 0.00026562609977681537, 0.00026562609977681537] 
PROD005_DIRECTION I [0.9994904079946565, 0.0005095920053434476] 
PROD005_I 26 [0.9987067814426636, 0.00043107233004982006, 0.0004310723300498337, 0.0004310738972367625] 
PROD005_J 22 [0.00032954735344135173, 0.00032954735344135173, 0.00032954735344135173, 0.00032954735344135173, 0.00032954735344135173, 0.00032954735344135173, 0.9976931685259105, 0.00032954735344135173] 
PROD005_K 2 [0.0004670524972728739, 0.9990658950054543, 0.0004670524972728739] 
PROD006_I 53 [0.00043107261456523487, 0.00043107261456523487, 0.9987067821563043, 0.00043107261456523535] 
PROD006_J 3 [0.0005095920053434476, 0.9994904079946565] 
PROD007_I 60 [0.00040278886488211943, 0.9983971434316168, 0.00040002256783369455, 0.00040002256783369455, 0.00040002256783369455] 
PROD007_J 11 [0.0004670524972728739, 0.9990658950054543, 0.0004670524972728739] 
PROD009_DIRECTION I [0.9994904079946565, 0.0005095920053434476] 
PROD009_I 5 [0.9983990285752755, 0.0004002428561811212, 0.0004002428561811212, 0.0004002428561811212, 0.0004002428561811212] 
PROD009_J 41 [0.0003501626492041704, 0.0003501626492041704, 0.0003501626492041704, 0.9978990241047749, 0.0003501626492041704, 0.0003501626492041704, 0.0003501626492041704] 
PROD009_K 1 [0.9990658950054543, 0.0004670524972728739, 0.0004670524972728739] 
PROD010_DIRECTION I [0.9994904079946565, 0.0005095920053434476] 
PROD010_I 36 [0.0003295473534413517, 0.0003295473534413517, 0.0003295473534413517, 0.0003295473534413517, 0.0003295473534413517, 0.0003295473534413517, 0.0003295473534413517, 0.9976931685259105] 
PROD010_J 36 [0.00035016264920417046, 0.00035016264920417046, 0.00035016264920417046, 0.00035016264920417046, 0.00035016264920417046, 0.00035016264920417046, 0.9978990241047749] 
PROD010_K 2 [0.0004670524972728739, 0.9990658950054543, 0.0004670524972728739] 
PROD012_DIRECTION J [0.0005095920053434476, 0.9994904079946565] 
PROD012_I 38 [0.00031122532531061475, 0.9975101973975151, 0.00031122532531061475, 0.00031122532531061475, 0.00031122532531061475, 0.00031122532531061475, 0.00031122532531061475, 0.00031122532531061475, 0.00031122532531061475] 
PROD012_J 34 [0.00028008325319126904, 0.00028008325319126904, 0.00028008325319126904, 0.00028008325319126904, 0.9971991674680873, 0.00028008325319126904, 0.00028008325319126904, 0.00028008325319126904, 0.00028008325319126904, 0.00028008325319126904, 0.00028008325319126904] 
PROD012_K 3 [0.0004670524972728738, 0.0004670524972728738, 0.9990658950054543] 
PROD014_DIRECTION J [0.0005095920053434476, 0.9994904079946565] 
PROD014_I 46 [0.9978990241047749, 0.0003501626492041704, 0.0003501626492041704, 0.0003501626492041704, 0.0003501626492041704, 0.0003501626492041704, 0.0003501626492041704] 
PROD014_J 43 [0.00029483394916583077, 0.00029483394916583077, 0.00029483394916583077, 0.00029483394916583077, 0.00029483394916583077, 0.00029483394916583077, 0.00029483394916583077, 0.00029483394916583077, 0.00029483394916583077, 0.9973464944575076] 
PROD014_K 2 [0.0004670524972728738, 0.9304670524972729, 0.0690658950054542] 
PROD021_DIRECTION I [0.9994904079946565, 0.0005095920053434476] 
PROD021_I 14 [0.9970658756072621, 0.00026673858115798353, 0.00026673858115798353, 0.00026673858115798353, 0.00026673858115798353, 0.00026673858115798353, 0.00026673858115798353, 0.00026673858115798353, 0.00026673858115798353, 0.00026673858115798353, 0.00026673858115798353, 0.00026673858115798353] 
PROD021_J 44 [0.00035016264920417046, 0.00035016264920417046, 0.00035016264920417046, 0.00035016264920417046, 0.00035016264920417046, 0.00035016264920417046, 0.9978990241047749] 
PROD021_K 3 [0.0004670524972728738, 0.0004670524972728738, 0.9990658950054543] 
PROD023A_DIRECTION J [0.0005095920053434476, 0.9994904079946565] 
PROD023A_I 56 [0.9983990285752755, 0.0004002428561811212, 0.0004002428561811212, 0.0004002428561811212, 0.0004002428561811212] 
PROD023A_J 13 [0.9981323462333556, 0.0003735307533749156, 0.000373530753317393, 0.000373530753317393, 0.000373530753317393, 0.000373530753317393] 
PROD023A_K 3 [0.0004670524972728738, 0.0004670524972728738, 0.9990658950054543] 
PROD024A_I 56 [0.9978990241047749, 0.0003501626492041704, 0.0003501626492041704, 0.0003501626492041704, 0.0003501626492041704, 0.0003501626492041704, 0.0003501626492041704] 
PROD024A_J 34 [0.0004310726145652352, 0.9987067821563043, 0.0004310726145652352, 0.0004310726145652352] 
PROD024A_K 3 [0.0004670524972728738, 0.0004670524972728738, 0.9990658950054543] 
PROD025A_DIRECTION J [0.0005095920053434476, 0.9994904079946565] 
PROD025A_I 55 [0.00037353075332662207, 0.9981323462333669, 0.00037353075332662207, 0.00037353075332662207, 0.00037353075332662207, 0.00037353075332662207] 
PROD025A_J 22 [0.0004002428561811212, 0.9983990285752755, 0.0004002428561811212, 0.0004002428561811212, 0.0004002428561811212] 
PROD025A_K 3 [0.0004670524972728738, 0.0004670524972728738, 0.9990658950054543] 
PROD026_DIRECTION J [0.0005095920053434476, 0.9994904079946565] 
PROD026_I 49 [0.0004002428559002862, 0.0004002428559002862, 0.0004002428559002862, 0.00040024285741947503, 0.9983990285748796] 
PROD026_J 10 [0.00035016264920417046, 0.00035016264920417046, 0.00035016264920417046, 0.00035016264920417046, 0.00035016264920417046, 0.00035016264920417046, 0.9978990241047749] 
PROD026_K 3 [0.0004670524972728738, 0.0004670524972728738, 0.9990658950054543] 
INJ006_I 52 [0.00037353075332662207, 0.00037353075332662207, 0.00037353075332662207, 0.9981323462333669, 0.00037353075332662207, 0.00037353075332662207] 
INJ006_J 27 [0.00032954735344135173, 0.00032954735344135173, 0.00032954735344135173, 0.00032954735344135173, 0.00032954735344135173, 0.00032954735344135173, 0.9976931685259105, 0.00032954735344135173] 
INJ006_K 13 [0.00043107261456082287, 0.00043107261456082287, 0.9987067821562972, 0.0004310726145811984] 
INJ010_DIRECTION I [0.9994904079946565, 0.0005095920053434476] 
INJ010_I 70 [0.0004002428561810533, 0.0004002428561810533, 0.9983990285752754, 0.0004002428561813868, 0.0004002428561810533] 
INJ010_J 30 [0.9983990285752755, 0.0004002428561811212, 0.0004002428561811212, 0.0004002428561811212, 0.0004002428561811212] 
INJ010_K 15 [0.00043107261456523514, 0.00043107261456523514, 0.9987067821563043, 0.00043107261456523514] 
INJ017_DIRECTION I [0.9994904079946565, 0.0005095920053434476] 
INJ017_I 38 [0.0003735307533266221, 0.0003735307533266221, 0.0003735307533266221, 0.0003735307533266221, 0.0003735307533266221, 0.9981323462333669] 
INJ017_J 22 [0.0003501626492041704, 0.0003501626492041704, 0.0003501626492041704, 0.0003501626492041704, 0.9978990241047749, 0.0003501626492041704, 0.0003501626492041704] 
INJ017_K 16 [0.00040024285618112104, 0.00040024285618112104, 0.00040024285618112104, 0.00040024285618112104, 0.9983990285752755] 
INJ019_DIRECTION J [0.0005095920053434476, 0.9994904079946565] 
INJ019_I 28 [0.00037353075332662207, 0.00037353075332662207, 0.9981323462333669, 0.00037353075332662207, 0.00037353075332662207, 0.00037353075332662207] 
INJ019_J 43 [0.9987067821561462, 0.00043107261491869366, 0.0004310726144675408, 0.0004310726144675408] 
INJ019_K 11 [0.0004310726145652352, 0.9987067821563043, 0.0004310726145652352, 0.0004310726145652352] 
INJ021_DIRECTION J [0.0005095920053434476, 0.9994904079946565] 
INJ021_I 23 [0.00031122532531061475, 0.00031122532531061475, 0.9975101973975151, 0.00031122532531061475, 0.00031122532531061475, 0.00031122532531061475, 0.00031122532531061475, 0.00031122532531061475, 0.00031122532531061475] 
INJ021_J 33 [0.00037348734052156405, 0.00037348734052156405, 0.00037348734052156405, 0.00037348734052156405, 0.0003738782511616579, 0.9981321723867521] 
INJ021_K 12 [0.00043107261456523514, 0.00043107261456523514, 0.9987067821563043, 0.00043107261456523514] 
INJ022_DIRECTION I [0.9994904079946565, 0.0005095920053434476] 
INJ022_I 71 [0.0004002428561811211, 0.0004002428561811211, 0.0004002428561811211, 0.9983990285752755, 0.0004002428561811211] 
INJ022_J 22 [0.0004310726145652352, 0.9987067821563043, 0.0004310726145652352, 0.0004310726145652352] 
INJ022_K 6 [0.9983990285752755, 0.0004002428561811212, 0.0004002428561811212, 0.0004002428561811212, 0.0004002428561811212] 
INJ023_DIRECTION I [0.9994904079946565, 0.0005095920053434476] 
INJ023_I 41 [0.0003735307275795768, 0.0003735307275795768, 0.9981323461790996, 0.00037353091058196113, 0.0003735307275795768, 0.0003735307275796435] 
INJ023_J 19 [0.0003735307533266221, 0.0003735307533266221, 0.0003735307533266221, 0.0003735307533266221, 0.0003735307533266221, 0.9981323462333669] 
INJ023_K 7 [0.9994904079946565, 0.0005095920053434476] 
NA1A_CONSIDER 1 [0.0005095920053434476, 0.9994904079946565] 

Elite 2 OF_MAX_VPL 2958989360.05
NA2_CONSIDER 0 [0.9994904079946565, 0.0005095920053434539] 
NA3D_CONSIDER 1 [0.0005095920053434476, 0.9994904079946565] 
PltPRDSTL_PltPRDSTO 20150 [0.00029483394916583066, 0.00029483394916583066, 0.00029483394916583066, 0.00029483394916583066, 0.9973464944575076, 0.00029483394916583066, 0.00029483394916583066, 0.00029483394916583066, 0.00029483394916583066, 0.00029483394916583066] 
PltPRDSTW 11160 [0.0003735307526759831, 0.9981323462319955, 0.0003735307573005354, 0.0003735307526759831, 0.0003735307526759831, 0.0003735307526759831] 
PltINJSTW 30380 [0.00026562609977681537, 0.00028899661217390225, 0.997054742390058, 0.00026562609977681537, 0.00026562609977681537, 0.00026562609977681537, 0.00026562609977681537, 0.00026562609977681537, 0.00026562609977681537, 0.00026562609977681537, 0.00026562609977681537, 0.00026562609977681537] 
PROD005_DIRECTION I [0.9994904079946565, 0.0005095920053434476] 
PROD005_I 26 [0.9987067814426636, 0.00043107233004982006, 0.0004310723300498337, 0.0004310738972367625] 
PROD005_J 22 [0.00032954735344135173, 0.00032954735344135173, 0.00032954735344135173, 0.00032954735344135173, 0.00032954735344135173, 0.00032954735344135173, 0.9976931685259105, 0.00032954735344135173] 
PROD005_K 2 [0.0004670524972728739, 0.9990658950054543, 0.0004670524972728739] 
PROD006_I 53 [0.00043107261456523487, 0.00043107261456523487, 0.9987067821563043, 0.00043107261456523535] 
PROD006_J 3 [0.0005095920053434476, 0.9994904079946565] 
PROD007_I 60 [0.00040278886488211943, 0.9983971434316168, 0.00040002256783369455, 0.00040002256783369455, 0.00040002256783369455] 
PROD007_J 11 [0.0004670524972728739, 0.9990658950054543, 0.0004670524972728739] 
PROD009_DIRECTION I [0.9994904079946565, 0.0005095920053434476] 
PROD009_I 5 [0.9983990285752755, 0.0004002428561811212, 0.0004002428561811212, 0.0004002428561811212, 0.0004002428561811212] 
PROD009_J 41 [0.0003501626492041704, 0.0003501626492041704, 0.0003501626492041704, 0.9978990241047749, 0.0003501626492041704, 0.0003501626492041704, 0.0003501626492041704] 
PROD009_K 1 [0.9990658950054543, 0.0004670524972728739, 0.0004670524972728739] 
PROD010_DIRECTION I [0.9994904079946565, 0.0005095920053434476] 
PROD010_I 36 [0.0003295473534413517, 0.0003295473534413517, 0.0003295473534413517, 0.0003295473534413517, 0.0003295473534413517, 0.0003295473534413517, 0.0003295473534413517, 0.9976931685259105] 
PROD010_J 36 [0.00035016264920417046, 0.00035016264920417046, 0.00035016264920417046, 0.00035016264920417046, 0.00035016264920417046, 0.00035016264920417046, 0.9978990241047749] 
PROD010_K 2 [0.0004670524972728739, 0.9990658950054543, 0.0004670524972728739] 
PROD012_DIRECTION J [0.0005095920053434476, 0.9994904079946565] 
PROD012_I 38 [0.00031122532531061475, 0.9975101973975151, 0.00031122532531061475, 0.00031122532531061475, 0.00031122532531061475, 0.00031122532531061475, 0.00031122532531061475, 0.00031122532531061475, 0.00031122532531061475] 
PROD012_J 34 [0.00028008325319126904, 0.00028008325319126904, 0.00028008325319126904, 0.00028008325319126904, 0.9971991674680873, 0.00028008325319126904, 0.00028008325319126904, 0.00028008325319126904, 0.00028008325319126904, 0.00028008325319126904, 0.00028008325319126904] 
PROD012_K 3 [0.0004670524972728738, 0.0004670524972728738, 0.9990658950054543] 
PROD014_DIRECTION J [0.0005095920053434476, 0.9994904079946565] 
PROD014_I 46 [0.9978990241047749, 0.0003501626492041704, 0.0003501626492041704, 0.0003501626492041704, 0.0003501626492041704, 0.0003501626492041704, 0.0003501626492041704] 
PROD014_J 43 [0.00029483394916583077, 0.00029483394916583077, 0.00029483394916583077, 0.00029483394916583077, 0.00029483394916583077, 0.00029483394916583077, 0.00029483394916583077, 0.00029483394916583077, 0.00029483394916583077, 0.9973464944575076] 
PROD014_K 2 [0.0004670524972728738, 0.9304670524972729, 0.0690658950054542] 
PROD021_DIRECTION I [0.9994904079946565, 0.0005095920053434476] 
PROD021_I 14 [0.9970658756072621, 0.00026673858115798353, 0.00026673858115798353, 0.00026673858115798353, 0.00026673858115798353, 0.00026673858115798353, 0.00026673858115798353, 0.00026673858115798353, 0.00026673858115798353, 0.00026673858115798353, 0.00026673858115798353, 0.00026673858115798353] 
PROD021_J 44 [0.00035016264920417046, 0.00035016264920417046, 0.00035016264920417046, 0.00035016264920417046, 0.00035016264920417046, 0.00035016264920417046, 0.9978990241047749] 
PROD021_K 3 [0.0004670524972728738, 0.0004670524972728738, 0.9990658950054543] 
PROD023A_DIRECTION J [0.0005095920053434476, 0.9994904079946565] 
PROD023A_I 56 [0.9983990285752755, 0.0004002428561811212, 0.0004002428561811212, 0.0004002428561811212, 0.0004002428561811212] 
PROD023A_J 13 [0.9981323462333556, 0.0003735307533749156, 0.000373530753317393, 0.000373530753317393, 0.000373530753317393, 0.000373530753317393] 
PROD023A_K 3 [0.0004670524972728738, 0.0004670524972728738, 0.9990658950054543] 
PROD024A_I 56 [0.9978990241047749, 0.0003501626492041704, 0.0003501626492041704, 0.0003501626492041704, 0.0003501626492041704, 0.0003501626492041704, 0.0003501626492041704] 
PROD024A_J 34 [0.0004310726145652352, 0.9987067821563043, 0.0004310726145652352, 0.0004310726145652352] 
PROD024A_K 3 [0.0004670524972728738, 0.0004670524972728738, 0.9990658950054543] 
PROD025A_DIRECTION J [0.0005095920053434476, 0.9994904079946565] 
PROD025A_I 55 [0.00037353075332662207, 0.9981323462333669, 0.00037353075332662207, 0.00037353075332662207, 0.00037353075332662207, 0.00037353075332662207] 
PROD025A_J 22 [0.0004002428561811212, 0.9983990285752755, 0.0004002428561811212, 0.0004002428561811212, 0.0004002428561811212] 
PROD025A_K 3 [0.0004670524972728738, 0.0004670524972728738, 0.9990658950054543] 
PROD026_DIRECTION J [0.0005095920053434476, 0.9994904079946565] 
PROD026_I 49 [0.0004002428559002862, 0.0004002428559002862, 0.0004002428559002862, 0.00040024285741947503, 0.9983990285748796] 
PROD026_J 10 [0.00035016264920417046, 0.00035016264920417046, 0.00035016264920417046, 0.00035016264920417046, 0.00035016264920417046, 0.00035016264920417046, 0.9978990241047749] 
PROD026_K 3 [0.0004670524972728738, 0.0004670524972728738, 0.9990658950054543] 
INJ006_I 52 [0.00037353075332662207, 0.00037353075332662207, 0.00037353075332662207, 0.9981323462333669, 0.00037353075332662207, 0.00037353075332662207] 
INJ006_J 27 [0.00032954735344135173, 0.00032954735344135173, 0.00032954735344135173, 0.00032954735344135173, 0.00032954735344135173, 0.00032954735344135173, 0.9976931685259105, 0.00032954735344135173] 
INJ006_K 13 [0.00043107261456082287, 0.00043107261456082287, 0.9987067821562972, 0.0004310726145811984] 
INJ010_DIRECTION I [0.9994904079946565, 0.0005095920053434476] 
INJ010_I 70 [0.0004002428561810533, 0.0004002428561810533, 0.9983990285752754, 0.0004002428561813868, 0.0004002428561810533] 
INJ010_J 30 [0.9983990285752755, 0.0004002428561811212, 0.0004002428561811212, 0.0004002428561811212, 0.0004002428561811212] 
INJ010_K 15 [0.00043107261456523514, 0.00043107261456523514, 0.9987067821563043, 0.00043107261456523514] 
INJ017_DIRECTION I [0.9994904079946565, 0.0005095920053434476] 
INJ017_I 38 [0.0003735307533266221, 0.0003735307533266221, 0.0003735307533266221, 0.0003735307533266221, 0.0003735307533266221, 0.9981323462333669] 
INJ017_J 22 [0.0003501626492041704, 0.0003501626492041704, 0.0003501626492041704, 0.0003501626492041704, 0.9978990241047749, 0.0003501626492041704, 0.0003501626492041704] 
INJ017_K 16 [0.00040024285618112104, 0.00040024285618112104, 0.00040024285618112104, 0.00040024285618112104, 0.9983990285752755] 
INJ019_DIRECTION J [0.0005095920053434476, 0.9994904079946565] 
INJ019_I 28 [0.00037353075332662207, 0.00037353075332662207, 0.9981323462333669, 0.00037353075332662207, 0.00037353075332662207, 0.00037353075332662207] 
INJ019_J 43 [0.9987067821561462, 0.00043107261491869366, 0.0004310726144675408, 0.0004310726144675408] 
INJ019_K 11 [0.0004310726145652352, 0.9987067821563043, 0.0004310726145652352, 0.0004310726145652352] 
INJ021_DIRECTION J [0.0005095920053434476, 0.9994904079946565] 
INJ021_I 23 [0.00031122532531061475, 0.00031122532531061475, 0.9975101973975151, 0.00031122532531061475, 0.00031122532531061475, 0.00031122532531061475, 0.00031122532531061475, 0.00031122532531061475, 0.00031122532531061475] 
INJ021_J 33 [0.00037348734052156405, 0.00037348734052156405, 0.00037348734052156405, 0.00037348734052156405, 0.0003738782511616579, 0.9981321723867521] 
INJ021_K 12 [0.00043107261456523514, 0.00043107261456523514, 0.9987067821563043, 0.00043107261456523514] 
INJ022_DIRECTION I [0.9994904079946565, 0.0005095920053434476] 
INJ022_I 71 [0.0004002428561811211, 0.0004002428561811211, 0.0004002428561811211, 0.9983990285752755, 0.0004002428561811211] 
INJ022_J 22 [0.0004310726145652352, 0.9987067821563043, 0.0004310726145652352, 0.0004310726145652352] 
INJ022_K 6 [0.9983990285752755, 0.0004002428561811212, 0.0004002428561811212, 0.0004002428561811212, 0.0004002428561811212] 
INJ023_DIRECTION I [0.9994904079946565, 0.0005095920053434476] 
INJ023_I 41 [0.0003735307275795768, 0.0003735307275795768, 0.9981323461790996, 0.00037353091058196113, 0.0003735307275795768, 0.0003735307275796435] 
INJ023_J 19 [0.0003735307533266221, 0.0003735307533266221, 0.0003735307533266221, 0.0003735307533266221, 0.0003735307533266221, 0.9981323462333669] 
INJ023_K 7 [0.9994904079946565, 0.0005095920053434476] 
NA1A_CONSIDER 1 [0.0005095920053434476, 0.9994904079946565] 

Elite 3 OF_MAX_VPL 2958513591.51
NA2_CONSIDER 0 [0.9994904079946565, 0.0005095920053434539] 
NA3D_CONSIDER 1 [0.0005095920053434476, 0.9994904079946565] 
PltPRDSTL_PltPRDSTO 20150 [0.00029483394916583066, 0.00029483394916583066, 0.00029483394916583066, 0.00029483394916583066, 0.9973464944575076, 0.00029483394916583066, 0.00029483394916583066, 0.00029483394916583066, 0.00029483394916583066, 0.00029483394916583066] 
PltPRDSTW 11160 [0.0003735307526759831, 0.9981323462319955, 0.0003735307573005354, 0.0003735307526759831, 0.0003735307526759831, 0.0003735307526759831] 
PltINJSTW 30380 [0.00026673858115798353, 0.00026673858115798353, 0.9970658756072621, 0.00026673858115798353, 0.00026673858115798353, 0.00026673858115798353, 0.00026673858115798353, 0.00026673858115798353, 0.00026673858115798353, 0.00026673858115798353, 0.00026673858115798353, 0.00026673858115798353] 
PROD005_DIRECTION I [0.9994904079946565, 0.0005095920053434476] 
PROD005_I 26 [0.9987067814426636, 0.00043107233004982006, 0.0004310723300498337, 0.0004310738972367625] 
PROD005_J 22 [0.00032954735344135173, 0.00032954735344135173, 0.00032954735344135173, 0.00032954735344135173, 0.00032954735344135173, 0.00032954735344135173, 0.9976931685259105, 0.00032954735344135173] 
PROD005_K 2 [0.0004670524972728739, 0.9990658950054543, 0.0004670524972728739] 
PROD006_I 53 [0.00043107261456523487, 0.00043107261456523487, 0.9987067821563043, 0.00043107261456523535] 
PROD006_J 3 [0.0005095920053434476, 0.9994904079946565] 
PROD007_I 60 [0.00040278886488211943, 0.9983971434316168, 0.00040002256783369455, 0.00040002256783369455, 0.00040002256783369455] 
PROD007_J 11 [0.0004670524972728739, 0.9990658950054543, 0.0004670524972728739] 
PROD009_DIRECTION I [0.9994904079946565, 0.0005095920053434476] 
PROD009_I 5 [0.9983990285752755, 0.0004002428561811212, 0.0004002428561811212, 0.0004002428561811212, 0.0004002428561811212] 
PROD009_J 41 [0.0003501626492041704, 0.0003501626492041704, 0.0003501626492041704, 0.9978990241047749, 0.0003501626492041704, 0.0003501626492041704, 0.0003501626492041704] 
PROD009_K 1 [0.9990658950054543, 0.0004670524972728739, 0.0004670524972728739] 
PROD010_DIRECTION I [0.9994904079946565, 0.0005095920053434476] 
PROD010_I 36 [0.0003295473534413517, 0.0003295473534413517, 0.0003295473534413517, 0.0003295473534413517, 0.0003295473534413517, 0.0003295473534413517, 0.0003295473534413517, 0.9976931685259105] 
PROD010_J 36 [0.00035016264920417046, 0.00035016264920417046, 0.00035016264920417046, 0.00035016264920417046, 0.00035016264920417046, 0.00035016264920417046, 0.9978990241047749] 
PROD010_K 2 [0.0004670524972728739, 0.9990658950054543, 0.0004670524972728739] 
PROD012_DIRECTION J [0.0005095920053434476, 0.9994904079946565] 
PROD012_I 38 [0.00031122532531061475, 0.9975101973975151, 0.00031122532531061475, 0.00031122532531061475, 0.00031122532531061475, 0.00031122532531061475, 0.00031122532531061475, 0.00031122532531061475, 0.00031122532531061475] 
PROD012_J 34 [0.00028008325319126904, 0.00028008325319126904, 0.00028008325319126904, 0.00028008325319126904, 0.9971991674680873, 0.00028008325319126904, 0.00028008325319126904, 0.00028008325319126904, 0.00028008325319126904, 0.00028008325319126904, 0.00028008325319126904] 
PROD012_K 3 [0.0004670524972728738, 0.0004670524972728738, 0.9990658950054543] 
PROD014_DIRECTION J [0.0005095920053434476, 0.9994904079946565] 
PROD014_I 46 [0.9978990241047749, 0.0003501626492041704, 0.0003501626492041704, 0.0003501626492041704, 0.0003501626492041704, 0.0003501626492041704, 0.0003501626492041704] 
PROD014_J 43 [0.00029483394916583077, 0.00029483394916583077, 0.00029483394916583077, 0.00029483394916583077, 0.00029483394916583077, 0.00029483394916583077, 0.00029483394916583077, 0.00029483394916583077, 0.00029483394916583077, 0.9973464944575076] 
PROD014_K 3 [0.0004670524972728738, 0.0004670524972728738, 0.9990658950054543] 
PROD021_DIRECTION I [0.9994904079946565, 0.0005095920053434476] 
PROD021_I 14 [0.9970658756072621, 0.00026673858115798353, 0.00026673858115798353, 0.00026673858115798353, 0.00026673858115798353, 0.00026673858115798353, 0.00026673858115798353, 0.00026673858115798353, 0.00026673858115798353, 0.00026673858115798353, 0.00026673858115798353, 0.00026673858115798353] 
PROD021_J 44 [0.00035016264920417046, 0.00035016264920417046, 0.00035016264920417046, 0.00035016264920417046, 0.00035016264920417046, 0.00035016264920417046, 0.9978990241047749] 
PROD021_K 3 [0.0004670524972728738, 0.0004670524972728738, 0.9990658950054543] 
PROD023A_DIRECTION J [0.0005095920053434476, 0.9994904079946565] 
PROD023A_I 56 [0.9983990285752755, 0.0004002428561811212, 0.0004002428561811212, 0.0004002428561811212, 0.0004002428561811212] 
PROD023A_J 13 [0.9981323462333556, 0.0003735307533749156, 0.000373530753317393, 0.000373530753317393, 0.000373530753317393, 0.000373530753317393] 
PROD023A_K 3 [0.0004670524972728738, 0.0004670524972728738, 0.9990658950054543] 
PROD024A_I 56 [0.9978990241047749, 0.0003501626492041704, 0.0003501626492041704, 0.0003501626492041704, 0.0003501626492041704, 0.0003501626492041704, 0.0003501626492041704] 
PROD024A_J 34 [0.0004310726145652352, 0.9987067821563043, 0.0004310726145652352, 0.0004310726145652352] 
PROD024A_K 3 [0.0004670524972728738, 0.0004670524972728738, 0.9990658950054543] 
PROD025A_DIRECTION J [0.0005095920053434476, 0.9994904079946565] 
PROD025A_I 55 [0.00037353075332662207, 0.9981323462333669, 0.00037353075332662207, 0.00037353075332662207, 0.00037353075332662207, 0.00037353075332662207] 
PROD025A_J 22 [0.0004002428561811212, 0.9983990285752755, 0.0004002428561811212, 0.0004002428561811212, 0.0004002428561811212] 
PROD025A_K 1 [0.9948670524972729, 0.0004670524972728738, 0.004665895005454245] 
PROD026_DIRECTION J [0.0005095920053434476, 0.9994904079946565] 
PROD026_I 49 [0.0004002428559002862, 0.0004002428559002862, 0.0004002428559002862, 0.00040024285741947503, 0.9983990285748796] 
PROD026_J 10 [0.00035016264920417046, 0.00035016264920417046, 0.00035016264920417046, 0.00035016264920417046, 0.00035016264920417046, 0.00035016264920417046, 0.9978990241047749] 
PROD026_K 3 [0.0004670524972728738, 0.0004670524972728738, 0.9990658950054543] 
INJ006_I 52 [0.00037353075332662207, 0.00037353075332662207, 0.00037353075332662207, 0.9981323462333669, 0.00037353075332662207, 0.00037353075332662207] 
INJ006_J 27 [0.00032954735344135173, 0.00032954735344135173, 0.00032954735344135173, 0.00032954735344135173, 0.00032954735344135173, 0.00032954735344135173, 0.9976931685259105, 0.00032954735344135173] 
INJ006_K 13 [0.00043107261456082287, 0.00043107261456082287, 0.9987067821562972, 0.0004310726145811984] 
INJ010_DIRECTION I [0.9994904079946565, 0.0005095920053434476] 
INJ010_I 70 [0.0004002428561810533, 0.0004002428561810533, 0.9983990285752754, 0.0004002428561813868, 0.0004002428561810533] 
INJ010_J 30 [0.9983990285752755, 0.0004002428561811212, 0.0004002428561811212, 0.0004002428561811212, 0.0004002428561811212] 
INJ010_K 15 [0.00043107261456523514, 0.00043107261456523514, 0.9987067821563043, 0.00043107261456523514] 
INJ017_DIRECTION I [0.9994904079946565, 0.0005095920053434476] 
INJ017_I 38 [0.0003735307533266221, 0.0003735307533266221, 0.0003735307533266221, 0.0003735307533266221, 0.0003735307533266221, 0.9981323462333669] 
INJ017_J 22 [0.0003501626492041704, 0.0003501626492041704, 0.0003501626492041704, 0.0003501626492041704, 0.9978990241047749, 0.0003501626492041704, 0.0003501626492041704] 
INJ017_K 16 [0.00040024285618112104, 0.00040024285618112104, 0.00040024285618112104, 0.00040024285618112104, 0.9983990285752755] 
INJ019_DIRECTION J [0.0005095920053434476, 0.9994904079946565] 
INJ019_I 28 [0.00037353075332662207, 0.00037353075332662207, 0.9981323462333669, 0.00037353075332662207, 0.00037353075332662207, 0.00037353075332662207] 
INJ019_J 43 [0.9987067821561462, 0.00043107261491869366, 0.0004310726144675408, 0.0004310726144675408] 
INJ019_K 11 [0.0004310726145652352, 0.9987067821563043, 0.0004310726145652352, 0.0004310726145652352] 
INJ021_DIRECTION J [0.0005095920053434476, 0.9994904079946565] 
INJ021_I 23 [0.00031122532531061475, 0.00031122532531061475, 0.9975101973975151, 0.00031122532531061475, 0.00031122532531061475, 0.00031122532531061475, 0.00031122532531061475, 0.00031122532531061475, 0.00031122532531061475] 
INJ021_J 33 [0.00037348734052156405, 0.00037348734052156405, 0.00037348734052156405, 0.00037348734052156405, 0.0003738782511616579, 0.9981321723867521] 
INJ021_K 12 [0.00043107261456523514, 0.00043107261456523514, 0.9987067821563043, 0.00043107261456523514] 
INJ022_DIRECTION I [0.9994904079946565, 0.0005095920053434476] 
INJ022_I 71 [0.0004002428561811211, 0.0004002428561811211, 0.0004002428561811211, 0.9983990285752755, 0.0004002428561811211] 
INJ022_J 22 [0.0004310726145652352, 0.9987067821563043, 0.0004310726145652352, 0.0004310726145652352] 
INJ022_K 6 [0.9983990285752755, 0.0004002428561811212, 0.0004002428561811212, 0.0004002428561811212, 0.0004002428561811212] 
INJ023_DIRECTION I [0.9994904079946565, 0.0005095920053434476] 
INJ023_I 41 [0.0003735307275795768, 0.0003735307275795768, 0.9981323461790996, 0.00037353091058196113, 0.0003735307275795768, 0.0003735307275796435] 
INJ023_J 19 [0.0003735307533266221, 0.0003735307533266221, 0.0003735307533266221, 0.0003735307533266221, 0.0003735307533266221, 0.9981323462333669] 
INJ023_K 7 [0.9994904079946565, 0.0005095920053434476] 
NA1A_CONSIDER 1 [0.0005095920053434476, 0.9994904079946565] 

Elite 4 OF_MAX_VPL 2957423621.76
NA2_CONSIDER 0 [0.9994904079946565, 0.0005095920053434539] 
NA3D_CONSIDER 1 [0.0005095920053434476, 0.9994904079946565] 
PltPRDSTL_PltPRDSTO 20150 [0.00029483394916583066, 0.00029483394916583066, 0.00029483394916583066, 0.00029483394916583066, 0.9973464944575076, 0.00029483394916583066, 0.00029483394916583066, 0.00029483394916583066, 0.00029483394916583066, 0.00029483394916583066] 
PltPRDSTW 11160 [0.0003735307526759831, 0.9981323462319955, 0.0003735307573005354, 0.0003735307526759831, 0.0003735307526759831, 0.0003735307526759831] 
PltINJSTW 30380 [0.00026562609977681537, 0.00028899661217390225, 0.997054742390058, 0.00026562609977681537, 0.00026562609977681537, 0.00026562609977681537, 0.00026562609977681537, 0.00026562609977681537, 0.00026562609977681537, 0.00026562609977681537, 0.00026562609977681537, 0.00026562609977681537] 
PROD005_DIRECTION I [0.9994904079946565, 0.0005095920053434476] 
PROD005_I 26 [0.9987067814426636, 0.00043107233004982006, 0.0004310723300498337, 0.0004310738972367625] 
PROD005_J 22 [0.00032954735344135173, 0.00032954735344135173, 0.00032954735344135173, 0.00032954735344135173, 0.00032954735344135173, 0.00032954735344135173, 0.9976931685259105, 0.00032954735344135173] 
PROD005_K 2 [0.0004670524972728739, 0.9990658950054543, 0.0004670524972728739] 
PROD006_I 53 [0.00043107261456523487, 0.00043107261456523487, 0.9987067821563043, 0.00043107261456523535] 
PROD006_J 3 [0.0005095920053434476, 0.9994904079946565] 
PROD007_I 60 [0.00040278886488211943, 0.9983971434316168, 0.00040002256783369455, 0.00040002256783369455, 0.00040002256783369455] 
PROD007_J 11 [0.0004670524972728739, 0.9990658950054543, 0.0004670524972728739] 
PROD009_DIRECTION I [0.9994904079946565, 0.0005095920053434476] 
PROD009_I 5 [0.9983990285752755, 0.0004002428561811212, 0.0004002428561811212, 0.0004002428561811212, 0.0004002428561811212] 
PROD009_J 41 [0.0003501626492041704, 0.0003501626492041704, 0.0003501626492041704, 0.9978990241047749, 0.0003501626492041704, 0.0003501626492041704, 0.0003501626492041704] 
PROD009_K 1 [0.9990658950054543, 0.0004670524972728739, 0.0004670524972728739] 
PROD010_DIRECTION I [0.9994904079946565, 0.0005095920053434476] 
PROD010_I 36 [0.0003295473534413517, 0.0003295473534413517, 0.0003295473534413517, 0.0003295473534413517, 0.0003295473534413517, 0.0003295473534413517, 0.0003295473534413517, 0.9976931685259105] 
PROD010_J 36 [0.00035016264920417046, 0.00035016264920417046, 0.00035016264920417046, 0.00035016264920417046, 0.00035016264920417046, 0.00035016264920417046, 0.9978990241047749] 
PROD010_K 2 [0.0004670524972728739, 0.9990658950054543, 0.0004670524972728739] 
PROD012_DIRECTION J [0.0005095920053434476, 0.9994904079946565] 
PROD012_I 38 [0.00031122532531061475, 0.9975101973975151, 0.00031122532531061475, 0.00031122532531061475, 0.00031122532531061475, 0.00031122532531061475, 0.00031122532531061475, 0.00031122532531061475, 0.00031122532531061475] 
PROD012_J 34 [0.00028008325319126904, 0.00028008325319126904, 0.00028008325319126904, 0.00028008325319126904, 0.9971991674680873, 0.00028008325319126904, 0.00028008325319126904, 0.00028008325319126904, 0.00028008325319126904, 0.00028008325319126904, 0.00028008325319126904] 
PROD012_K 3 [0.0004670524972728738, 0.0004670524972728738, 0.9990658950054543] 
PROD014_DIRECTION J [0.0005095920053434476, 0.9994904079946565] 
PROD014_I 46 [0.9978990241047749, 0.0003501626492041704, 0.0003501626492041704, 0.0003501626492041704, 0.0003501626492041704, 0.0003501626492041704, 0.0003501626492041704] 
PROD014_J 43 [0.00029483394916583077, 0.00029483394916583077, 0.00029483394916583077, 0.00029483394916583077, 0.00029483394916583077, 0.00029483394916583077, 0.00029483394916583077, 0.00029483394916583077, 0.00029483394916583077, 0.9973464944575076] 
PROD014_K 2 [0.0004670524972728738, 0.9304670524972729, 0.0690658950054542] 
PROD021_DIRECTION I [0.9994904079946565, 0.0005095920053434476] 
PROD021_I 14 [0.9970658756072621, 0.00026673858115798353, 0.00026673858115798353, 0.00026673858115798353, 0.00026673858115798353, 0.00026673858115798353, 0.00026673858115798353, 0.00026673858115798353, 0.00026673858115798353, 0.00026673858115798353, 0.00026673858115798353, 0.00026673858115798353] 
PROD021_J 44 [0.00035016264920417046, 0.00035016264920417046, 0.00035016264920417046, 0.00035016264920417046, 0.00035016264920417046, 0.00035016264920417046, 0.9978990241047749] 
PROD021_K 3 [0.0004670524972728738, 0.0004670524972728738, 0.9990658950054543] 
PROD023A_DIRECTION J [0.0005095920053434476, 0.9994904079946565] 
PROD023A_I 56 [0.9983990285752755, 0.0004002428561811212, 0.0004002428561811212, 0.0004002428561811212, 0.0004002428561811212] 
PROD023A_J 13 [0.9981323462333556, 0.0003735307533749156, 0.000373530753317393, 0.000373530753317393, 0.000373530753317393, 0.000373530753317393] 
PROD023A_K 3 [0.0004670524972728738, 0.0004670524972728738, 0.9990658950054543] 
PROD024A_I 56 [0.9978990241047749, 0.0003501626492041704, 0.0003501626492041704, 0.0003501626492041704, 0.0003501626492041704, 0.0003501626492041704, 0.0003501626492041704] 
PROD024A_J 34 [0.0004310726145652352, 0.9987067821563043, 0.0004310726145652352, 0.0004310726145652352] 
PROD024A_K 3 [0.0004670524972728738, 0.0004670524972728738, 0.9990658950054543] 
PROD025A_DIRECTION J [0.0005095920053434476, 0.9994904079946565] 
PROD025A_I 55 [0.00037353075332662207, 0.9981323462333669, 0.00037353075332662207, 0.00037353075332662207, 0.00037353075332662207, 0.00037353075332662207] 
PROD025A_J 21 [0.0004002428561811212, 0.9983990285752755, 0.0004002428561811212, 0.0004002428561811212, 0.0004002428561811212] 
PROD025A_K 3 [0.0004670524972728738, 0.0004670524972728738, 0.9990658950054543] 
PROD026_DIRECTION J [0.0005095920053434476, 0.9994904079946565] 
PROD026_I 49 [0.0004002428559002862, 0.0004002428559002862, 0.0004002428559002862, 0.00040024285741947503, 0.9983990285748796] 
PROD026_J 10 [0.00035016264920417046, 0.00035016264920417046, 0.00035016264920417046, 0.00035016264920417046, 0.00035016264920417046, 0.00035016264920417046, 0.9978990241047749] 
PROD026_K 3 [0.0004670524972728738, 0.0004670524972728738, 0.9990658950054543] 
INJ006_I 52 [0.00037353075332662207, 0.00037353075332662207, 0.00037353075332662207, 0.9981323462333669, 0.00037353075332662207, 0.00037353075332662207] 
INJ006_J 27 [0.00032954735344135173, 0.00032954735344135173, 0.00032954735344135173, 0.00032954735344135173, 0.00032954735344135173, 0.00032954735344135173, 0.9976931685259105, 0.00032954735344135173] 
INJ006_K 13 [0.00043107261456082287, 0.00043107261456082287, 0.9987067821562972, 0.0004310726145811984] 
INJ010_DIRECTION I [0.9994904079946565, 0.0005095920053434476] 
INJ010_I 70 [0.0004002428561810533, 0.0004002428561810533, 0.9983990285752754, 0.0004002428561813868, 0.0004002428561810533] 
INJ010_J 30 [0.9983990285752755, 0.0004002428561811212, 0.0004002428561811212, 0.0004002428561811212, 0.0004002428561811212] 
INJ010_K 15 [0.00043107261456523514, 0.00043107261456523514, 0.9987067821563043, 0.00043107261456523514] 
INJ017_DIRECTION I [0.9994904079946565, 0.0005095920053434476] 
INJ017_I 38 [0.0003735307533266221, 0.0003735307533266221, 0.0003735307533266221, 0.0003735307533266221, 0.0003735307533266221, 0.9981323462333669] 
INJ017_J 22 [0.0003501626492041704, 0.0003501626492041704, 0.0003501626492041704, 0.0003501626492041704, 0.9978990241047749, 0.0003501626492041704, 0.0003501626492041704] 
INJ017_K 16 [0.00040024285618112104, 0.00040024285618112104, 0.00040024285618112104, 0.00040024285618112104, 0.9983990285752755] 
INJ019_DIRECTION J [0.0005095920053434476, 0.9994904079946565] 
INJ019_I 28 [0.00037353075332662207, 0.00037353075332662207, 0.9981323462333669, 0.00037353075332662207, 0.00037353075332662207, 0.00037353075332662207] 
INJ019_J 43 [0.9987067821561462, 0.00043107261491869366, 0.0004310726144675408, 0.0004310726144675408] 
INJ019_K 11 [0.0004310726145652352, 0.9987067821563043, 0.0004310726145652352, 0.0004310726145652352] 
INJ021_DIRECTION J [0.0005095920053434476, 0.9994904079946565] 
INJ021_I 23 [0.00031122532531061475, 0.00031122532531061475, 0.9975101973975151, 0.00031122532531061475, 0.00031122532531061475, 0.00031122532531061475, 0.00031122532531061475, 0.00031122532531061475, 0.00031122532531061475] 
INJ021_J 33 [0.00037348734052156405, 0.00037348734052156405, 0.00037348734052156405, 0.00037348734052156405, 0.0003738782511616579, 0.9981321723867521] 
INJ021_K 12 [0.00043107261456523514, 0.00043107261456523514, 0.9987067821563043, 0.00043107261456523514] 
INJ022_DIRECTION I [0.9994904079946565, 0.0005095920053434476] 
INJ022_I 71 [0.0004002428561811211, 0.0004002428561811211, 0.0004002428561811211, 0.9983990285752755, 0.0004002428561811211] 
INJ022_J 22 [0.0004310726145652352, 0.9987067821563043, 0.0004310726145652352, 0.0004310726145652352] 
INJ022_K 6 [0.9983990285752755, 0.0004002428561811212, 0.0004002428561811212, 0.0004002428561811212, 0.0004002428561811212] 
INJ023_DIRECTION I [0.9994904079946565, 0.0005095920053434476] 
INJ023_I 41 [0.0003735307275795768, 0.0003735307275795768, 0.9981323461790996, 0.00037353091058196113, 0.0003735307275795768, 0.0003735307275796435] 
INJ023_J 19 [0.0003735307533266221, 0.0003735307533266221, 0.0003735307533266221, 0.0003735307533266221, 0.0003735307533266221, 0.9981323462333669] 
INJ023_K 7 [0.9994904079946565, 0.0005095920053434476] 
NA1A_CONSIDER 1 [0.0005095920053434476, 0.9994904079946565] 

Elite 5 OF_MAX_VPL 2957089570.29
NA2_CONSIDER 0 [0.9994904079946565, 0.0005095920053434539] 
NA3D_CONSIDER 1 [0.0005095920053434476, 0.9994904079946565] 
PltPRDSTL_PltPRDSTO 20150 [0.00029483394916583066, 0.00029483394916583066, 0.00029483394916583066, 0.00029483394916583066, 0.9973464944575076, 0.00029483394916583066, 0.00029483394916583066, 0.00029483394916583066, 0.00029483394916583066, 0.00029483394916583066] 
PltPRDSTW 11160 [0.0003735307526759831, 0.9981323462319955, 0.0003735307573005354, 0.0003735307526759831, 0.0003735307526759831, 0.0003735307526759831] 
PltINJSTW 30380 [0.00026673858115798353, 0.00026673858115798353, 0.9970658756072621, 0.00026673858115798353, 0.00026673858115798353, 0.00026673858115798353, 0.00026673858115798353, 0.00026673858115798353, 0.00026673858115798353, 0.00026673858115798353, 0.00026673858115798353, 0.00026673858115798353] 
PROD005_DIRECTION I [0.9994904079946565, 0.0005095920053434476] 
PROD005_I 26 [0.9987067814426636, 0.00043107233004982006, 0.0004310723300498337, 0.0004310738972367625] 
PROD005_J 22 [0.00032954735344135173, 0.00032954735344135173, 0.00032954735344135173, 0.00032954735344135173, 0.00032954735344135173, 0.00032954735344135173, 0.9976931685259105, 0.00032954735344135173] 
PROD005_K 2 [0.0004670524972728739, 0.9990658950054543, 0.0004670524972728739] 
PROD006_I 53 [0.00043107261456523487, 0.00043107261456523487, 0.9987067821563043, 0.00043107261456523535] 
PROD006_J 3 [0.0005095920053434476, 0.9994904079946565] 
PROD007_I 60 [0.00040278886488211943, 0.9983971434316168, 0.00040002256783369455, 0.00040002256783369455, 0.00040002256783369455] 
PROD007_J 11 [0.0004670524972728739, 0.9990658950054543, 0.0004670524972728739] 
PROD009_DIRECTION I [0.9994904079946565, 0.0005095920053434476] 
PROD009_I 5 [0.9983990285752755, 0.0004002428561811212, 0.0004002428561811212, 0.0004002428561811212, 0.0004002428561811212] 
PROD009_J 41 [0.0003501626492041704, 0.0003501626492041704, 0.0003501626492041704, 0.9978990241047749, 0.0003501626492041704, 0.0003501626492041704, 0.0003501626492041704] 
PROD009_K 1 [0.9990658950054543, 0.0004670524972728739, 0.0004670524972728739] 
PROD010_DIRECTION I [0.9994904079946565, 0.0005095920053434476] 
PROD010_I 36 [0.0003295473534413517, 0.0003295473534413517, 0.0003295473534413517, 0.0003295473534413517, 0.0003295473534413517, 0.0003295473534413517, 0.0003295473534413517, 0.9976931685259105] 
PROD010_J 36 [0.00035016264920417046, 0.00035016264920417046, 0.00035016264920417046, 0.00035016264920417046, 0.00035016264920417046, 0.00035016264920417046, 0.9978990241047749] 
PROD010_K 2 [0.0004670524972728739, 0.9990658950054543, 0.0004670524972728739] 
PROD012_DIRECTION J [0.0005095920053434476, 0.9994904079946565] 
PROD012_I 38 [0.00031122532531061475, 0.9975101973975151, 0.00031122532531061475, 0.00031122532531061475, 0.00031122532531061475, 0.00031122532531061475, 0.00031122532531061475, 0.00031122532531061475, 0.00031122532531061475] 
PROD012_J 34 [0.00028008325319126904, 0.00028008325319126904, 0.00028008325319126904, 0.00028008325319126904, 0.9971991674680873, 0.00028008325319126904, 0.00028008325319126904, 0.00028008325319126904, 0.00028008325319126904, 0.00028008325319126904, 0.00028008325319126904] 
PROD012_K 3 [0.0004670524972728738, 0.0004670524972728738, 0.9990658950054543] 
PROD014_DIRECTION J [0.0005095920053434476, 0.9994904079946565] 
PROD014_I 46 [0.9978990241047749, 0.0003501626492041704, 0.0003501626492041704, 0.0003501626492041704, 0.0003501626492041704, 0.0003501626492041704, 0.0003501626492041704] 
PROD014_J 43 [0.00029483394916583077, 0.00029483394916583077, 0.00029483394916583077, 0.00029483394916583077, 0.00029483394916583077, 0.00029483394916583077, 0.00029483394916583077, 0.00029483394916583077, 0.00029483394916583077, 0.9973464944575076] 
PROD014_K 3 [0.0004670524972728738, 0.0004670524972728738, 0.9990658950054543] 
PROD021_DIRECTION I [0.9994904079946565, 0.0005095920053434476] 
PROD021_I 14 [0.9970658756072621, 0.00026673858115798353, 0.00026673858115798353, 0.00026673858115798353, 0.00026673858115798353, 0.00026673858115798353, 0.00026673858115798353, 0.00026673858115798353, 0.00026673858115798353, 0.00026673858115798353, 0.00026673858115798353, 0.00026673858115798353] 
PROD021_J 44 [0.00035016264920417046, 0.00035016264920417046, 0.00035016264920417046, 0.00035016264920417046, 0.00035016264920417046, 0.00035016264920417046, 0.9978990241047749] 
PROD021_K 3 [0.0004670524972728738, 0.0004670524972728738, 0.9990658950054543] 
PROD023A_DIRECTION J [0.0005095920053434476, 0.9994904079946565] 
PROD023A_I 56 [0.9983990285752755, 0.0004002428561811212, 0.0004002428561811212, 0.0004002428561811212, 0.0004002428561811212] 
PROD023A_J 13 [0.9981323462333556, 0.0003735307533749156, 0.000373530753317393, 0.000373530753317393, 0.000373530753317393, 0.000373530753317393] 
PROD023A_K 3 [0.0004670524972728738, 0.0004670524972728738, 0.9990658950054543] 
PROD024A_I 56 [0.9978990241047749, 0.0003501626492041704, 0.0003501626492041704, 0.0003501626492041704, 0.0003501626492041704, 0.0003501626492041704, 0.0003501626492041704] 
PROD024A_J 34 [0.0004310726145652352, 0.9987067821563043, 0.0004310726145652352, 0.0004310726145652352] 
PROD024A_K 3 [0.0004670524972728738, 0.0004670524972728738, 0.9990658950054543] 
PROD025A_DIRECTION J [0.0005095920053434476, 0.9994904079946565] 
PROD025A_I 55 [0.00037353075332662207, 0.9981323462333669, 0.00037353075332662207, 0.00037353075332662207, 0.00037353075332662207, 0.00037353075332662207] 
PROD025A_J 22 [0.0004002428561811212, 0.9983990285752755, 0.0004002428561811212, 0.0004002428561811212, 0.0004002428561811212] 
PROD025A_K 3 [0.0004670524972728738, 0.0004670524972728738, 0.9990658950054543] 
PROD026_DIRECTION J [0.0005095920053434476, 0.9994904079946565] 
PROD026_I 49 [0.0004002428559002862, 0.0004002428559002862, 0.0004002428559002862, 0.00040024285741947503, 0.9983990285748796] 
PROD026_J 10 [0.00035016264920417046, 0.00035016264920417046, 0.00035016264920417046, 0.00035016264920417046, 0.00035016264920417046, 0.00035016264920417046, 0.9978990241047749] 
PROD026_K 3 [0.0004670524972728738, 0.0004670524972728738, 0.9990658950054543] 
INJ006_I 52 [0.00037353075332662207, 0.00037353075332662207, 0.00037353075332662207, 0.9981323462333669, 0.00037353075332662207, 0.00037353075332662207] 
INJ006_J 27 [0.00032954735344135173, 0.00032954735344135173, 0.00032954735344135173, 0.00032954735344135173, 0.00032954735344135173, 0.00032954735344135173, 0.9976931685259105, 0.00032954735344135173] 
INJ006_K 13 [0.00043107261456082287, 0.00043107261456082287, 0.9987067821562972, 0.0004310726145811984] 
INJ010_DIRECTION I [0.9994904079946565, 0.0005095920053434476] 
INJ010_I 70 [0.0004002428561810533, 0.0004002428561810533, 0.9983990285752754, 0.0004002428561813868, 0.0004002428561810533] 
INJ010_J 30 [0.9983990285752755, 0.0004002428561811212, 0.0004002428561811212, 0.0004002428561811212, 0.0004002428561811212] 
INJ010_K 15 [0.00043107261456523514, 0.00043107261456523514, 0.9987067821563043, 0.00043107261456523514] 
INJ017_DIRECTION I [0.9994904079946565, 0.0005095920053434476] 
INJ017_I 38 [0.0003735307533266221, 0.0003735307533266221, 0.0003735307533266221, 0.0003735307533266221, 0.0003735307533266221, 0.9981323462333669] 
INJ017_J 22 [0.0003501626492041704, 0.0003501626492041704, 0.0003501626492041704, 0.0003501626492041704, 0.9978990241047749, 0.0003501626492041704, 0.0003501626492041704] 
INJ017_K 16 [0.00040024285618112104, 0.00040024285618112104, 0.00040024285618112104, 0.00040024285618112104, 0.9983990285752755] 
INJ019_DIRECTION J [0.0005095920053434476, 0.9994904079946565] 
INJ019_I 28 [0.00037353075332662207, 0.00037353075332662207, 0.9981323462333669, 0.00037353075332662207, 0.00037353075332662207, 0.00037353075332662207] 
INJ019_J 43 [0.9987067821561462, 0.00043107261491869366, 0.0004310726144675408, 0.0004310726144675408] 
INJ019_K 11 [0.0004310726145652352, 0.9987067821563043, 0.0004310726145652352, 0.0004310726145652352] 
INJ021_DIRECTION J [0.0005095920053434476, 0.9994904079946565] 
INJ021_I 23 [0.00031122532531061475, 0.00031122532531061475, 0.9975101973975151, 0.00031122532531061475, 0.00031122532531061475, 0.00031122532531061475, 0.00031122532531061475, 0.00031122532531061475, 0.00031122532531061475] 
INJ021_J 33 [0.00037348734052156405, 0.00037348734052156405, 0.00037348734052156405, 0.00037348734052156405, 0.0003738782511616579, 0.9981321723867521] 
INJ021_K 12 [0.00043107261456523514, 0.00043107261456523514, 0.9987067821563043, 0.00043107261456523514] 
INJ022_DIRECTION I [0.9994904079946565, 0.0005095920053434476] 
INJ022_I 71 [0.0004002428561811211, 0.0004002428561811211, 0.0004002428561811211, 0.9983990285752755, 0.0004002428561811211] 
INJ022_J 22 [0.0004310726145652352, 0.9987067821563043, 0.0004310726145652352, 0.0004310726145652352] 
INJ022_K 6 [0.9983990285752755, 0.0004002428561811212, 0.0004002428561811212, 0.0004002428561811212, 0.0004002428561811212] 
INJ023_DIRECTION I [0.9994904079946565, 0.0005095920053434476] 
INJ023_I 41 [0.0003735307275795768, 0.0003735307275795768, 0.9981323461790996, 0.00037353091058196113, 0.0003735307275795768, 0.0003735307275796435] 
INJ023_J 19 [0.0003735307533266221, 0.0003735307533266221, 0.0003735307533266221, 0.0003735307533266221, 0.0003735307533266221, 0.9981323462333669] 
INJ023_K 7 [0.9994904079946565, 0.0005095920053434476] 
NA1A_CONSIDER 1 [0.0005095920053434476, 0.9994904079946565] 

