Elite 1 OF_MAX_VPL 2718798165.77
nWWcat 1 [0.0002903039999999999, 0.999709696] 
nWPr05 1 [0.000770304, 0.999229696] 
nWPr11 0 [0.999570304, 0.0004296959999999998] 
nWPr12 0 [0.999927424, 7.257599999999998e-05] 
nWPr13 0 [0.999927424, 7.257599999999998e-05] 
nWPr18 0 [0.999927424, 7.257599999999998e-05] 
nWPr19 0 [0.999927424, 7.257599999999998e-05] 
nWPr20 0 [0.999447424, 0.0005525759999999999] 
nWPr24 0 [0.999570304, 0.0004296959999999998] 
nWPr25 0 [0.999927424, 7.257599999999998e-05] 
nWPr26 0 [0.999570304, 0.0004296959999999998] 
nWPr27 0 [0.999447424, 0.0005525759999999999] 
nWPr29 0 [0.999927424, 7.257599999999998e-05] 
nWPr30 0 [0.998247424, 0.0017525759999999998] 
nWPr31 0 [0.999927424, 7.257599999999998e-05] 
nWPr32 1 [0.0006474239999999997, 0.999352576] 
nWPr33 0 [0.999927424, 7.257599999999998e-05] 
nWPr34 0 [0.999090304, 0.0009096959999999999] 
nWPr35 1 [0.01837030399999999, 0.981629696] 
nWPr36 0 [0.999927424, 7.257599999999998e-05] 
nWPr37 0 [0.08112742399999999, 0.918872576] 
nWPr38 0 [0.999927424, 7.257599999999998e-05] 
nWPr39 0 [0.997890304, 0.002109696] 
nWPr40 1 [0.004247423999999999, 0.995752576] 
nWPr41 0 [0.999927424, 7.257599999999998e-05] 
nWPr42 0 [0.999927424, 7.257599999999998e-05] 
nWPr43 0 [0.999927424, 7.257599999999998e-05] 
nWPr44 1 [0.000770304, 0.999229696] 
nWPr45 0 [0.999927424, 7.257599999999998e-05] 
nWPr46 0 [0.999927424, 7.257599999999998e-05] 
nWPr47 0 [0.999447424, 0.0005525759999999999] 
nWPr48 0 [0.999927424, 7.257599999999998e-05] 
nWPr49 0 [0.999927424, 7.257599999999998e-05] 
nWPr50 0 [0.999927424, 7.257599999999998e-05] 
nWPr51 0 [0.999927424, 7.257599999999998e-05] 
nWPr52 0 [0.999927424, 7.257599999999998e-05] 
nWPr53 0 [0.981970304, 0.01802969599999999] 
nWPr54 0 [0.999927424, 7.257599999999998e-05] 
nWPr55 0 [0.995127424, 0.004872575999999998] 
nWPr56 0 [0.999927424, 7.257599999999998e-05] 
nWPr57 0 [0.999927424, 7.257599999999998e-05] 
nWPr58 0 [0.999927424, 7.257599999999998e-05] 
nWPr59 0 [0.999927424, 7.257599999999998e-05] 
nWPr60 0 [0.999570304, 0.0004296959999999998] 
nWPr61 0 [0.999927424, 7.257599999999998e-05] 
nWPr62 0 [0.999927424, 7.257599999999998e-05] 
nWPr63 0 [0.999927424, 7.257599999999998e-05] 
nWPr64 1 [0.0002903039999999999, 0.999709696] 
nWPr65 0 [0.999927424, 7.257599999999998e-05] 
nWPr66 1 [0.0002903039999999999, 0.999709696] 
nWPr67 1 [0.0002903039999999999, 0.999709696] 
nWPr68 0 [0.999927424, 7.257599999999998e-05] 
nWPr69 0 [0.998370304, 0.001629696] 
nWPr70 0 [0.999927424, 7.257599999999998e-05] 
nWPr72 0 [0.999927424, 7.257599999999998e-05] 
nWPr73 0 [0.999927424, 7.257599999999998e-05] 
nWPr74 0 [0.999927424, 7.257599999999998e-05] 
nWPr75 0 [0.999927424, 7.257599999999998e-05] 
nWPr76 0 [0.903890304, 0.09610969599999998] 
nWPr79 0 [0.999927424, 7.257599999999998e-05] 
nWPr80 0 [0.999927424, 7.257599999999998e-05] 
nWPr81 1 [0.0002903039999999999, 0.999709696] 
nWPr82 1 [0.0002903039999999999, 0.999709696] 
nWPr83 0 [0.996327424, 0.003672575999999999] 
nWPr84 1 [0.0006474239999999997, 0.999352576] 
nWIn04 0 [0.999927424, 7.257599999999998e-05] 
nWIn05 0 [0.999927424, 7.257599999999998e-05] 
nWIn10 0 [0.999927424, 7.257599999999998e-05] 
nWIn11 0 [0.999927424, 7.257599999999998e-05] 
nWIn12 0 [0.999927424, 7.257599999999998e-05] 
nWIn13 0 [0.999927424, 7.257599999999998e-05] 
nWIn17 1 [0.0011274239999999997, 0.998872576] 
nWIn18 0 [0.999927424, 7.257599999999998e-05] 
nWIn19 0 [0.998727424, 0.0012725759999999997] 
nWIn20 0 [0.999927424, 7.257599999999998e-05] 
nWIn24 0 [0.999927424, 7.257599999999998e-05] 
nWIn25 1 [0.0019703039999999995, 0.998029696] 
nWIn26 0 [0.999927424, 7.257599999999998e-05] 
nWIn27 0 [0.999570304, 0.0004296959999999998] 
nWIn29 0 [0.999927424, 7.257599999999998e-05] 
nWIn30 0 [0.999927424, 7.257599999999998e-05] 
nWIn31 0 [0.999927424, 7.257599999999998e-05] 
nWIn32 0 [0.999927424, 7.257599999999998e-05] 
nWIn33 0 [0.999927424, 7.257599999999998e-05] 
nWIn34 0 [0.999927424, 7.257599999999998e-05] 
nWIn35 0 [0.995490304, 0.004509695999999999] 
nWIn36 0 [0.999927424, 7.257599999999998e-05] 
nWIn38 0 [0.999927424, 7.257599999999998e-05] 
nWIn39 0 [0.999927424, 7.257599999999998e-05] 
nWIn40 0 [0.999927424, 7.257599999999998e-05] 
nWIn41 0 [0.999927424, 7.257599999999998e-05] 
nWIn43 0 [0.999927424, 7.257599999999998e-05] 
nWIn44 1 [0.0002903039999999999, 0.999709696] 
nWIn45 0 [0.999927424, 7.257599999999998e-05] 
nWIn46 0 [0.999927424, 7.257599999999998e-05] 
nWIn47 0 [0.999927424, 7.257599999999998e-05] 
nWIn48 0 [0.999927424, 7.257599999999998e-05] 
nWIn49 0 [0.999927424, 7.257599999999998e-05] 
nWIn50 0 [0.999927424, 7.257599999999998e-05] 
nWIn51 0 [0.999927424, 7.257599999999998e-05] 
nWIn52 0 [0.997890304, 0.002109696] 
nWIn53 0 [0.999927424, 7.257599999999998e-05] 
nWIn54 0 [0.999927424, 7.257599999999998e-05] 
nWIn55 1 [0.0011274239999999997, 0.998872576] 
nWIn56 1 [0.0006474239999999997, 0.999352576] 
nWIn57 0 [0.999927424, 7.257599999999998e-05] 
nWIn58 0 [0.999927424, 7.257599999999998e-05] 
nWIn59 0 [0.999927424, 7.257599999999998e-05] 
nWIn60 0 [0.999927424, 7.257599999999998e-05] 
nWIn61 0 [0.999927424, 7.257599999999998e-05] 
nWIn62 0 [0.999927424, 7.257599999999998e-05] 
nWIn63 1 [0.0002903039999999999, 0.999709696] 
nWIn64 0 [0.999927424, 7.257599999999998e-05] 
nWIn65 0 [0.999927424, 7.257599999999998e-05] 
nWIn66 0 [0.999927424, 7.257599999999998e-05] 
nWIn67 0 [0.999927424, 7.257599999999998e-05] 
nWIn68 0 [0.999927424, 7.257599999999998e-05] 
nWIn69 1 [0.0002903039999999999, 0.999709696] 
nWIn71 0 [0.999927424, 7.257599999999998e-05] 
nWIn72 1 [0.0002903039999999999, 0.999709696] 
nWIn73 0 [0.999927424, 7.257599999999998e-05] 
nWIn80 0 [0.999927424, 7.257599999999998e-05] 
nWIn81 0 [0.999927424, 7.257599999999998e-05] 
nWIn82 0 [0.999927424, 7.257599999999998e-05] 
nWIn83 0 [0.999927424, 7.257599999999998e-05] 
nWIn84 0 [0.999927424, 7.257599999999998e-05] 
nWIn85 0 [0.999927424, 7.257599999999998e-05] 

Elite 2 OF_MAX_VPL 2707780036.57
nWWcat 1 [0.0002903039999999999, 0.999709696] 
nWPr05 1 [0.000770304, 0.999229696] 
nWPr11 0 [0.999570304, 0.0004296959999999998] 
nWPr12 0 [0.999927424, 7.257599999999998e-05] 
nWPr13 0 [0.999927424, 7.257599999999998e-05] 
nWPr18 0 [0.999927424, 7.257599999999998e-05] 
nWPr19 0 [0.999927424, 7.257599999999998e-05] 
nWPr20 0 [0.999447424, 0.0005525759999999999] 
nWPr24 0 [0.999570304, 0.0004296959999999998] 
nWPr25 0 [0.999927424, 7.257599999999998e-05] 
nWPr26 0 [0.999570304, 0.0004296959999999998] 
nWPr27 0 [0.999447424, 0.0005525759999999999] 
nWPr29 0 [0.999927424, 7.257599999999998e-05] 
nWPr30 0 [0.998247424, 0.0017525759999999998] 
nWPr31 0 [0.999927424, 7.257599999999998e-05] 
nWPr32 1 [0.0006474239999999997, 0.999352576] 
nWPr33 0 [0.999927424, 7.257599999999998e-05] 
nWPr34 0 [0.999090304, 0.0009096959999999999] 
nWPr35 0 [0.998370304, 0.001629696] 
nWPr36 0 [0.999927424, 7.257599999999998e-05] 
nWPr37 1 [0.0011274239999999997, 0.998872576] 
nWPr38 0 [0.999927424, 7.257599999999998e-05] 
nWPr39 0 [0.997890304, 0.002109696] 
nWPr40 0 [0.998247424, 0.0017525759999999998] 
nWPr41 0 [0.999927424, 7.257599999999998e-05] 
nWPr42 0 [0.999927424, 7.257599999999998e-05] 
nWPr43 0 [0.999927424, 7.257599999999998e-05] 
nWPr44 0 [0.900770304, 0.09922969599999998] 
nWPr45 0 [0.999927424, 7.257599999999998e-05] 
nWPr46 0 [0.999927424, 7.257599999999998e-05] 
nWPr47 0 [0.999447424, 0.0005525759999999999] 
nWPr48 0 [0.999927424, 7.257599999999998e-05] 
nWPr49 0 [0.999927424, 7.257599999999998e-05] 
nWPr50 0 [0.999927424, 7.257599999999998e-05] 
nWPr51 0 [0.999927424, 7.257599999999998e-05] 
nWPr52 0 [0.999927424, 7.257599999999998e-05] 
nWPr53 1 [0.0019703039999999995, 0.998029696] 
nWPr54 0 [0.999927424, 7.257599999999998e-05] 
nWPr55 0 [0.981127424, 0.018872575999999988] 
nWPr56 0 [0.999927424, 7.257599999999998e-05] 
nWPr57 0 [0.999927424, 7.257599999999998e-05] 
nWPr58 0 [0.999927424, 7.257599999999998e-05] 
nWPr59 0 [0.999927424, 7.257599999999998e-05] 
nWPr60 0 [0.999570304, 0.0004296959999999998] 
nWPr61 0 [0.999927424, 7.257599999999998e-05] 
nWPr62 0 [0.999927424, 7.257599999999998e-05] 
nWPr63 0 [0.999927424, 7.257599999999998e-05] 
nWPr64 1 [0.0002903039999999999, 0.999709696] 
nWPr65 0 [0.999927424, 7.257599999999998e-05] 
nWPr66 1 [0.0002903039999999999, 0.999709696] 
nWPr67 1 [0.0002903039999999999, 0.999709696] 
nWPr68 0 [0.999927424, 7.257599999999998e-05] 
nWPr69 0 [0.998370304, 0.001629696] 
nWPr70 0 [0.999927424, 7.257599999999998e-05] 
nWPr72 0 [0.999927424, 7.257599999999998e-05] 
nWPr73 0 [0.999927424, 7.257599999999998e-05] 
nWPr74 0 [0.999927424, 7.257599999999998e-05] 
nWPr75 0 [0.999927424, 7.257599999999998e-05] 
nWPr76 0 [0.997890304, 0.002109696] 
nWPr79 0 [0.999927424, 7.257599999999998e-05] 
nWPr80 0 [0.999927424, 7.257599999999998e-05] 
nWPr81 1 [0.0002903039999999999, 0.999709696] 
nWPr82 1 [0.0002903039999999999, 0.999709696] 
nWPr83 1 [0.0023274239999999994, 0.997672576] 
nWPr84 1 [0.0006474239999999997, 0.999352576] 
nWIn04 0 [0.999927424, 7.257599999999998e-05] 
nWIn05 0 [0.999927424, 7.257599999999998e-05] 
nWIn10 0 [0.999927424, 7.257599999999998e-05] 
nWIn11 0 [0.999927424, 7.257599999999998e-05] 
nWIn12 0 [0.999927424, 7.257599999999998e-05] 
nWIn13 0 [0.999927424, 7.257599999999998e-05] 
nWIn17 1 [0.0011274239999999997, 0.998872576] 
nWIn18 0 [0.999927424, 7.257599999999998e-05] 
nWIn19 0 [0.998727424, 0.0012725759999999997] 
nWIn20 0 [0.999927424, 7.257599999999998e-05] 
nWIn24 0 [0.999927424, 7.257599999999998e-05] 
nWIn25 1 [0.0019703039999999995, 0.998029696] 
nWIn26 0 [0.999927424, 7.257599999999998e-05] 
nWIn27 0 [0.999570304, 0.0004296959999999998] 
nWIn29 0 [0.999927424, 7.257599999999998e-05] 
nWIn30 0 [0.999927424, 7.257599999999998e-05] 
nWIn31 0 [0.999927424, 7.257599999999998e-05] 
nWIn32 0 [0.999927424, 7.257599999999998e-05] 
nWIn33 0 [0.999927424, 7.257599999999998e-05] 
nWIn34 0 [0.999927424, 7.257599999999998e-05] 
nWIn35 1 [0.0014903039999999994, 0.998509696] 
nWIn36 0 [0.999927424, 7.257599999999998e-05] 
nWIn38 0 [0.999927424, 7.257599999999998e-05] 
nWIn39 0 [0.999927424, 7.257599999999998e-05] 
nWIn40 0 [0.999927424, 7.257599999999998e-05] 
nWIn41 0 [0.999927424, 7.257599999999998e-05] 
nWIn43 0 [0.999927424, 7.257599999999998e-05] 
nWIn44 1 [0.0002903039999999999, 0.999709696] 
nWIn45 0 [0.999927424, 7.257599999999998e-05] 
nWIn46 0 [0.999927424, 7.257599999999998e-05] 
nWIn47 0 [0.999927424, 7.257599999999998e-05] 
nWIn48 0 [0.999927424, 7.257599999999998e-05] 
nWIn49 0 [0.999927424, 7.257599999999998e-05] 
nWIn50 0 [0.999927424, 7.257599999999998e-05] 
nWIn51 0 [0.999927424, 7.257599999999998e-05] 
nWIn52 0 [0.997890304, 0.002109696] 
nWIn53 0 [0.999927424, 7.257599999999998e-05] 
nWIn54 0 [0.999927424, 7.257599999999998e-05] 
nWIn55 1 [0.0011274239999999997, 0.998872576] 
nWIn56 1 [0.0006474239999999997, 0.999352576] 
nWIn57 0 [0.999927424, 7.257599999999998e-05] 
nWIn58 0 [0.999927424, 7.257599999999998e-05] 
nWIn59 0 [0.999927424, 7.257599999999998e-05] 
nWIn60 0 [0.999927424, 7.257599999999998e-05] 
nWIn61 0 [0.999927424, 7.257599999999998e-05] 
nWIn62 0 [0.999927424, 7.257599999999998e-05] 
nWIn63 1 [0.0002903039999999999, 0.999709696] 
nWIn64 0 [0.999927424, 7.257599999999998e-05] 
nWIn65 0 [0.999927424, 7.257599999999998e-05] 
nWIn66 0 [0.999927424, 7.257599999999998e-05] 
nWIn67 0 [0.999927424, 7.257599999999998e-05] 
nWIn68 0 [0.999927424, 7.257599999999998e-05] 
nWIn69 1 [0.0002903039999999999, 0.999709696] 
nWIn71 0 [0.999927424, 7.257599999999998e-05] 
nWIn72 1 [0.0002903039999999999, 0.999709696] 
nWIn73 0 [0.999927424, 7.257599999999998e-05] 
nWIn80 0 [0.999927424, 7.257599999999998e-05] 
nWIn81 0 [0.999927424, 7.257599999999998e-05] 
nWIn82 0 [0.999927424, 7.257599999999998e-05] 
nWIn83 0 [0.999927424, 7.257599999999998e-05] 
nWIn84 0 [0.999927424, 7.257599999999998e-05] 
nWIn85 0 [0.999927424, 7.257599999999998e-05] 

Elite 3 OF_MAX_VPL 2707780036.57
nWWcat 1 [0.0002903039999999999, 0.999709696] 
nWPr05 1 [0.000770304, 0.999229696] 
nWPr11 0 [0.999570304, 0.0004296959999999998] 
nWPr12 0 [0.999927424, 7.257599999999998e-05] 
nWPr13 0 [0.999927424, 7.257599999999998e-05] 
nWPr18 0 [0.999927424, 7.257599999999998e-05] 
nWPr19 0 [0.999927424, 7.257599999999998e-05] 
nWPr20 0 [0.999447424, 0.0005525759999999999] 
nWPr24 0 [0.999570304, 0.0004296959999999998] 
nWPr25 0 [0.999927424, 7.257599999999998e-05] 
nWPr26 0 [0.999570304, 0.0004296959999999998] 
nWPr27 0 [0.999447424, 0.0005525759999999999] 
nWPr29 0 [0.999927424, 7.257599999999998e-05] 
nWPr30 0 [0.998247424, 0.0017525759999999998] 
nWPr31 0 [0.999927424, 7.257599999999998e-05] 
nWPr32 1 [0.0006474239999999997, 0.999352576] 
nWPr33 0 [0.999927424, 7.257599999999998e-05] 
nWPr34 0 [0.999090304, 0.0009096959999999999] 
nWPr35 0 [0.998370304, 0.001629696] 
nWPr36 0 [0.999927424, 7.257599999999998e-05] 
nWPr37 1 [0.0011274239999999997, 0.998872576] 
nWPr38 0 [0.999927424, 7.257599999999998e-05] 
nWPr39 0 [0.997890304, 0.002109696] 
nWPr40 0 [0.998247424, 0.0017525759999999998] 
nWPr41 0 [0.999927424, 7.257599999999998e-05] 
nWPr42 0 [0.999927424, 7.257599999999998e-05] 
nWPr43 0 [0.999927424, 7.257599999999998e-05] 
nWPr44 0 [0.900770304, 0.09922969599999998] 
nWPr45 0 [0.999927424, 7.257599999999998e-05] 
nWPr46 0 [0.999927424, 7.257599999999998e-05] 
nWPr47 0 [0.999447424, 0.0005525759999999999] 
nWPr48 0 [0.999927424, 7.257599999999998e-05] 
nWPr49 0 [0.999927424, 7.257599999999998e-05] 
nWPr50 0 [0.999927424, 7.257599999999998e-05] 
nWPr51 0 [0.999927424, 7.257599999999998e-05] 
nWPr52 0 [0.999927424, 7.257599999999998e-05] 
nWPr53 1 [0.0019703039999999995, 0.998029696] 
nWPr54 0 [0.999927424, 7.257599999999998e-05] 
nWPr55 0 [0.981127424, 0.018872575999999988] 
nWPr56 0 [0.999927424, 7.257599999999998e-05] 
nWPr57 0 [0.999927424, 7.257599999999998e-05] 
nWPr58 0 [0.999927424, 7.257599999999998e-05] 
nWPr59 0 [0.999927424, 7.257599999999998e-05] 
nWPr60 0 [0.999570304, 0.0004296959999999998] 
nWPr61 0 [0.999927424, 7.257599999999998e-05] 
nWPr62 0 [0.999927424, 7.257599999999998e-05] 
nWPr63 0 [0.999927424, 7.257599999999998e-05] 
nWPr64 1 [0.0002903039999999999, 0.999709696] 
nWPr65 0 [0.999927424, 7.257599999999998e-05] 
nWPr66 1 [0.0002903039999999999, 0.999709696] 
nWPr67 1 [0.0002903039999999999, 0.999709696] 
nWPr68 0 [0.999927424, 7.257599999999998e-05] 
nWPr69 0 [0.998370304, 0.001629696] 
nWPr70 0 [0.999927424, 7.257599999999998e-05] 
nWPr72 0 [0.999927424, 7.257599999999998e-05] 
nWPr73 0 [0.999927424, 7.257599999999998e-05] 
nWPr74 0 [0.999927424, 7.257599999999998e-05] 
nWPr75 0 [0.999927424, 7.257599999999998e-05] 
nWPr76 0 [0.997890304, 0.002109696] 
nWPr79 0 [0.999927424, 7.257599999999998e-05] 
nWPr80 0 [0.999927424, 7.257599999999998e-05] 
nWPr81 1 [0.0002903039999999999, 0.999709696] 
nWPr82 1 [0.0002903039999999999, 0.999709696] 
nWPr83 1 [0.0023274239999999994, 0.997672576] 
nWPr84 1 [0.0006474239999999997, 0.999352576] 
nWIn04 0 [0.999927424, 7.257599999999998e-05] 
nWIn05 0 [0.999927424, 7.257599999999998e-05] 
nWIn10 0 [0.999927424, 7.257599999999998e-05] 
nWIn11 0 [0.999927424, 7.257599999999998e-05] 
nWIn12 0 [0.999927424, 7.257599999999998e-05] 
nWIn13 0 [0.999927424, 7.257599999999998e-05] 
nWIn17 1 [0.0011274239999999997, 0.998872576] 
nWIn18 0 [0.999927424, 7.257599999999998e-05] 
nWIn19 0 [0.998727424, 0.0012725759999999997] 
nWIn20 0 [0.999927424, 7.257599999999998e-05] 
nWIn24 0 [0.999927424, 7.257599999999998e-05] 
nWIn25 1 [0.0019703039999999995, 0.998029696] 
nWIn26 0 [0.999927424, 7.257599999999998e-05] 
nWIn27 0 [0.999570304, 0.0004296959999999998] 
nWIn29 0 [0.999927424, 7.257599999999998e-05] 
nWIn30 0 [0.999927424, 7.257599999999998e-05] 
nWIn31 0 [0.999927424, 7.257599999999998e-05] 
nWIn32 0 [0.999927424, 7.257599999999998e-05] 
nWIn33 0 [0.999927424, 7.257599999999998e-05] 
nWIn34 0 [0.999927424, 7.257599999999998e-05] 
nWIn35 1 [0.0014903039999999994, 0.998509696] 
nWIn36 0 [0.999927424, 7.257599999999998e-05] 
nWIn38 0 [0.999927424, 7.257599999999998e-05] 
nWIn39 0 [0.999927424, 7.257599999999998e-05] 
nWIn40 0 [0.999927424, 7.257599999999998e-05] 
nWIn41 0 [0.999927424, 7.257599999999998e-05] 
nWIn43 0 [0.999927424, 7.257599999999998e-05] 
nWIn44 1 [0.0002903039999999999, 0.999709696] 
nWIn45 0 [0.999927424, 7.257599999999998e-05] 
nWIn46 0 [0.999927424, 7.257599999999998e-05] 
nWIn47 0 [0.999927424, 7.257599999999998e-05] 
nWIn48 0 [0.999927424, 7.257599999999998e-05] 
nWIn49 0 [0.999927424, 7.257599999999998e-05] 
nWIn50 0 [0.999927424, 7.257599999999998e-05] 
nWIn51 0 [0.999927424, 7.257599999999998e-05] 
nWIn52 0 [0.997890304, 0.002109696] 
nWIn53 0 [0.999927424, 7.257599999999998e-05] 
nWIn54 0 [0.999927424, 7.257599999999998e-05] 
nWIn55 1 [0.0011274239999999997, 0.998872576] 
nWIn56 1 [0.0006474239999999997, 0.999352576] 
nWIn57 0 [0.999927424, 7.257599999999998e-05] 
nWIn58 0 [0.999927424, 7.257599999999998e-05] 
nWIn59 0 [0.999927424, 7.257599999999998e-05] 
nWIn60 0 [0.999927424, 7.257599999999998e-05] 
nWIn61 0 [0.999927424, 7.257599999999998e-05] 
nWIn62 0 [0.999927424, 7.257599999999998e-05] 
nWIn63 1 [0.0002903039999999999, 0.999709696] 
nWIn64 0 [0.999927424, 7.257599999999998e-05] 
nWIn65 0 [0.999927424, 7.257599999999998e-05] 
nWIn66 0 [0.999927424, 7.257599999999998e-05] 
nWIn67 0 [0.999927424, 7.257599999999998e-05] 
nWIn68 0 [0.999927424, 7.257599999999998e-05] 
nWIn69 1 [0.0002903039999999999, 0.999709696] 
nWIn71 0 [0.999927424, 7.257599999999998e-05] 
nWIn72 1 [0.0002903039999999999, 0.999709696] 
nWIn73 0 [0.999927424, 7.257599999999998e-05] 
nWIn80 0 [0.999927424, 7.257599999999998e-05] 
nWIn81 0 [0.999927424, 7.257599999999998e-05] 
nWIn82 0 [0.999927424, 7.257599999999998e-05] 
nWIn83 0 [0.999927424, 7.257599999999998e-05] 
nWIn84 0 [0.999927424, 7.257599999999998e-05] 
nWIn85 0 [0.999927424, 7.257599999999998e-05] 

Elite 4 OF_MAX_VPL 2707780036.57
nWWcat 1 [0.0002903039999999999, 0.999709696] 
nWPr05 1 [0.000770304, 0.999229696] 
nWPr11 0 [0.999570304, 0.0004296959999999998] 
nWPr12 0 [0.999927424, 7.257599999999998e-05] 
nWPr13 0 [0.999927424, 7.257599999999998e-05] 
nWPr18 0 [0.999927424, 7.257599999999998e-05] 
nWPr19 0 [0.999927424, 7.257599999999998e-05] 
nWPr20 0 [0.999447424, 0.0005525759999999999] 
nWPr24 0 [0.999570304, 0.0004296959999999998] 
nWPr25 0 [0.999927424, 7.257599999999998e-05] 
nWPr26 0 [0.999570304, 0.0004296959999999998] 
nWPr27 0 [0.999447424, 0.0005525759999999999] 
nWPr29 0 [0.999927424, 7.257599999999998e-05] 
nWPr30 0 [0.998247424, 0.0017525759999999998] 
nWPr31 0 [0.999927424, 7.257599999999998e-05] 
nWPr32 1 [0.0006474239999999997, 0.999352576] 
nWPr33 0 [0.999927424, 7.257599999999998e-05] 
nWPr34 0 [0.999090304, 0.0009096959999999999] 
nWPr35 0 [0.998370304, 0.001629696] 
nWPr36 0 [0.999927424, 7.257599999999998e-05] 
nWPr37 1 [0.0011274239999999997, 0.998872576] 
nWPr38 0 [0.999927424, 7.257599999999998e-05] 
nWPr39 0 [0.997890304, 0.002109696] 
nWPr40 0 [0.998247424, 0.0017525759999999998] 
nWPr41 0 [0.999927424, 7.257599999999998e-05] 
nWPr42 0 [0.999927424, 7.257599999999998e-05] 
nWPr43 0 [0.999927424, 7.257599999999998e-05] 
nWPr44 0 [0.900770304, 0.09922969599999998] 
nWPr45 0 [0.999927424, 7.257599999999998e-05] 
nWPr46 0 [0.999927424, 7.257599999999998e-05] 
nWPr47 0 [0.999447424, 0.0005525759999999999] 
nWPr48 0 [0.999927424, 7.257599999999998e-05] 
nWPr49 0 [0.999927424, 7.257599999999998e-05] 
nWPr50 0 [0.999927424, 7.257599999999998e-05] 
nWPr51 0 [0.999927424, 7.257599999999998e-05] 
nWPr52 0 [0.999927424, 7.257599999999998e-05] 
nWPr53 1 [0.0019703039999999995, 0.998029696] 
nWPr54 0 [0.999927424, 7.257599999999998e-05] 
nWPr55 0 [0.981127424, 0.018872575999999988] 
nWPr56 0 [0.999927424, 7.257599999999998e-05] 
nWPr57 0 [0.999927424, 7.257599999999998e-05] 
nWPr58 0 [0.999927424, 7.257599999999998e-05] 
nWPr59 0 [0.999927424, 7.257599999999998e-05] 
nWPr60 0 [0.999570304, 0.0004296959999999998] 
nWPr61 0 [0.999927424, 7.257599999999998e-05] 
nWPr62 0 [0.999927424, 7.257599999999998e-05] 
nWPr63 0 [0.999927424, 7.257599999999998e-05] 
nWPr64 1 [0.0002903039999999999, 0.999709696] 
nWPr65 0 [0.999927424, 7.257599999999998e-05] 
nWPr66 1 [0.0002903039999999999, 0.999709696] 
nWPr67 1 [0.0002903039999999999, 0.999709696] 
nWPr68 0 [0.999927424, 7.257599999999998e-05] 
nWPr69 0 [0.998370304, 0.001629696] 
nWPr70 0 [0.999927424, 7.257599999999998e-05] 
nWPr72 0 [0.999927424, 7.257599999999998e-05] 
nWPr73 0 [0.999927424, 7.257599999999998e-05] 
nWPr74 0 [0.999927424, 7.257599999999998e-05] 
nWPr75 0 [0.999927424, 7.257599999999998e-05] 
nWPr76 0 [0.997890304, 0.002109696] 
nWPr79 0 [0.999927424, 7.257599999999998e-05] 
nWPr80 0 [0.999927424, 7.257599999999998e-05] 
nWPr81 1 [0.0002903039999999999, 0.999709696] 
nWPr82 1 [0.0002903039999999999, 0.999709696] 
nWPr83 1 [0.0023274239999999994, 0.997672576] 
nWPr84 1 [0.0006474239999999997, 0.999352576] 
nWIn04 0 [0.999927424, 7.257599999999998e-05] 
nWIn05 0 [0.999927424, 7.257599999999998e-05] 
nWIn10 0 [0.999927424, 7.257599999999998e-05] 
nWIn11 0 [0.999927424, 7.257599999999998e-05] 
nWIn12 0 [0.999927424, 7.257599999999998e-05] 
nWIn13 0 [0.999927424, 7.257599999999998e-05] 
nWIn17 1 [0.0011274239999999997, 0.998872576] 
nWIn18 0 [0.999927424, 7.257599999999998e-05] 
nWIn19 0 [0.998727424, 0.0012725759999999997] 
nWIn20 0 [0.999927424, 7.257599999999998e-05] 
nWIn24 0 [0.999927424, 7.257599999999998e-05] 
nWIn25 1 [0.0019703039999999995, 0.998029696] 
nWIn26 0 [0.999927424, 7.257599999999998e-05] 
nWIn27 0 [0.999570304, 0.0004296959999999998] 
nWIn29 0 [0.999927424, 7.257599999999998e-05] 
nWIn30 0 [0.999927424, 7.257599999999998e-05] 
nWIn31 0 [0.999927424, 7.257599999999998e-05] 
nWIn32 0 [0.999927424, 7.257599999999998e-05] 
nWIn33 0 [0.999927424, 7.257599999999998e-05] 
nWIn34 0 [0.999927424, 7.257599999999998e-05] 
nWIn35 1 [0.0014903039999999994, 0.998509696] 
nWIn36 0 [0.999927424, 7.257599999999998e-05] 
nWIn38 0 [0.999927424, 7.257599999999998e-05] 
nWIn39 0 [0.999927424, 7.257599999999998e-05] 
nWIn40 0 [0.999927424, 7.257599999999998e-05] 
nWIn41 0 [0.999927424, 7.257599999999998e-05] 
nWIn43 0 [0.999927424, 7.257599999999998e-05] 
nWIn44 1 [0.0002903039999999999, 0.999709696] 
nWIn45 0 [0.999927424, 7.257599999999998e-05] 
nWIn46 0 [0.999927424, 7.257599999999998e-05] 
nWIn47 0 [0.999927424, 7.257599999999998e-05] 
nWIn48 0 [0.999927424, 7.257599999999998e-05] 
nWIn49 0 [0.999927424, 7.257599999999998e-05] 
nWIn50 0 [0.999927424, 7.257599999999998e-05] 
nWIn51 0 [0.999927424, 7.257599999999998e-05] 
nWIn52 0 [0.997890304, 0.002109696] 
nWIn53 0 [0.999927424, 7.257599999999998e-05] 
nWIn54 0 [0.999927424, 7.257599999999998e-05] 
nWIn55 1 [0.0011274239999999997, 0.998872576] 
nWIn56 1 [0.0006474239999999997, 0.999352576] 
nWIn57 0 [0.999927424, 7.257599999999998e-05] 
nWIn58 0 [0.999927424, 7.257599999999998e-05] 
nWIn59 0 [0.999927424, 7.257599999999998e-05] 
nWIn60 0 [0.999927424, 7.257599999999998e-05] 
nWIn61 0 [0.999927424, 7.257599999999998e-05] 
nWIn62 0 [0.999927424, 7.257599999999998e-05] 
nWIn63 1 [0.0002903039999999999, 0.999709696] 
nWIn64 0 [0.999927424, 7.257599999999998e-05] 
nWIn65 0 [0.999927424, 7.257599999999998e-05] 
nWIn66 0 [0.999927424, 7.257599999999998e-05] 
nWIn67 0 [0.999927424, 7.257599999999998e-05] 
nWIn68 0 [0.999927424, 7.257599999999998e-05] 
nWIn69 1 [0.0002903039999999999, 0.999709696] 
nWIn71 0 [0.999927424, 7.257599999999998e-05] 
nWIn72 1 [0.0002903039999999999, 0.999709696] 
nWIn73 0 [0.999927424, 7.257599999999998e-05] 
nWIn80 0 [0.999927424, 7.257599999999998e-05] 
nWIn81 0 [0.999927424, 7.257599999999998e-05] 
nWIn82 0 [0.999927424, 7.257599999999998e-05] 
nWIn83 0 [0.999927424, 7.257599999999998e-05] 
nWIn84 0 [0.999927424, 7.257599999999998e-05] 
nWIn85 0 [0.999927424, 7.257599999999998e-05] 

Elite 5 OF_MAX_VPL 2707780036.57
nWWcat 1 [0.0002903039999999999, 0.999709696] 
nWPr05 1 [0.000770304, 0.999229696] 
nWPr11 0 [0.999570304, 0.0004296959999999998] 
nWPr12 0 [0.999927424, 7.257599999999998e-05] 
nWPr13 0 [0.999927424, 7.257599999999998e-05] 
nWPr18 0 [0.999927424, 7.257599999999998e-05] 
nWPr19 0 [0.999927424, 7.257599999999998e-05] 
nWPr20 0 [0.999447424, 0.0005525759999999999] 
nWPr24 0 [0.999570304, 0.0004296959999999998] 
nWPr25 0 [0.999927424, 7.257599999999998e-05] 
nWPr26 0 [0.999570304, 0.0004296959999999998] 
nWPr27 0 [0.999447424, 0.0005525759999999999] 
nWPr29 0 [0.999927424, 7.257599999999998e-05] 
nWPr30 0 [0.998247424, 0.0017525759999999998] 
nWPr31 0 [0.999927424, 7.257599999999998e-05] 
nWPr32 1 [0.0006474239999999997, 0.999352576] 
nWPr33 0 [0.999927424, 7.257599999999998e-05] 
nWPr34 0 [0.999090304, 0.0009096959999999999] 
nWPr35 0 [0.998370304, 0.001629696] 
nWPr36 0 [0.999927424, 7.257599999999998e-05] 
nWPr37 1 [0.0011274239999999997, 0.998872576] 
nWPr38 0 [0.999927424, 7.257599999999998e-05] 
nWPr39 0 [0.997890304, 0.002109696] 
nWPr40 0 [0.998247424, 0.0017525759999999998] 
nWPr41 0 [0.999927424, 7.257599999999998e-05] 
nWPr42 0 [0.999927424, 7.257599999999998e-05] 
nWPr43 0 [0.999927424, 7.257599999999998e-05] 
nWPr44 0 [0.900770304, 0.09922969599999998] 
nWPr45 0 [0.999927424, 7.257599999999998e-05] 
nWPr46 0 [0.999927424, 7.257599999999998e-05] 
nWPr47 0 [0.999447424, 0.0005525759999999999] 
nWPr48 0 [0.999927424, 7.257599999999998e-05] 
nWPr49 0 [0.999927424, 7.257599999999998e-05] 
nWPr50 0 [0.999927424, 7.257599999999998e-05] 
nWPr51 0 [0.999927424, 7.257599999999998e-05] 
nWPr52 0 [0.999927424, 7.257599999999998e-05] 
nWPr53 1 [0.0019703039999999995, 0.998029696] 
nWPr54 0 [0.999927424, 7.257599999999998e-05] 
nWPr55 0 [0.981127424, 0.018872575999999988] 
nWPr56 0 [0.999927424, 7.257599999999998e-05] 
nWPr57 0 [0.999927424, 7.257599999999998e-05] 
nWPr58 0 [0.999927424, 7.257599999999998e-05] 
nWPr59 0 [0.999927424, 7.257599999999998e-05] 
nWPr60 0 [0.999570304, 0.0004296959999999998] 
nWPr61 0 [0.999927424, 7.257599999999998e-05] 
nWPr62 0 [0.999927424, 7.257599999999998e-05] 
nWPr63 0 [0.999927424, 7.257599999999998e-05] 
nWPr64 1 [0.0002903039999999999, 0.999709696] 
nWPr65 0 [0.999927424, 7.257599999999998e-05] 
nWPr66 1 [0.0002903039999999999, 0.999709696] 
nWPr67 1 [0.0002903039999999999, 0.999709696] 
nWPr68 0 [0.999927424, 7.257599999999998e-05] 
nWPr69 0 [0.998370304, 0.001629696] 
nWPr70 0 [0.999927424, 7.257599999999998e-05] 
nWPr72 0 [0.999927424, 7.257599999999998e-05] 
nWPr73 0 [0.999927424, 7.257599999999998e-05] 
nWPr74 0 [0.999927424, 7.257599999999998e-05] 
nWPr75 0 [0.999927424, 7.257599999999998e-05] 
nWPr76 0 [0.997890304, 0.002109696] 
nWPr79 0 [0.999927424, 7.257599999999998e-05] 
nWPr80 0 [0.999927424, 7.257599999999998e-05] 
nWPr81 1 [0.0002903039999999999, 0.999709696] 
nWPr82 1 [0.0002903039999999999, 0.999709696] 
nWPr83 1 [0.0023274239999999994, 0.997672576] 
nWPr84 1 [0.0006474239999999997, 0.999352576] 
nWIn04 0 [0.999927424, 7.257599999999998e-05] 
nWIn05 0 [0.999927424, 7.257599999999998e-05] 
nWIn10 0 [0.999927424, 7.257599999999998e-05] 
nWIn11 0 [0.999927424, 7.257599999999998e-05] 
nWIn12 0 [0.999927424, 7.257599999999998e-05] 
nWIn13 0 [0.999927424, 7.257599999999998e-05] 
nWIn17 1 [0.0011274239999999997, 0.998872576] 
nWIn18 0 [0.999927424, 7.257599999999998e-05] 
nWIn19 0 [0.998727424, 0.0012725759999999997] 
nWIn20 0 [0.999927424, 7.257599999999998e-05] 
nWIn24 0 [0.999927424, 7.257599999999998e-05] 
nWIn25 1 [0.0019703039999999995, 0.998029696] 
nWIn26 0 [0.999927424, 7.257599999999998e-05] 
nWIn27 0 [0.999570304, 0.0004296959999999998] 
nWIn29 0 [0.999927424, 7.257599999999998e-05] 
nWIn30 0 [0.999927424, 7.257599999999998e-05] 
nWIn31 0 [0.999927424, 7.257599999999998e-05] 
nWIn32 0 [0.999927424, 7.257599999999998e-05] 
nWIn33 0 [0.999927424, 7.257599999999998e-05] 
nWIn34 0 [0.999927424, 7.257599999999998e-05] 
nWIn35 1 [0.0014903039999999994, 0.998509696] 
nWIn36 0 [0.999927424, 7.257599999999998e-05] 
nWIn38 0 [0.999927424, 7.257599999999998e-05] 
nWIn39 0 [0.999927424, 7.257599999999998e-05] 
nWIn40 0 [0.999927424, 7.257599999999998e-05] 
nWIn41 0 [0.999927424, 7.257599999999998e-05] 
nWIn43 0 [0.999927424, 7.257599999999998e-05] 
nWIn44 1 [0.0002903039999999999, 0.999709696] 
nWIn45 0 [0.999927424, 7.257599999999998e-05] 
nWIn46 0 [0.999927424, 7.257599999999998e-05] 
nWIn47 0 [0.999927424, 7.257599999999998e-05] 
nWIn48 0 [0.999927424, 7.257599999999998e-05] 
nWIn49 0 [0.999927424, 7.257599999999998e-05] 
nWIn50 0 [0.999927424, 7.257599999999998e-05] 
nWIn51 0 [0.999927424, 7.257599999999998e-05] 
nWIn52 0 [0.997890304, 0.002109696] 
nWIn53 0 [0.999927424, 7.257599999999998e-05] 
nWIn54 0 [0.999927424, 7.257599999999998e-05] 
nWIn55 1 [0.0011274239999999997, 0.998872576] 
nWIn56 1 [0.0006474239999999997, 0.999352576] 
nWIn57 0 [0.999927424, 7.257599999999998e-05] 
nWIn58 0 [0.999927424, 7.257599999999998e-05] 
nWIn59 0 [0.999927424, 7.257599999999998e-05] 
nWIn60 0 [0.999927424, 7.257599999999998e-05] 
nWIn61 0 [0.999927424, 7.257599999999998e-05] 
nWIn62 0 [0.999927424, 7.257599999999998e-05] 
nWIn63 1 [0.0002903039999999999, 0.999709696] 
nWIn64 0 [0.999927424, 7.257599999999998e-05] 
nWIn65 0 [0.999927424, 7.257599999999998e-05] 
nWIn66 0 [0.999927424, 7.257599999999998e-05] 
nWIn67 0 [0.999927424, 7.257599999999998e-05] 
nWIn68 0 [0.999927424, 7.257599999999998e-05] 
nWIn69 1 [0.0002903039999999999, 0.999709696] 
nWIn71 0 [0.999927424, 7.257599999999998e-05] 
nWIn72 1 [0.0002903039999999999, 0.999709696] 
nWIn73 0 [0.999927424, 7.257599999999998e-05] 
nWIn80 0 [0.999927424, 7.257599999999998e-05] 
nWIn81 0 [0.999927424, 7.257599999999998e-05] 
nWIn82 0 [0.999927424, 7.257599999999998e-05] 
nWIn83 0 [0.999927424, 7.257599999999998e-05] 
nWIn84 0 [0.999927424, 7.257599999999998e-05] 
nWIn85 0 [0.999927424, 7.257599999999998e-05] 

