Elite 1 OF_MAX_VPL 2805763653.03
nWWcat 0 [0.999927424, 7.257599999999998e-05] 
nWPr05 1 [0.0002903039999999999, 0.999709696] 
nWPr11 1 [0.0002903039999999999, 0.999709696] 
nWPr12 0 [0.999927424, 7.257599999999998e-05] 
nWPr13 0 [0.999570304, 0.0004296959999999998] 
nWPr18 0 [0.999927424, 7.257599999999998e-05] 
nWPr19 0 [0.999927424, 7.257599999999998e-05] 
nWPr20 0 [0.999927424, 7.257599999999998e-05] 
nWPr24 0 [0.999927424, 7.257599999999998e-05] 
nWPr25 0 [0.999927424, 7.257599999999998e-05] 
nWPr26 0 [0.999927424, 7.257599999999998e-05] 
nWPr27 0 [0.999927424, 7.257599999999998e-05] 
nWPr29 0 [0.998247424, 0.0017525759999999998] 
nWPr30 0 [0.999927424, 7.257599999999998e-05] 
nWPr31 0 [0.999927424, 7.257599999999998e-05] 
nWPr32 0 [0.999927424, 7.257599999999998e-05] 
nWPr33 0 [0.999927424, 7.257599999999998e-05] 
nWPr34 1 [0.0002903039999999999, 0.999709696] 
nWPr35 0 [0.999570304, 0.0004296959999999998] 
nWPr36 0 [0.999927424, 7.257599999999998e-05] 
nWPr37 0 [0.999927424, 7.257599999999998e-05] 
nWPr38 0 [0.999927424, 7.257599999999998e-05] 
nWPr39 0 [0.999927424, 7.257599999999998e-05] 
nWPr40 0 [0.999927424, 7.257599999999998e-05] 
nWPr41 1 [0.014290303999999992, 0.985709696] 
nWPr42 0 [0.999927424, 7.257599999999998e-05] 
nWPr43 0 [0.999927424, 7.257599999999998e-05] 
nWPr44 0 [0.999927424, 7.257599999999998e-05] 
nWPr45 0 [0.999927424, 7.257599999999998e-05] 
nWPr46 0 [0.999927424, 7.257599999999998e-05] 
nWPr47 0 [0.902327424, 0.09767257599999998] 
nWPr48 0 [0.999927424, 7.257599999999998e-05] 
nWPr49 0 [0.999927424, 7.257599999999998e-05] 
nWPr50 0 [0.999927424, 7.257599999999998e-05] 
nWPr51 0 [0.999927424, 7.257599999999998e-05] 
nWPr52 0 [0.999927424, 7.257599999999998e-05] 
nWPr53 0 [0.999927424, 7.257599999999998e-05] 
nWPr54 1 [0.0006474239999999997, 0.999352576] 
nWPr55 0 [0.999927424, 7.257599999999998e-05] 
nWPr56 0 [0.999927424, 7.257599999999998e-05] 
nWPr57 0 [0.999927424, 7.257599999999998e-05] 
nWPr58 0 [0.999927424, 7.257599999999998e-05] 
nWPr59 1 [0.0019703039999999995, 0.998029696] 
nWPr60 1 [0.0002903039999999999, 0.999709696] 
nWPr61 0 [0.999927424, 7.257599999999998e-05] 
nWPr62 0 [0.999927424, 7.257599999999998e-05] 
nWPr63 0 [0.999927424, 7.257599999999998e-05] 
nWPr64 0 [0.999927424, 7.257599999999998e-05] 
nWPr65 0 [0.999927424, 7.257599999999998e-05] 
nWPr66 0 [0.996327424, 0.003672575999999999] 
nWPr67 0 [0.999570304, 0.0004296959999999998] 
nWPr68 0 [0.994290304, 0.0057096959999999985] 
nWPr69 0 [0.999570304, 0.0004296959999999998] 
nWPr70 0 [0.999927424, 7.257599999999998e-05] 
nWPr72 1 [0.0002903039999999999, 0.999709696] 
nWPr73 0 [0.999927424, 7.257599999999998e-05] 
nWPr74 0 [0.999927424, 7.257599999999998e-05] 
nWPr75 0 [0.999927424, 7.257599999999998e-05] 
nWPr76 1 [0.0002903039999999999, 0.999709696] 
nWPr79 0 [0.999927424, 7.257599999999998e-05] 
nWPr80 0 [0.999927424, 7.257599999999998e-05] 
nWPr81 1 [0.0002903039999999999, 0.999709696] 
nWPr82 0 [0.999927424, 7.257599999999998e-05] 
nWPr83 0 [0.999927424, 7.257599999999998e-05] 
nWPr84 0 [0.999927424, 7.257599999999998e-05] 
nWIn04 0 [0.999927424, 7.257599999999998e-05] 
nWIn05 0 [0.997890304, 0.002109696] 
nWIn10 0 [0.999927424, 7.257599999999998e-05] 
nWIn11 0 [0.999927424, 7.257599999999998e-05] 
nWIn12 0 [0.999927424, 7.257599999999998e-05] 
nWIn13 0 [0.999927424, 7.257599999999998e-05] 
nWIn17 0 [0.999570304, 0.0004296959999999998] 
nWIn18 0 [0.999570304, 0.0004296959999999998] 
nWIn19 1 [0.0002903039999999999, 0.999709696] 
nWIn20 0 [0.999927424, 7.257599999999998e-05] 
nWIn24 0 [0.984247424, 0.015752575999999994] 
nWIn25 0 [0.999927424, 7.257599999999998e-05] 
nWIn26 0 [0.999927424, 7.257599999999998e-05] 
nWIn27 0 [0.999927424, 7.257599999999998e-05] 
nWIn29 0 [0.999927424, 7.257599999999998e-05] 
nWIn30 0 [0.999927424, 7.257599999999998e-05] 
nWIn31 0 [0.999927424, 7.257599999999998e-05] 
nWIn32 0 [0.999927424, 7.257599999999998e-05] 
nWIn33 0 [0.999927424, 7.257599999999998e-05] 
nWIn34 0 [0.999927424, 7.257599999999998e-05] 
nWIn35 0 [0.999927424, 7.257599999999998e-05] 
nWIn36 1 [0.0006474239999999997, 0.999352576] 
nWIn38 1 [0.0023274239999999994, 0.997672576] 
nWIn39 0 [0.999927424, 7.257599999999998e-05] 
nWIn40 0 [0.996327424, 0.003672575999999999] 
nWIn41 0 [0.999927424, 7.257599999999998e-05] 
nWIn43 0 [0.999927424, 7.257599999999998e-05] 
nWIn44 0 [0.999927424, 7.257599999999998e-05] 
nWIn45 0 [0.999927424, 7.257599999999998e-05] 
nWIn46 0 [0.999927424, 7.257599999999998e-05] 
nWIn47 0 [0.999927424, 7.257599999999998e-05] 
nWIn48 0 [0.999927424, 7.257599999999998e-05] 
nWIn49 1 [0.0002903039999999999, 0.999709696] 
nWIn50 0 [0.999927424, 7.257599999999998e-05] 
nWIn51 0 [0.999927424, 7.257599999999998e-05] 
nWIn52 0 [0.999927424, 7.257599999999998e-05] 
nWIn53 0 [0.999927424, 7.257599999999998e-05] 
nWIn54 0 [0.999927424, 7.257599999999998e-05] 
nWIn55 1 [0.0002903039999999999, 0.999709696] 
nWIn56 0 [0.999927424, 7.257599999999998e-05] 
nWIn57 0 [0.999927424, 7.257599999999998e-05] 
nWIn58 0 [0.999927424, 7.257599999999998e-05] 
nWIn59 0 [0.999570304, 0.0004296959999999998] 
nWIn60 0 [0.999927424, 7.257599999999998e-05] 
nWIn61 0 [0.999927424, 7.257599999999998e-05] 
nWIn62 0 [0.999927424, 7.257599999999998e-05] 
nWIn63 0 [0.999927424, 7.257599999999998e-05] 
nWIn64 0 [0.999927424, 7.257599999999998e-05] 
nWIn65 0 [0.999927424, 7.257599999999998e-05] 
nWIn66 0 [0.999927424, 7.257599999999998e-05] 
nWIn67 1 [0.0002903039999999999, 0.999709696] 
nWIn68 0 [0.999927424, 7.257599999999998e-05] 
nWIn69 0 [0.999927424, 7.257599999999998e-05] 
nWIn71 0 [0.999927424, 7.257599999999998e-05] 
nWIn72 0 [0.999927424, 7.257599999999998e-05] 
nWIn73 0 [0.999927424, 7.257599999999998e-05] 
nWIn80 0 [0.999927424, 7.257599999999998e-05] 
nWIn81 0 [0.999927424, 7.257599999999998e-05] 
nWIn82 1 [0.0002903039999999999, 0.999709696] 
nWIn83 0 [0.999927424, 7.257599999999998e-05] 
nWIn84 0 [0.999927424, 7.257599999999998e-05] 
nWIn85 0 [0.999927424, 7.257599999999998e-05] 

Elite 2 OF_MAX_VPL 2805763653.03
nWWcat 0 [0.999927424, 7.257599999999998e-05] 
nWPr05 1 [0.0002903039999999999, 0.999709696] 
nWPr11 1 [0.0002903039999999999, 0.999709696] 
nWPr12 0 [0.999927424, 7.257599999999998e-05] 
nWPr13 0 [0.999570304, 0.0004296959999999998] 
nWPr18 0 [0.999927424, 7.257599999999998e-05] 
nWPr19 0 [0.999927424, 7.257599999999998e-05] 
nWPr20 0 [0.999927424, 7.257599999999998e-05] 
nWPr24 0 [0.999927424, 7.257599999999998e-05] 
nWPr25 0 [0.999927424, 7.257599999999998e-05] 
nWPr26 0 [0.999927424, 7.257599999999998e-05] 
nWPr27 0 [0.999927424, 7.257599999999998e-05] 
nWPr29 0 [0.998247424, 0.0017525759999999998] 
nWPr30 0 [0.999927424, 7.257599999999998e-05] 
nWPr31 0 [0.999927424, 7.257599999999998e-05] 
nWPr32 0 [0.999927424, 7.257599999999998e-05] 
nWPr33 0 [0.999927424, 7.257599999999998e-05] 
nWPr34 1 [0.0002903039999999999, 0.999709696] 
nWPr35 0 [0.999570304, 0.0004296959999999998] 
nWPr36 0 [0.999927424, 7.257599999999998e-05] 
nWPr37 0 [0.999927424, 7.257599999999998e-05] 
nWPr38 0 [0.999927424, 7.257599999999998e-05] 
nWPr39 0 [0.999927424, 7.257599999999998e-05] 
nWPr40 0 [0.999927424, 7.257599999999998e-05] 
nWPr41 1 [0.014290303999999992, 0.985709696] 
nWPr42 0 [0.999927424, 7.257599999999998e-05] 
nWPr43 0 [0.999927424, 7.257599999999998e-05] 
nWPr44 0 [0.999927424, 7.257599999999998e-05] 
nWPr45 0 [0.999927424, 7.257599999999998e-05] 
nWPr46 0 [0.999927424, 7.257599999999998e-05] 
nWPr47 0 [0.902327424, 0.09767257599999998] 
nWPr48 0 [0.999927424, 7.257599999999998e-05] 
nWPr49 0 [0.999927424, 7.257599999999998e-05] 
nWPr50 0 [0.999927424, 7.257599999999998e-05] 
nWPr51 0 [0.999927424, 7.257599999999998e-05] 
nWPr52 0 [0.999927424, 7.257599999999998e-05] 
nWPr53 0 [0.999927424, 7.257599999999998e-05] 
nWPr54 1 [0.0006474239999999997, 0.999352576] 
nWPr55 0 [0.999927424, 7.257599999999998e-05] 
nWPr56 0 [0.999927424, 7.257599999999998e-05] 
nWPr57 0 [0.999927424, 7.257599999999998e-05] 
nWPr58 0 [0.999927424, 7.257599999999998e-05] 
nWPr59 1 [0.0019703039999999995, 0.998029696] 
nWPr60 1 [0.0002903039999999999, 0.999709696] 
nWPr61 0 [0.999927424, 7.257599999999998e-05] 
nWPr62 0 [0.999927424, 7.257599999999998e-05] 
nWPr63 0 [0.999927424, 7.257599999999998e-05] 
nWPr64 0 [0.999927424, 7.257599999999998e-05] 
nWPr65 0 [0.999927424, 7.257599999999998e-05] 
nWPr66 0 [0.996327424, 0.003672575999999999] 
nWPr67 0 [0.999570304, 0.0004296959999999998] 
nWPr68 0 [0.994290304, 0.0057096959999999985] 
nWPr69 0 [0.999570304, 0.0004296959999999998] 
nWPr70 0 [0.999927424, 7.257599999999998e-05] 
nWPr72 1 [0.0002903039999999999, 0.999709696] 
nWPr73 0 [0.999927424, 7.257599999999998e-05] 
nWPr74 0 [0.999927424, 7.257599999999998e-05] 
nWPr75 0 [0.999927424, 7.257599999999998e-05] 
nWPr76 1 [0.0002903039999999999, 0.999709696] 
nWPr79 0 [0.999927424, 7.257599999999998e-05] 
nWPr80 0 [0.999927424, 7.257599999999998e-05] 
nWPr81 1 [0.0002903039999999999, 0.999709696] 
nWPr82 0 [0.999927424, 7.257599999999998e-05] 
nWPr83 0 [0.999927424, 7.257599999999998e-05] 
nWPr84 0 [0.999927424, 7.257599999999998e-05] 
nWIn04 0 [0.999927424, 7.257599999999998e-05] 
nWIn05 0 [0.997890304, 0.002109696] 
nWIn10 0 [0.999927424, 7.257599999999998e-05] 
nWIn11 0 [0.999927424, 7.257599999999998e-05] 
nWIn12 0 [0.999927424, 7.257599999999998e-05] 
nWIn13 0 [0.999927424, 7.257599999999998e-05] 
nWIn17 0 [0.999570304, 0.0004296959999999998] 
nWIn18 0 [0.999570304, 0.0004296959999999998] 
nWIn19 1 [0.0002903039999999999, 0.999709696] 
nWIn20 0 [0.999927424, 7.257599999999998e-05] 
nWIn24 0 [0.984247424, 0.015752575999999994] 
nWIn25 0 [0.999927424, 7.257599999999998e-05] 
nWIn26 0 [0.999927424, 7.257599999999998e-05] 
nWIn27 0 [0.999927424, 7.257599999999998e-05] 
nWIn29 0 [0.999927424, 7.257599999999998e-05] 
nWIn30 0 [0.999927424, 7.257599999999998e-05] 
nWIn31 0 [0.999927424, 7.257599999999998e-05] 
nWIn32 0 [0.999927424, 7.257599999999998e-05] 
nWIn33 0 [0.999927424, 7.257599999999998e-05] 
nWIn34 0 [0.999927424, 7.257599999999998e-05] 
nWIn35 0 [0.999927424, 7.257599999999998e-05] 
nWIn36 1 [0.0006474239999999997, 0.999352576] 
nWIn38 1 [0.0023274239999999994, 0.997672576] 
nWIn39 0 [0.999927424, 7.257599999999998e-05] 
nWIn40 0 [0.996327424, 0.003672575999999999] 
nWIn41 0 [0.999927424, 7.257599999999998e-05] 
nWIn43 0 [0.999927424, 7.257599999999998e-05] 
nWIn44 0 [0.999927424, 7.257599999999998e-05] 
nWIn45 0 [0.999927424, 7.257599999999998e-05] 
nWIn46 0 [0.999927424, 7.257599999999998e-05] 
nWIn47 0 [0.999927424, 7.257599999999998e-05] 
nWIn48 0 [0.999927424, 7.257599999999998e-05] 
nWIn49 1 [0.0002903039999999999, 0.999709696] 
nWIn50 0 [0.999927424, 7.257599999999998e-05] 
nWIn51 0 [0.999927424, 7.257599999999998e-05] 
nWIn52 0 [0.999927424, 7.257599999999998e-05] 
nWIn53 0 [0.999927424, 7.257599999999998e-05] 
nWIn54 0 [0.999927424, 7.257599999999998e-05] 
nWIn55 1 [0.0002903039999999999, 0.999709696] 
nWIn56 0 [0.999927424, 7.257599999999998e-05] 
nWIn57 0 [0.999927424, 7.257599999999998e-05] 
nWIn58 0 [0.999927424, 7.257599999999998e-05] 
nWIn59 0 [0.999570304, 0.0004296959999999998] 
nWIn60 0 [0.999927424, 7.257599999999998e-05] 
nWIn61 0 [0.999927424, 7.257599999999998e-05] 
nWIn62 0 [0.999927424, 7.257599999999998e-05] 
nWIn63 0 [0.999927424, 7.257599999999998e-05] 
nWIn64 0 [0.999927424, 7.257599999999998e-05] 
nWIn65 0 [0.999927424, 7.257599999999998e-05] 
nWIn66 0 [0.999927424, 7.257599999999998e-05] 
nWIn67 1 [0.0002903039999999999, 0.999709696] 
nWIn68 0 [0.999927424, 7.257599999999998e-05] 
nWIn69 0 [0.999927424, 7.257599999999998e-05] 
nWIn71 0 [0.999927424, 7.257599999999998e-05] 
nWIn72 0 [0.999927424, 7.257599999999998e-05] 
nWIn73 0 [0.999927424, 7.257599999999998e-05] 
nWIn80 0 [0.999927424, 7.257599999999998e-05] 
nWIn81 0 [0.999927424, 7.257599999999998e-05] 
nWIn82 1 [0.0002903039999999999, 0.999709696] 
nWIn83 0 [0.999927424, 7.257599999999998e-05] 
nWIn84 0 [0.999927424, 7.257599999999998e-05] 
nWIn85 0 [0.999927424, 7.257599999999998e-05] 

Elite 3 OF_MAX_VPL 2805763653.03
nWWcat 0 [0.999927424, 7.257599999999998e-05] 
nWPr05 1 [0.0002903039999999999, 0.999709696] 
nWPr11 1 [0.0002903039999999999, 0.999709696] 
nWPr12 0 [0.999927424, 7.257599999999998e-05] 
nWPr13 0 [0.999570304, 0.0004296959999999998] 
nWPr18 0 [0.999927424, 7.257599999999998e-05] 
nWPr19 0 [0.999927424, 7.257599999999998e-05] 
nWPr20 0 [0.999927424, 7.257599999999998e-05] 
nWPr24 0 [0.999927424, 7.257599999999998e-05] 
nWPr25 0 [0.999927424, 7.257599999999998e-05] 
nWPr26 0 [0.999927424, 7.257599999999998e-05] 
nWPr27 0 [0.999927424, 7.257599999999998e-05] 
nWPr29 0 [0.998247424, 0.0017525759999999998] 
nWPr30 0 [0.999927424, 7.257599999999998e-05] 
nWPr31 0 [0.999927424, 7.257599999999998e-05] 
nWPr32 0 [0.999927424, 7.257599999999998e-05] 
nWPr33 0 [0.999927424, 7.257599999999998e-05] 
nWPr34 1 [0.0002903039999999999, 0.999709696] 
nWPr35 0 [0.999570304, 0.0004296959999999998] 
nWPr36 0 [0.999927424, 7.257599999999998e-05] 
nWPr37 0 [0.999927424, 7.257599999999998e-05] 
nWPr38 0 [0.999927424, 7.257599999999998e-05] 
nWPr39 0 [0.999927424, 7.257599999999998e-05] 
nWPr40 0 [0.999927424, 7.257599999999998e-05] 
nWPr41 1 [0.014290303999999992, 0.985709696] 
nWPr42 0 [0.999927424, 7.257599999999998e-05] 
nWPr43 0 [0.999927424, 7.257599999999998e-05] 
nWPr44 0 [0.999927424, 7.257599999999998e-05] 
nWPr45 0 [0.999927424, 7.257599999999998e-05] 
nWPr46 0 [0.999927424, 7.257599999999998e-05] 
nWPr47 0 [0.902327424, 0.09767257599999998] 
nWPr48 0 [0.999927424, 7.257599999999998e-05] 
nWPr49 0 [0.999927424, 7.257599999999998e-05] 
nWPr50 0 [0.999927424, 7.257599999999998e-05] 
nWPr51 0 [0.999927424, 7.257599999999998e-05] 
nWPr52 0 [0.999927424, 7.257599999999998e-05] 
nWPr53 0 [0.999927424, 7.257599999999998e-05] 
nWPr54 1 [0.0006474239999999997, 0.999352576] 
nWPr55 0 [0.999927424, 7.257599999999998e-05] 
nWPr56 0 [0.999927424, 7.257599999999998e-05] 
nWPr57 0 [0.999927424, 7.257599999999998e-05] 
nWPr58 0 [0.999927424, 7.257599999999998e-05] 
nWPr59 1 [0.0019703039999999995, 0.998029696] 
nWPr60 1 [0.0002903039999999999, 0.999709696] 
nWPr61 0 [0.999927424, 7.257599999999998e-05] 
nWPr62 0 [0.999927424, 7.257599999999998e-05] 
nWPr63 0 [0.999927424, 7.257599999999998e-05] 
nWPr64 0 [0.999927424, 7.257599999999998e-05] 
nWPr65 0 [0.999927424, 7.257599999999998e-05] 
nWPr66 0 [0.996327424, 0.003672575999999999] 
nWPr67 0 [0.999570304, 0.0004296959999999998] 
nWPr68 0 [0.994290304, 0.0057096959999999985] 
nWPr69 0 [0.999570304, 0.0004296959999999998] 
nWPr70 0 [0.999927424, 7.257599999999998e-05] 
nWPr72 1 [0.0002903039999999999, 0.999709696] 
nWPr73 0 [0.999927424, 7.257599999999998e-05] 
nWPr74 0 [0.999927424, 7.257599999999998e-05] 
nWPr75 0 [0.999927424, 7.257599999999998e-05] 
nWPr76 1 [0.0002903039999999999, 0.999709696] 
nWPr79 0 [0.999927424, 7.257599999999998e-05] 
nWPr80 0 [0.999927424, 7.257599999999998e-05] 
nWPr81 1 [0.0002903039999999999, 0.999709696] 
nWPr82 0 [0.999927424, 7.257599999999998e-05] 
nWPr83 0 [0.999927424, 7.257599999999998e-05] 
nWPr84 0 [0.999927424, 7.257599999999998e-05] 
nWIn04 0 [0.999927424, 7.257599999999998e-05] 
nWIn05 0 [0.997890304, 0.002109696] 
nWIn10 0 [0.999927424, 7.257599999999998e-05] 
nWIn11 0 [0.999927424, 7.257599999999998e-05] 
nWIn12 0 [0.999927424, 7.257599999999998e-05] 
nWIn13 0 [0.999927424, 7.257599999999998e-05] 
nWIn17 0 [0.999570304, 0.0004296959999999998] 
nWIn18 0 [0.999570304, 0.0004296959999999998] 
nWIn19 1 [0.0002903039999999999, 0.999709696] 
nWIn20 0 [0.999927424, 7.257599999999998e-05] 
nWIn24 0 [0.984247424, 0.015752575999999994] 
nWIn25 0 [0.999927424, 7.257599999999998e-05] 
nWIn26 0 [0.999927424, 7.257599999999998e-05] 
nWIn27 0 [0.999927424, 7.257599999999998e-05] 
nWIn29 0 [0.999927424, 7.257599999999998e-05] 
nWIn30 0 [0.999927424, 7.257599999999998e-05] 
nWIn31 0 [0.999927424, 7.257599999999998e-05] 
nWIn32 0 [0.999927424, 7.257599999999998e-05] 
nWIn33 0 [0.999927424, 7.257599999999998e-05] 
nWIn34 0 [0.999927424, 7.257599999999998e-05] 
nWIn35 0 [0.999927424, 7.257599999999998e-05] 
nWIn36 1 [0.0006474239999999997, 0.999352576] 
nWIn38 1 [0.0023274239999999994, 0.997672576] 
nWIn39 0 [0.999927424, 7.257599999999998e-05] 
nWIn40 0 [0.996327424, 0.003672575999999999] 
nWIn41 0 [0.999927424, 7.257599999999998e-05] 
nWIn43 0 [0.999927424, 7.257599999999998e-05] 
nWIn44 0 [0.999927424, 7.257599999999998e-05] 
nWIn45 0 [0.999927424, 7.257599999999998e-05] 
nWIn46 0 [0.999927424, 7.257599999999998e-05] 
nWIn47 0 [0.999927424, 7.257599999999998e-05] 
nWIn48 0 [0.999927424, 7.257599999999998e-05] 
nWIn49 1 [0.0002903039999999999, 0.999709696] 
nWIn50 0 [0.999927424, 7.257599999999998e-05] 
nWIn51 0 [0.999927424, 7.257599999999998e-05] 
nWIn52 0 [0.999927424, 7.257599999999998e-05] 
nWIn53 0 [0.999927424, 7.257599999999998e-05] 
nWIn54 0 [0.999927424, 7.257599999999998e-05] 
nWIn55 1 [0.0002903039999999999, 0.999709696] 
nWIn56 0 [0.999927424, 7.257599999999998e-05] 
nWIn57 0 [0.999927424, 7.257599999999998e-05] 
nWIn58 0 [0.999927424, 7.257599999999998e-05] 
nWIn59 0 [0.999570304, 0.0004296959999999998] 
nWIn60 0 [0.999927424, 7.257599999999998e-05] 
nWIn61 0 [0.999927424, 7.257599999999998e-05] 
nWIn62 0 [0.999927424, 7.257599999999998e-05] 
nWIn63 0 [0.999927424, 7.257599999999998e-05] 
nWIn64 0 [0.999927424, 7.257599999999998e-05] 
nWIn65 0 [0.999927424, 7.257599999999998e-05] 
nWIn66 0 [0.999927424, 7.257599999999998e-05] 
nWIn67 1 [0.0002903039999999999, 0.999709696] 
nWIn68 0 [0.999927424, 7.257599999999998e-05] 
nWIn69 0 [0.999927424, 7.257599999999998e-05] 
nWIn71 0 [0.999927424, 7.257599999999998e-05] 
nWIn72 0 [0.999927424, 7.257599999999998e-05] 
nWIn73 0 [0.999927424, 7.257599999999998e-05] 
nWIn80 0 [0.999927424, 7.257599999999998e-05] 
nWIn81 0 [0.999927424, 7.257599999999998e-05] 
nWIn82 1 [0.0002903039999999999, 0.999709696] 
nWIn83 0 [0.999927424, 7.257599999999998e-05] 
nWIn84 0 [0.999927424, 7.257599999999998e-05] 
nWIn85 0 [0.999927424, 7.257599999999998e-05] 

Elite 4 OF_MAX_VPL 2805763653.03
nWWcat 0 [0.999927424, 7.257599999999998e-05] 
nWPr05 1 [0.0002903039999999999, 0.999709696] 
nWPr11 1 [0.0002903039999999999, 0.999709696] 
nWPr12 0 [0.999927424, 7.257599999999998e-05] 
nWPr13 0 [0.999570304, 0.0004296959999999998] 
nWPr18 0 [0.999927424, 7.257599999999998e-05] 
nWPr19 0 [0.999927424, 7.257599999999998e-05] 
nWPr20 0 [0.999927424, 7.257599999999998e-05] 
nWPr24 0 [0.999927424, 7.257599999999998e-05] 
nWPr25 0 [0.999927424, 7.257599999999998e-05] 
nWPr26 0 [0.999927424, 7.257599999999998e-05] 
nWPr27 0 [0.999927424, 7.257599999999998e-05] 
nWPr29 0 [0.998247424, 0.0017525759999999998] 
nWPr30 0 [0.999927424, 7.257599999999998e-05] 
nWPr31 0 [0.999927424, 7.257599999999998e-05] 
nWPr32 0 [0.999927424, 7.257599999999998e-05] 
nWPr33 0 [0.999927424, 7.257599999999998e-05] 
nWPr34 1 [0.0002903039999999999, 0.999709696] 
nWPr35 0 [0.999570304, 0.0004296959999999998] 
nWPr36 0 [0.999927424, 7.257599999999998e-05] 
nWPr37 0 [0.999927424, 7.257599999999998e-05] 
nWPr38 0 [0.999927424, 7.257599999999998e-05] 
nWPr39 0 [0.999927424, 7.257599999999998e-05] 
nWPr40 0 [0.999927424, 7.257599999999998e-05] 
nWPr41 1 [0.014290303999999992, 0.985709696] 
nWPr42 0 [0.999927424, 7.257599999999998e-05] 
nWPr43 0 [0.999927424, 7.257599999999998e-05] 
nWPr44 0 [0.999927424, 7.257599999999998e-05] 
nWPr45 0 [0.999927424, 7.257599999999998e-05] 
nWPr46 0 [0.999927424, 7.257599999999998e-05] 
nWPr47 0 [0.902327424, 0.09767257599999998] 
nWPr48 0 [0.999927424, 7.257599999999998e-05] 
nWPr49 0 [0.999927424, 7.257599999999998e-05] 
nWPr50 0 [0.999927424, 7.257599999999998e-05] 
nWPr51 0 [0.999927424, 7.257599999999998e-05] 
nWPr52 0 [0.999927424, 7.257599999999998e-05] 
nWPr53 0 [0.999927424, 7.257599999999998e-05] 
nWPr54 1 [0.0006474239999999997, 0.999352576] 
nWPr55 0 [0.999927424, 7.257599999999998e-05] 
nWPr56 0 [0.999927424, 7.257599999999998e-05] 
nWPr57 0 [0.999927424, 7.257599999999998e-05] 
nWPr58 0 [0.999927424, 7.257599999999998e-05] 
nWPr59 1 [0.0019703039999999995, 0.998029696] 
nWPr60 1 [0.0002903039999999999, 0.999709696] 
nWPr61 0 [0.999927424, 7.257599999999998e-05] 
nWPr62 0 [0.999927424, 7.257599999999998e-05] 
nWPr63 0 [0.999927424, 7.257599999999998e-05] 
nWPr64 0 [0.999927424, 7.257599999999998e-05] 
nWPr65 0 [0.999927424, 7.257599999999998e-05] 
nWPr66 0 [0.996327424, 0.003672575999999999] 
nWPr67 0 [0.999570304, 0.0004296959999999998] 
nWPr68 0 [0.994290304, 0.0057096959999999985] 
nWPr69 0 [0.999570304, 0.0004296959999999998] 
nWPr70 0 [0.999927424, 7.257599999999998e-05] 
nWPr72 1 [0.0002903039999999999, 0.999709696] 
nWPr73 0 [0.999927424, 7.257599999999998e-05] 
nWPr74 0 [0.999927424, 7.257599999999998e-05] 
nWPr75 0 [0.999927424, 7.257599999999998e-05] 
nWPr76 1 [0.0002903039999999999, 0.999709696] 
nWPr79 0 [0.999927424, 7.257599999999998e-05] 
nWPr80 0 [0.999927424, 7.257599999999998e-05] 
nWPr81 1 [0.0002903039999999999, 0.999709696] 
nWPr82 0 [0.999927424, 7.257599999999998e-05] 
nWPr83 0 [0.999927424, 7.257599999999998e-05] 
nWPr84 0 [0.999927424, 7.257599999999998e-05] 
nWIn04 0 [0.999927424, 7.257599999999998e-05] 
nWIn05 0 [0.997890304, 0.002109696] 
nWIn10 0 [0.999927424, 7.257599999999998e-05] 
nWIn11 0 [0.999927424, 7.257599999999998e-05] 
nWIn12 0 [0.999927424, 7.257599999999998e-05] 
nWIn13 0 [0.999927424, 7.257599999999998e-05] 
nWIn17 0 [0.999570304, 0.0004296959999999998] 
nWIn18 0 [0.999570304, 0.0004296959999999998] 
nWIn19 1 [0.0002903039999999999, 0.999709696] 
nWIn20 0 [0.999927424, 7.257599999999998e-05] 
nWIn24 0 [0.984247424, 0.015752575999999994] 
nWIn25 0 [0.999927424, 7.257599999999998e-05] 
nWIn26 0 [0.999927424, 7.257599999999998e-05] 
nWIn27 0 [0.999927424, 7.257599999999998e-05] 
nWIn29 0 [0.999927424, 7.257599999999998e-05] 
nWIn30 0 [0.999927424, 7.257599999999998e-05] 
nWIn31 0 [0.999927424, 7.257599999999998e-05] 
nWIn32 0 [0.999927424, 7.257599999999998e-05] 
nWIn33 0 [0.999927424, 7.257599999999998e-05] 
nWIn34 0 [0.999927424, 7.257599999999998e-05] 
nWIn35 0 [0.999927424, 7.257599999999998e-05] 
nWIn36 1 [0.0006474239999999997, 0.999352576] 
nWIn38 1 [0.0023274239999999994, 0.997672576] 
nWIn39 0 [0.999927424, 7.257599999999998e-05] 
nWIn40 0 [0.996327424, 0.003672575999999999] 
nWIn41 0 [0.999927424, 7.257599999999998e-05] 
nWIn43 0 [0.999927424, 7.257599999999998e-05] 
nWIn44 0 [0.999927424, 7.257599999999998e-05] 
nWIn45 0 [0.999927424, 7.257599999999998e-05] 
nWIn46 0 [0.999927424, 7.257599999999998e-05] 
nWIn47 0 [0.999927424, 7.257599999999998e-05] 
nWIn48 0 [0.999927424, 7.257599999999998e-05] 
nWIn49 1 [0.0002903039999999999, 0.999709696] 
nWIn50 0 [0.999927424, 7.257599999999998e-05] 
nWIn51 0 [0.999927424, 7.257599999999998e-05] 
nWIn52 0 [0.999927424, 7.257599999999998e-05] 
nWIn53 0 [0.999927424, 7.257599999999998e-05] 
nWIn54 0 [0.999927424, 7.257599999999998e-05] 
nWIn55 1 [0.0002903039999999999, 0.999709696] 
nWIn56 0 [0.999927424, 7.257599999999998e-05] 
nWIn57 0 [0.999927424, 7.257599999999998e-05] 
nWIn58 0 [0.999927424, 7.257599999999998e-05] 
nWIn59 0 [0.999570304, 0.0004296959999999998] 
nWIn60 0 [0.999927424, 7.257599999999998e-05] 
nWIn61 0 [0.999927424, 7.257599999999998e-05] 
nWIn62 0 [0.999927424, 7.257599999999998e-05] 
nWIn63 0 [0.999927424, 7.257599999999998e-05] 
nWIn64 0 [0.999927424, 7.257599999999998e-05] 
nWIn65 0 [0.999927424, 7.257599999999998e-05] 
nWIn66 0 [0.999927424, 7.257599999999998e-05] 
nWIn67 1 [0.0002903039999999999, 0.999709696] 
nWIn68 0 [0.999927424, 7.257599999999998e-05] 
nWIn69 0 [0.999927424, 7.257599999999998e-05] 
nWIn71 0 [0.999927424, 7.257599999999998e-05] 
nWIn72 0 [0.999927424, 7.257599999999998e-05] 
nWIn73 0 [0.999927424, 7.257599999999998e-05] 
nWIn80 0 [0.999927424, 7.257599999999998e-05] 
nWIn81 0 [0.999927424, 7.257599999999998e-05] 
nWIn82 1 [0.0002903039999999999, 0.999709696] 
nWIn83 0 [0.999927424, 7.257599999999998e-05] 
nWIn84 0 [0.999927424, 7.257599999999998e-05] 
nWIn85 0 [0.999927424, 7.257599999999998e-05] 

Elite 5 OF_MAX_VPL 2805763653.03
nWWcat 0 [0.999927424, 7.257599999999998e-05] 
nWPr05 1 [0.0002903039999999999, 0.999709696] 
nWPr11 1 [0.0002903039999999999, 0.999709696] 
nWPr12 0 [0.999927424, 7.257599999999998e-05] 
nWPr13 0 [0.999570304, 0.0004296959999999998] 
nWPr18 0 [0.999927424, 7.257599999999998e-05] 
nWPr19 0 [0.999927424, 7.257599999999998e-05] 
nWPr20 0 [0.999927424, 7.257599999999998e-05] 
nWPr24 0 [0.999927424, 7.257599999999998e-05] 
nWPr25 0 [0.999927424, 7.257599999999998e-05] 
nWPr26 0 [0.999927424, 7.257599999999998e-05] 
nWPr27 0 [0.999927424, 7.257599999999998e-05] 
nWPr29 0 [0.998247424, 0.0017525759999999998] 
nWPr30 0 [0.999927424, 7.257599999999998e-05] 
nWPr31 0 [0.999927424, 7.257599999999998e-05] 
nWPr32 0 [0.999927424, 7.257599999999998e-05] 
nWPr33 0 [0.999927424, 7.257599999999998e-05] 
nWPr34 1 [0.0002903039999999999, 0.999709696] 
nWPr35 0 [0.999570304, 0.0004296959999999998] 
nWPr36 0 [0.999927424, 7.257599999999998e-05] 
nWPr37 0 [0.999927424, 7.257599999999998e-05] 
nWPr38 0 [0.999927424, 7.257599999999998e-05] 
nWPr39 0 [0.999927424, 7.257599999999998e-05] 
nWPr40 0 [0.999927424, 7.257599999999998e-05] 
nWPr41 1 [0.014290303999999992, 0.985709696] 
nWPr42 0 [0.999927424, 7.257599999999998e-05] 
nWPr43 0 [0.999927424, 7.257599999999998e-05] 
nWPr44 0 [0.999927424, 7.257599999999998e-05] 
nWPr45 0 [0.999927424, 7.257599999999998e-05] 
nWPr46 0 [0.999927424, 7.257599999999998e-05] 
nWPr47 0 [0.902327424, 0.09767257599999998] 
nWPr48 0 [0.999927424, 7.257599999999998e-05] 
nWPr49 0 [0.999927424, 7.257599999999998e-05] 
nWPr50 0 [0.999927424, 7.257599999999998e-05] 
nWPr51 0 [0.999927424, 7.257599999999998e-05] 
nWPr52 0 [0.999927424, 7.257599999999998e-05] 
nWPr53 0 [0.999927424, 7.257599999999998e-05] 
nWPr54 1 [0.0006474239999999997, 0.999352576] 
nWPr55 0 [0.999927424, 7.257599999999998e-05] 
nWPr56 0 [0.999927424, 7.257599999999998e-05] 
nWPr57 0 [0.999927424, 7.257599999999998e-05] 
nWPr58 0 [0.999927424, 7.257599999999998e-05] 
nWPr59 1 [0.0019703039999999995, 0.998029696] 
nWPr60 1 [0.0002903039999999999, 0.999709696] 
nWPr61 0 [0.999927424, 7.257599999999998e-05] 
nWPr62 0 [0.999927424, 7.257599999999998e-05] 
nWPr63 0 [0.999927424, 7.257599999999998e-05] 
nWPr64 0 [0.999927424, 7.257599999999998e-05] 
nWPr65 0 [0.999927424, 7.257599999999998e-05] 
nWPr66 0 [0.996327424, 0.003672575999999999] 
nWPr67 0 [0.999570304, 0.0004296959999999998] 
nWPr68 0 [0.994290304, 0.0057096959999999985] 
nWPr69 0 [0.999570304, 0.0004296959999999998] 
nWPr70 0 [0.999927424, 7.257599999999998e-05] 
nWPr72 1 [0.0002903039999999999, 0.999709696] 
nWPr73 0 [0.999927424, 7.257599999999998e-05] 
nWPr74 0 [0.999927424, 7.257599999999998e-05] 
nWPr75 0 [0.999927424, 7.257599999999998e-05] 
nWPr76 1 [0.0002903039999999999, 0.999709696] 
nWPr79 0 [0.999927424, 7.257599999999998e-05] 
nWPr80 0 [0.999927424, 7.257599999999998e-05] 
nWPr81 1 [0.0002903039999999999, 0.999709696] 
nWPr82 0 [0.999927424, 7.257599999999998e-05] 
nWPr83 0 [0.999927424, 7.257599999999998e-05] 
nWPr84 0 [0.999927424, 7.257599999999998e-05] 
nWIn04 0 [0.999927424, 7.257599999999998e-05] 
nWIn05 0 [0.997890304, 0.002109696] 
nWIn10 0 [0.999927424, 7.257599999999998e-05] 
nWIn11 0 [0.999927424, 7.257599999999998e-05] 
nWIn12 0 [0.999927424, 7.257599999999998e-05] 
nWIn13 0 [0.999927424, 7.257599999999998e-05] 
nWIn17 0 [0.999570304, 0.0004296959999999998] 
nWIn18 0 [0.999570304, 0.0004296959999999998] 
nWIn19 1 [0.0002903039999999999, 0.999709696] 
nWIn20 0 [0.999927424, 7.257599999999998e-05] 
nWIn24 0 [0.984247424, 0.015752575999999994] 
nWIn25 0 [0.999927424, 7.257599999999998e-05] 
nWIn26 0 [0.999927424, 7.257599999999998e-05] 
nWIn27 0 [0.999927424, 7.257599999999998e-05] 
nWIn29 0 [0.999927424, 7.257599999999998e-05] 
nWIn30 0 [0.999927424, 7.257599999999998e-05] 
nWIn31 0 [0.999927424, 7.257599999999998e-05] 
nWIn32 0 [0.999927424, 7.257599999999998e-05] 
nWIn33 0 [0.999927424, 7.257599999999998e-05] 
nWIn34 0 [0.999927424, 7.257599999999998e-05] 
nWIn35 0 [0.999927424, 7.257599999999998e-05] 
nWIn36 1 [0.0006474239999999997, 0.999352576] 
nWIn38 1 [0.0023274239999999994, 0.997672576] 
nWIn39 0 [0.999927424, 7.257599999999998e-05] 
nWIn40 0 [0.996327424, 0.003672575999999999] 
nWIn41 0 [0.999927424, 7.257599999999998e-05] 
nWIn43 0 [0.999927424, 7.257599999999998e-05] 
nWIn44 0 [0.999927424, 7.257599999999998e-05] 
nWIn45 0 [0.999927424, 7.257599999999998e-05] 
nWIn46 0 [0.999927424, 7.257599999999998e-05] 
nWIn47 0 [0.999927424, 7.257599999999998e-05] 
nWIn48 0 [0.999927424, 7.257599999999998e-05] 
nWIn49 1 [0.0002903039999999999, 0.999709696] 
nWIn50 0 [0.999927424, 7.257599999999998e-05] 
nWIn51 0 [0.999927424, 7.257599999999998e-05] 
nWIn52 0 [0.999927424, 7.257599999999998e-05] 
nWIn53 0 [0.999927424, 7.257599999999998e-05] 
nWIn54 0 [0.999927424, 7.257599999999998e-05] 
nWIn55 1 [0.0002903039999999999, 0.999709696] 
nWIn56 0 [0.999927424, 7.257599999999998e-05] 
nWIn57 0 [0.999927424, 7.257599999999998e-05] 
nWIn58 0 [0.999927424, 7.257599999999998e-05] 
nWIn59 0 [0.999570304, 0.0004296959999999998] 
nWIn60 0 [0.999927424, 7.257599999999998e-05] 
nWIn61 0 [0.999927424, 7.257599999999998e-05] 
nWIn62 0 [0.999927424, 7.257599999999998e-05] 
nWIn63 0 [0.999927424, 7.257599999999998e-05] 
nWIn64 0 [0.999927424, 7.257599999999998e-05] 
nWIn65 0 [0.999927424, 7.257599999999998e-05] 
nWIn66 0 [0.999927424, 7.257599999999998e-05] 
nWIn67 1 [0.0002903039999999999, 0.999709696] 
nWIn68 0 [0.999927424, 7.257599999999998e-05] 
nWIn69 0 [0.999927424, 7.257599999999998e-05] 
nWIn71 0 [0.999927424, 7.257599999999998e-05] 
nWIn72 0 [0.999927424, 7.257599999999998e-05] 
nWIn73 0 [0.999927424, 7.257599999999998e-05] 
nWIn80 0 [0.999927424, 7.257599999999998e-05] 
nWIn81 0 [0.999927424, 7.257599999999998e-05] 
nWIn82 1 [0.0002903039999999999, 0.999709696] 
nWIn83 0 [0.999927424, 7.257599999999998e-05] 
nWIn84 0 [0.999927424, 7.257599999999998e-05] 
nWIn85 0 [0.999927424, 7.257599999999998e-05] 

