Elite 1 OF_MAX_VPL 2765012098.35
nWWcat 1 [0.00043142399999999997, 0.999568576] 
nWPr05 0 [0.999887104, 0.00011289599999999998] 
nWPr11 0 [0.999927424, 7.257599999999998e-05] 
nWPr12 0 [0.996327424, 0.003672575999999999] 
nWPr13 0 [0.999711424, 0.0002885759999999999] 
nWPr18 0 [0.981127424, 0.018872575999999988] 
nWPr19 0 [0.999927424, 7.257599999999998e-05] 
nWPr20 0 [0.999826624, 0.000173376] 
nWPr24 0 [0.999927424, 7.257599999999998e-05] 
nWPr25 0 [0.999570304, 0.0004296959999999998] 
nWPr26 0 [0.999887104, 0.00011289599999999998] 
nWPr27 0 [0.999887104, 0.00011289599999999998] 
nWPr29 1 [0.00043142399999999997, 0.999568576] 
nWPr30 0 [0.999927424, 7.257599999999998e-05] 
nWPr31 0 [0.999927424, 7.257599999999998e-05] 
nWPr32 0 [0.999711424, 0.0002885759999999999] 
nWPr33 0 [0.994546624, 0.0054533759999999985] 
nWPr34 0 [0.999927424, 7.257599999999998e-05] 
nWPr35 1 [0.0005466239999999999, 0.999453376] 
nWPr36 0 [0.999927424, 7.257599999999998e-05] 
nWPr37 0 [0.999927424, 7.257599999999998e-05] 
nWPr38 0 [0.999887104, 0.00011289599999999998] 
nWPr39 0 [0.999887104, 0.00011289599999999998] 
nWPr40 0 [0.999927424, 7.257599999999998e-05] 
nWPr41 1 [0.0006474239999999997, 0.999352576] 
nWPr42 1 [0.00043142399999999997, 0.999568576] 
nWPr43 0 [0.999927424, 7.257599999999998e-05] 
nWPr44 0 [0.999570304, 0.0004296959999999998] 
nWPr45 0 [0.999927424, 7.257599999999998e-05] 
nWPr46 0 [0.999407104, 0.0005928959999999999] 
nWPr47 0 [0.998727424, 0.0012725759999999997] 
nWPr48 0 [0.999927424, 7.257599999999998e-05] 
nWPr49 1 [0.0011274239999999997, 0.998872576] 
nWPr50 0 [0.999927424, 7.257599999999998e-05] 
nWPr51 0 [0.999927424, 7.257599999999998e-05] 
nWPr52 0 [0.999927424, 7.257599999999998e-05] 
nWPr53 0 [0.905927424, 0.09407257599999998] 
nWPr54 1 [0.0003911039999999999, 0.999608896] 
nWPr55 0 [0.999927424, 7.257599999999998e-05] 
nWPr56 0 [0.999887104, 0.00011289599999999998] 
nWPr57 0 [0.999927424, 7.257599999999998e-05] 
nWPr58 0 [0.999927424, 7.257599999999998e-05] 
nWPr59 0 [0.999231424, 0.0007685759999999997] 
nWPr60 0 [0.999671104, 0.0003288959999999999] 
nWPr61 0 [0.994290304, 0.0057096959999999985] 
nWPr62 0 [0.999346624, 0.000653376] 
nWPr63 0 [0.999927424, 7.257599999999998e-05] 
nWPr64 0 [0.999927424, 7.257599999999998e-05] 
nWPr65 0 [0.999927424, 7.257599999999998e-05] 
nWPr66 0 [0.998511424, 0.0014885759999999997] 
nWPr67 1 [0.08228710399999999, 0.9177128960000001] 
nWPr68 1 [0.0009114239999999999, 0.999088576] 
nWPr69 0 [0.999887104, 0.00011289599999999998] 
nWPr70 0 [0.999927424, 7.257599999999998e-05] 
nWPr72 0 [0.999927424, 7.257599999999998e-05] 
nWPr73 0 [0.999927424, 7.257599999999998e-05] 
nWPr74 0 [0.995631424, 0.004368575999999999] 
nWPr75 0 [0.999130624, 0.0008693759999999998] 
nWPr76 1 [0.000810624, 0.999189376] 
nWPr79 1 [0.0006474239999999997, 0.999352576] 
nWPr80 1 [0.019231423999999993, 0.980768576] 
nWPr81 0 [0.999927424, 7.257599999999998e-05] 
nWPr82 0 [0.999887104, 0.00011289599999999998] 
nWPr83 0 [0.999927424, 7.257599999999998e-05] 
nWPr84 0 [0.999231424, 0.0007685759999999997] 
nWIn04 0 [0.999927424, 7.257599999999998e-05] 
nWIn05 0 [0.999927424, 7.257599999999998e-05] 
nWIn10 0 [0.999927424, 7.257599999999998e-05] 
nWIn11 0 [0.999927424, 7.257599999999998e-05] 
nWIn12 0 [0.999927424, 7.257599999999998e-05] 
nWIn13 0 [0.999711424, 0.0002885759999999999] 
nWIn17 1 [0.0006071039999999998, 0.999392896] 
nWIn18 0 [0.999927424, 7.257599999999998e-05] 
nWIn19 0 [0.999887104, 0.00011289599999999998] 
nWIn20 0 [0.999927424, 7.257599999999998e-05] 
nWIn24 0 [0.999927424, 7.257599999999998e-05] 
nWIn25 1 [0.0011274239999999997, 0.998872576] 
nWIn26 0 [0.999927424, 7.257599999999998e-05] 
nWIn27 0 [0.999887104, 0.00011289599999999998] 
nWIn29 0 [0.999927424, 7.257599999999998e-05] 
nWIn30 0 [0.999927424, 7.257599999999998e-05] 
nWIn31 0 [0.999927424, 7.257599999999998e-05] 
nWIn32 0 [0.999826624, 0.000173376] 
nWIn33 0 [0.999927424, 7.257599999999998e-05] 
nWIn34 0 [0.999927424, 7.257599999999998e-05] 
nWIn35 0 [0.999927424, 7.257599999999998e-05] 
nWIn36 0 [0.999927424, 7.257599999999998e-05] 
nWIn38 1 [0.0017466239999999994, 0.998253376] 
nWIn39 0 [0.999130624, 0.0008693759999999998] 
nWIn40 0 [0.999927424, 7.257599999999998e-05] 
nWIn41 0 [0.999927424, 7.257599999999998e-05] 
nWIn43 1 [0.0006474239999999997, 0.999352576] 
nWIn44 0 [0.996327424, 0.003672575999999999] 
nWIn45 0 [0.999927424, 7.257599999999998e-05] 
nWIn46 1 [0.0003911039999999999, 0.999608896] 
nWIn47 1 [0.00043142399999999997, 0.999568576] 
nWIn48 0 [0.999927424, 7.257599999999998e-05] 
nWIn49 0 [0.999826624, 0.000173376] 
nWIn50 0 [0.999711424, 0.0002885759999999999] 
nWIn51 1 [0.000330624, 0.9996693759999999] 
nWIn52 0 [0.999927424, 7.257599999999998e-05] 
nWIn53 0 [0.999927424, 7.257599999999998e-05] 
nWIn54 0 [0.999927424, 7.257599999999998e-05] 
nWIn55 0 [0.999887104, 0.00011289599999999998] 
nWIn56 0 [0.999887104, 0.00011289599999999998] 
nWIn57 0 [0.999826624, 0.000173376] 
nWIn58 0 [0.999927424, 7.257599999999998e-05] 
nWIn59 0 [0.999927424, 7.257599999999998e-05] 
nWIn60 0 [0.999826624, 0.000173376] 
nWIn61 0 [0.999927424, 7.257599999999998e-05] 
nWIn62 0 [0.999927424, 7.257599999999998e-05] 
nWIn63 0 [0.999887104, 0.00011289599999999998] 
nWIn64 0 [0.984626624, 0.01537337599999999] 
nWIn65 0 [0.999927424, 7.257599999999998e-05] 
nWIn66 0 [0.999927424, 7.257599999999998e-05] 
nWIn67 0 [0.999927424, 7.257599999999998e-05] 
nWIn68 0 [0.999927424, 7.257599999999998e-05] 
nWIn69 0 [0.999447424, 0.0005525759999999999] 
nWIn71 0 [0.999927424, 7.257599999999998e-05] 
nWIn72 0 [0.999887104, 0.00011289599999999998] 
nWIn73 0 [0.999887104, 0.00011289599999999998] 
nWIn80 1 [0.01841062399999999, 0.981589376] 
nWIn81 0 [0.999927424, 7.257599999999998e-05] 
nWIn82 0 [0.999711424, 0.0002885759999999999] 
nWIn83 0 [0.999927424, 7.257599999999998e-05] 
nWIn84 0 [0.995807104, 0.004192895999999999] 
nWIn85 0 [0.999671104, 0.0003288959999999999] 

Elite 2 OF_MAX_VPL 2765012098.35
nWWcat 1 [0.00043142399999999997, 0.999568576] 
nWPr05 0 [0.999887104, 0.00011289599999999998] 
nWPr11 0 [0.999927424, 7.257599999999998e-05] 
nWPr12 0 [0.996327424, 0.003672575999999999] 
nWPr13 0 [0.999711424, 0.0002885759999999999] 
nWPr18 0 [0.981127424, 0.018872575999999988] 
nWPr19 0 [0.999927424, 7.257599999999998e-05] 
nWPr20 0 [0.999826624, 0.000173376] 
nWPr24 0 [0.999927424, 7.257599999999998e-05] 
nWPr25 0 [0.999570304, 0.0004296959999999998] 
nWPr26 0 [0.999887104, 0.00011289599999999998] 
nWPr27 0 [0.999887104, 0.00011289599999999998] 
nWPr29 1 [0.00043142399999999997, 0.999568576] 
nWPr30 0 [0.999927424, 7.257599999999998e-05] 
nWPr31 0 [0.999927424, 7.257599999999998e-05] 
nWPr32 0 [0.999711424, 0.0002885759999999999] 
nWPr33 0 [0.994546624, 0.0054533759999999985] 
nWPr34 0 [0.999927424, 7.257599999999998e-05] 
nWPr35 1 [0.0005466239999999999, 0.999453376] 
nWPr36 0 [0.999927424, 7.257599999999998e-05] 
nWPr37 0 [0.999927424, 7.257599999999998e-05] 
nWPr38 0 [0.999887104, 0.00011289599999999998] 
nWPr39 0 [0.999887104, 0.00011289599999999998] 
nWPr40 0 [0.999927424, 7.257599999999998e-05] 
nWPr41 1 [0.0006474239999999997, 0.999352576] 
nWPr42 1 [0.00043142399999999997, 0.999568576] 
nWPr43 0 [0.999927424, 7.257599999999998e-05] 
nWPr44 0 [0.999570304, 0.0004296959999999998] 
nWPr45 0 [0.999927424, 7.257599999999998e-05] 
nWPr46 0 [0.999407104, 0.0005928959999999999] 
nWPr47 0 [0.998727424, 0.0012725759999999997] 
nWPr48 0 [0.999927424, 7.257599999999998e-05] 
nWPr49 1 [0.0011274239999999997, 0.998872576] 
nWPr50 0 [0.999927424, 7.257599999999998e-05] 
nWPr51 0 [0.999927424, 7.257599999999998e-05] 
nWPr52 0 [0.999927424, 7.257599999999998e-05] 
nWPr53 0 [0.905927424, 0.09407257599999998] 
nWPr54 1 [0.0003911039999999999, 0.999608896] 
nWPr55 0 [0.999927424, 7.257599999999998e-05] 
nWPr56 0 [0.999887104, 0.00011289599999999998] 
nWPr57 0 [0.999927424, 7.257599999999998e-05] 
nWPr58 0 [0.999927424, 7.257599999999998e-05] 
nWPr59 0 [0.999231424, 0.0007685759999999997] 
nWPr60 0 [0.999671104, 0.0003288959999999999] 
nWPr61 0 [0.994290304, 0.0057096959999999985] 
nWPr62 0 [0.999346624, 0.000653376] 
nWPr63 0 [0.999927424, 7.257599999999998e-05] 
nWPr64 0 [0.999927424, 7.257599999999998e-05] 
nWPr65 0 [0.999927424, 7.257599999999998e-05] 
nWPr66 0 [0.998511424, 0.0014885759999999997] 
nWPr67 1 [0.08228710399999999, 0.9177128960000001] 
nWPr68 1 [0.0009114239999999999, 0.999088576] 
nWPr69 0 [0.999887104, 0.00011289599999999998] 
nWPr70 0 [0.999927424, 7.257599999999998e-05] 
nWPr72 0 [0.999927424, 7.257599999999998e-05] 
nWPr73 0 [0.999927424, 7.257599999999998e-05] 
nWPr74 0 [0.995631424, 0.004368575999999999] 
nWPr75 0 [0.999130624, 0.0008693759999999998] 
nWPr76 1 [0.000810624, 0.999189376] 
nWPr79 1 [0.0006474239999999997, 0.999352576] 
nWPr80 1 [0.019231423999999993, 0.980768576] 
nWPr81 0 [0.999927424, 7.257599999999998e-05] 
nWPr82 0 [0.999887104, 0.00011289599999999998] 
nWPr83 0 [0.999927424, 7.257599999999998e-05] 
nWPr84 0 [0.999231424, 0.0007685759999999997] 
nWIn04 0 [0.999927424, 7.257599999999998e-05] 
nWIn05 0 [0.999927424, 7.257599999999998e-05] 
nWIn10 0 [0.999927424, 7.257599999999998e-05] 
nWIn11 0 [0.999927424, 7.257599999999998e-05] 
nWIn12 0 [0.999927424, 7.257599999999998e-05] 
nWIn13 0 [0.999711424, 0.0002885759999999999] 
nWIn17 1 [0.0006071039999999998, 0.999392896] 
nWIn18 0 [0.999927424, 7.257599999999998e-05] 
nWIn19 0 [0.999887104, 0.00011289599999999998] 
nWIn20 0 [0.999927424, 7.257599999999998e-05] 
nWIn24 0 [0.999927424, 7.257599999999998e-05] 
nWIn25 1 [0.0011274239999999997, 0.998872576] 
nWIn26 0 [0.999927424, 7.257599999999998e-05] 
nWIn27 0 [0.999887104, 0.00011289599999999998] 
nWIn29 0 [0.999927424, 7.257599999999998e-05] 
nWIn30 0 [0.999927424, 7.257599999999998e-05] 
nWIn31 0 [0.999927424, 7.257599999999998e-05] 
nWIn32 0 [0.999826624, 0.000173376] 
nWIn33 0 [0.999927424, 7.257599999999998e-05] 
nWIn34 0 [0.999927424, 7.257599999999998e-05] 
nWIn35 0 [0.999927424, 7.257599999999998e-05] 
nWIn36 0 [0.999927424, 7.257599999999998e-05] 
nWIn38 1 [0.0017466239999999994, 0.998253376] 
nWIn39 0 [0.999130624, 0.0008693759999999998] 
nWIn40 0 [0.999927424, 7.257599999999998e-05] 
nWIn41 0 [0.999927424, 7.257599999999998e-05] 
nWIn43 1 [0.0006474239999999997, 0.999352576] 
nWIn44 0 [0.996327424, 0.003672575999999999] 
nWIn45 0 [0.999927424, 7.257599999999998e-05] 
nWIn46 1 [0.0003911039999999999, 0.999608896] 
nWIn47 1 [0.00043142399999999997, 0.999568576] 
nWIn48 0 [0.999927424, 7.257599999999998e-05] 
nWIn49 0 [0.999826624, 0.000173376] 
nWIn50 0 [0.999711424, 0.0002885759999999999] 
nWIn51 1 [0.000330624, 0.9996693759999999] 
nWIn52 0 [0.999927424, 7.257599999999998e-05] 
nWIn53 0 [0.999927424, 7.257599999999998e-05] 
nWIn54 0 [0.999927424, 7.257599999999998e-05] 
nWIn55 0 [0.999887104, 0.00011289599999999998] 
nWIn56 0 [0.999887104, 0.00011289599999999998] 
nWIn57 0 [0.999826624, 0.000173376] 
nWIn58 0 [0.999927424, 7.257599999999998e-05] 
nWIn59 0 [0.999927424, 7.257599999999998e-05] 
nWIn60 0 [0.999826624, 0.000173376] 
nWIn61 0 [0.999927424, 7.257599999999998e-05] 
nWIn62 0 [0.999927424, 7.257599999999998e-05] 
nWIn63 0 [0.999887104, 0.00011289599999999998] 
nWIn64 0 [0.984626624, 0.01537337599999999] 
nWIn65 0 [0.999927424, 7.257599999999998e-05] 
nWIn66 0 [0.999927424, 7.257599999999998e-05] 
nWIn67 0 [0.999927424, 7.257599999999998e-05] 
nWIn68 0 [0.999927424, 7.257599999999998e-05] 
nWIn69 0 [0.999447424, 0.0005525759999999999] 
nWIn71 0 [0.999927424, 7.257599999999998e-05] 
nWIn72 0 [0.999887104, 0.00011289599999999998] 
nWIn73 0 [0.999887104, 0.00011289599999999998] 
nWIn80 1 [0.01841062399999999, 0.981589376] 
nWIn81 0 [0.999927424, 7.257599999999998e-05] 
nWIn82 0 [0.999711424, 0.0002885759999999999] 
nWIn83 0 [0.999927424, 7.257599999999998e-05] 
nWIn84 0 [0.995807104, 0.004192895999999999] 
nWIn85 0 [0.999671104, 0.0003288959999999999] 

Elite 3 OF_MAX_VPL 2765012098.35
nWWcat 1 [0.00043142399999999997, 0.999568576] 
nWPr05 0 [0.999887104, 0.00011289599999999998] 
nWPr11 0 [0.999927424, 7.257599999999998e-05] 
nWPr12 0 [0.996327424, 0.003672575999999999] 
nWPr13 0 [0.999711424, 0.0002885759999999999] 
nWPr18 0 [0.981127424, 0.018872575999999988] 
nWPr19 0 [0.999927424, 7.257599999999998e-05] 
nWPr20 0 [0.999826624, 0.000173376] 
nWPr24 0 [0.999927424, 7.257599999999998e-05] 
nWPr25 0 [0.999570304, 0.0004296959999999998] 
nWPr26 0 [0.999887104, 0.00011289599999999998] 
nWPr27 0 [0.999887104, 0.00011289599999999998] 
nWPr29 1 [0.00043142399999999997, 0.999568576] 
nWPr30 0 [0.999927424, 7.257599999999998e-05] 
nWPr31 0 [0.999927424, 7.257599999999998e-05] 
nWPr32 0 [0.999711424, 0.0002885759999999999] 
nWPr33 0 [0.994546624, 0.0054533759999999985] 
nWPr34 0 [0.999927424, 7.257599999999998e-05] 
nWPr35 1 [0.0005466239999999999, 0.999453376] 
nWPr36 0 [0.999927424, 7.257599999999998e-05] 
nWPr37 0 [0.999927424, 7.257599999999998e-05] 
nWPr38 0 [0.999887104, 0.00011289599999999998] 
nWPr39 0 [0.999887104, 0.00011289599999999998] 
nWPr40 0 [0.999927424, 7.257599999999998e-05] 
nWPr41 1 [0.0006474239999999997, 0.999352576] 
nWPr42 1 [0.00043142399999999997, 0.999568576] 
nWPr43 0 [0.999927424, 7.257599999999998e-05] 
nWPr44 0 [0.999570304, 0.0004296959999999998] 
nWPr45 0 [0.999927424, 7.257599999999998e-05] 
nWPr46 0 [0.999407104, 0.0005928959999999999] 
nWPr47 0 [0.998727424, 0.0012725759999999997] 
nWPr48 0 [0.999927424, 7.257599999999998e-05] 
nWPr49 1 [0.0011274239999999997, 0.998872576] 
nWPr50 0 [0.999927424, 7.257599999999998e-05] 
nWPr51 0 [0.999927424, 7.257599999999998e-05] 
nWPr52 0 [0.999927424, 7.257599999999998e-05] 
nWPr53 0 [0.905927424, 0.09407257599999998] 
nWPr54 1 [0.0003911039999999999, 0.999608896] 
nWPr55 0 [0.999927424, 7.257599999999998e-05] 
nWPr56 0 [0.999887104, 0.00011289599999999998] 
nWPr57 0 [0.999927424, 7.257599999999998e-05] 
nWPr58 0 [0.999927424, 7.257599999999998e-05] 
nWPr59 0 [0.999231424, 0.0007685759999999997] 
nWPr60 0 [0.999671104, 0.0003288959999999999] 
nWPr61 0 [0.994290304, 0.0057096959999999985] 
nWPr62 0 [0.999346624, 0.000653376] 
nWPr63 0 [0.999927424, 7.257599999999998e-05] 
nWPr64 0 [0.999927424, 7.257599999999998e-05] 
nWPr65 0 [0.999927424, 7.257599999999998e-05] 
nWPr66 0 [0.998511424, 0.0014885759999999997] 
nWPr67 1 [0.08228710399999999, 0.9177128960000001] 
nWPr68 1 [0.0009114239999999999, 0.999088576] 
nWPr69 0 [0.999887104, 0.00011289599999999998] 
nWPr70 0 [0.999927424, 7.257599999999998e-05] 
nWPr72 0 [0.999927424, 7.257599999999998e-05] 
nWPr73 0 [0.999927424, 7.257599999999998e-05] 
nWPr74 0 [0.995631424, 0.004368575999999999] 
nWPr75 0 [0.999130624, 0.0008693759999999998] 
nWPr76 1 [0.000810624, 0.999189376] 
nWPr79 1 [0.0006474239999999997, 0.999352576] 
nWPr80 1 [0.019231423999999993, 0.980768576] 
nWPr81 0 [0.999927424, 7.257599999999998e-05] 
nWPr82 0 [0.999887104, 0.00011289599999999998] 
nWPr83 0 [0.999927424, 7.257599999999998e-05] 
nWPr84 0 [0.999231424, 0.0007685759999999997] 
nWIn04 0 [0.999927424, 7.257599999999998e-05] 
nWIn05 0 [0.999927424, 7.257599999999998e-05] 
nWIn10 0 [0.999927424, 7.257599999999998e-05] 
nWIn11 0 [0.999927424, 7.257599999999998e-05] 
nWIn12 0 [0.999927424, 7.257599999999998e-05] 
nWIn13 0 [0.999711424, 0.0002885759999999999] 
nWIn17 1 [0.0006071039999999998, 0.999392896] 
nWIn18 0 [0.999927424, 7.257599999999998e-05] 
nWIn19 0 [0.999887104, 0.00011289599999999998] 
nWIn20 0 [0.999927424, 7.257599999999998e-05] 
nWIn24 0 [0.999927424, 7.257599999999998e-05] 
nWIn25 1 [0.0011274239999999997, 0.998872576] 
nWIn26 0 [0.999927424, 7.257599999999998e-05] 
nWIn27 0 [0.999887104, 0.00011289599999999998] 
nWIn29 0 [0.999927424, 7.257599999999998e-05] 
nWIn30 0 [0.999927424, 7.257599999999998e-05] 
nWIn31 0 [0.999927424, 7.257599999999998e-05] 
nWIn32 0 [0.999826624, 0.000173376] 
nWIn33 0 [0.999927424, 7.257599999999998e-05] 
nWIn34 0 [0.999927424, 7.257599999999998e-05] 
nWIn35 0 [0.999927424, 7.257599999999998e-05] 
nWIn36 0 [0.999927424, 7.257599999999998e-05] 
nWIn38 1 [0.0017466239999999994, 0.998253376] 
nWIn39 0 [0.999130624, 0.0008693759999999998] 
nWIn40 0 [0.999927424, 7.257599999999998e-05] 
nWIn41 0 [0.999927424, 7.257599999999998e-05] 
nWIn43 1 [0.0006474239999999997, 0.999352576] 
nWIn44 0 [0.996327424, 0.003672575999999999] 
nWIn45 0 [0.999927424, 7.257599999999998e-05] 
nWIn46 1 [0.0003911039999999999, 0.999608896] 
nWIn47 1 [0.00043142399999999997, 0.999568576] 
nWIn48 0 [0.999927424, 7.257599999999998e-05] 
nWIn49 0 [0.999826624, 0.000173376] 
nWIn50 0 [0.999711424, 0.0002885759999999999] 
nWIn51 1 [0.000330624, 0.9996693759999999] 
nWIn52 0 [0.999927424, 7.257599999999998e-05] 
nWIn53 0 [0.999927424, 7.257599999999998e-05] 
nWIn54 0 [0.999927424, 7.257599999999998e-05] 
nWIn55 0 [0.999887104, 0.00011289599999999998] 
nWIn56 0 [0.999887104, 0.00011289599999999998] 
nWIn57 0 [0.999826624, 0.000173376] 
nWIn58 0 [0.999927424, 7.257599999999998e-05] 
nWIn59 0 [0.999927424, 7.257599999999998e-05] 
nWIn60 0 [0.999826624, 0.000173376] 
nWIn61 0 [0.999927424, 7.257599999999998e-05] 
nWIn62 0 [0.999927424, 7.257599999999998e-05] 
nWIn63 0 [0.999887104, 0.00011289599999999998] 
nWIn64 0 [0.984626624, 0.01537337599999999] 
nWIn65 0 [0.999927424, 7.257599999999998e-05] 
nWIn66 0 [0.999927424, 7.257599999999998e-05] 
nWIn67 0 [0.999927424, 7.257599999999998e-05] 
nWIn68 0 [0.999927424, 7.257599999999998e-05] 
nWIn69 0 [0.999447424, 0.0005525759999999999] 
nWIn71 0 [0.999927424, 7.257599999999998e-05] 
nWIn72 0 [0.999887104, 0.00011289599999999998] 
nWIn73 0 [0.999887104, 0.00011289599999999998] 
nWIn80 1 [0.01841062399999999, 0.981589376] 
nWIn81 0 [0.999927424, 7.257599999999998e-05] 
nWIn82 0 [0.999711424, 0.0002885759999999999] 
nWIn83 0 [0.999927424, 7.257599999999998e-05] 
nWIn84 0 [0.995807104, 0.004192895999999999] 
nWIn85 0 [0.999671104, 0.0003288959999999999] 

Elite 4 OF_MAX_VPL 2765012098.35
nWWcat 1 [0.00043142399999999997, 0.999568576] 
nWPr05 0 [0.999887104, 0.00011289599999999998] 
nWPr11 0 [0.999927424, 7.257599999999998e-05] 
nWPr12 0 [0.996327424, 0.003672575999999999] 
nWPr13 0 [0.999711424, 0.0002885759999999999] 
nWPr18 0 [0.981127424, 0.018872575999999988] 
nWPr19 0 [0.999927424, 7.257599999999998e-05] 
nWPr20 0 [0.999826624, 0.000173376] 
nWPr24 0 [0.999927424, 7.257599999999998e-05] 
nWPr25 0 [0.999570304, 0.0004296959999999998] 
nWPr26 0 [0.999887104, 0.00011289599999999998] 
nWPr27 0 [0.999887104, 0.00011289599999999998] 
nWPr29 1 [0.00043142399999999997, 0.999568576] 
nWPr30 0 [0.999927424, 7.257599999999998e-05] 
nWPr31 0 [0.999927424, 7.257599999999998e-05] 
nWPr32 0 [0.999711424, 0.0002885759999999999] 
nWPr33 0 [0.994546624, 0.0054533759999999985] 
nWPr34 0 [0.999927424, 7.257599999999998e-05] 
nWPr35 1 [0.0005466239999999999, 0.999453376] 
nWPr36 0 [0.999927424, 7.257599999999998e-05] 
nWPr37 0 [0.999927424, 7.257599999999998e-05] 
nWPr38 0 [0.999887104, 0.00011289599999999998] 
nWPr39 0 [0.999887104, 0.00011289599999999998] 
nWPr40 0 [0.999927424, 7.257599999999998e-05] 
nWPr41 1 [0.0006474239999999997, 0.999352576] 
nWPr42 1 [0.00043142399999999997, 0.999568576] 
nWPr43 0 [0.999927424, 7.257599999999998e-05] 
nWPr44 0 [0.999570304, 0.0004296959999999998] 
nWPr45 0 [0.999927424, 7.257599999999998e-05] 
nWPr46 0 [0.999407104, 0.0005928959999999999] 
nWPr47 0 [0.998727424, 0.0012725759999999997] 
nWPr48 0 [0.999927424, 7.257599999999998e-05] 
nWPr49 1 [0.0011274239999999997, 0.998872576] 
nWPr50 0 [0.999927424, 7.257599999999998e-05] 
nWPr51 0 [0.999927424, 7.257599999999998e-05] 
nWPr52 0 [0.999927424, 7.257599999999998e-05] 
nWPr53 0 [0.905927424, 0.09407257599999998] 
nWPr54 1 [0.0003911039999999999, 0.999608896] 
nWPr55 0 [0.999927424, 7.257599999999998e-05] 
nWPr56 0 [0.999887104, 0.00011289599999999998] 
nWPr57 0 [0.999927424, 7.257599999999998e-05] 
nWPr58 0 [0.999927424, 7.257599999999998e-05] 
nWPr59 0 [0.999231424, 0.0007685759999999997] 
nWPr60 0 [0.999671104, 0.0003288959999999999] 
nWPr61 0 [0.994290304, 0.0057096959999999985] 
nWPr62 0 [0.999346624, 0.000653376] 
nWPr63 0 [0.999927424, 7.257599999999998e-05] 
nWPr64 0 [0.999927424, 7.257599999999998e-05] 
nWPr65 0 [0.999927424, 7.257599999999998e-05] 
nWPr66 0 [0.998511424, 0.0014885759999999997] 
nWPr67 1 [0.08228710399999999, 0.9177128960000001] 
nWPr68 1 [0.0009114239999999999, 0.999088576] 
nWPr69 0 [0.999887104, 0.00011289599999999998] 
nWPr70 0 [0.999927424, 7.257599999999998e-05] 
nWPr72 0 [0.999927424, 7.257599999999998e-05] 
nWPr73 0 [0.999927424, 7.257599999999998e-05] 
nWPr74 0 [0.995631424, 0.004368575999999999] 
nWPr75 0 [0.999130624, 0.0008693759999999998] 
nWPr76 1 [0.000810624, 0.999189376] 
nWPr79 1 [0.0006474239999999997, 0.999352576] 
nWPr80 1 [0.019231423999999993, 0.980768576] 
nWPr81 0 [0.999927424, 7.257599999999998e-05] 
nWPr82 0 [0.999887104, 0.00011289599999999998] 
nWPr83 0 [0.999927424, 7.257599999999998e-05] 
nWPr84 0 [0.999231424, 0.0007685759999999997] 
nWIn04 0 [0.999927424, 7.257599999999998e-05] 
nWIn05 0 [0.999927424, 7.257599999999998e-05] 
nWIn10 0 [0.999927424, 7.257599999999998e-05] 
nWIn11 0 [0.999927424, 7.257599999999998e-05] 
nWIn12 0 [0.999927424, 7.257599999999998e-05] 
nWIn13 0 [0.999711424, 0.0002885759999999999] 
nWIn17 1 [0.0006071039999999998, 0.999392896] 
nWIn18 0 [0.999927424, 7.257599999999998e-05] 
nWIn19 0 [0.999887104, 0.00011289599999999998] 
nWIn20 0 [0.999927424, 7.257599999999998e-05] 
nWIn24 0 [0.999927424, 7.257599999999998e-05] 
nWIn25 1 [0.0011274239999999997, 0.998872576] 
nWIn26 0 [0.999927424, 7.257599999999998e-05] 
nWIn27 0 [0.999887104, 0.00011289599999999998] 
nWIn29 0 [0.999927424, 7.257599999999998e-05] 
nWIn30 0 [0.999927424, 7.257599999999998e-05] 
nWIn31 0 [0.999927424, 7.257599999999998e-05] 
nWIn32 0 [0.999826624, 0.000173376] 
nWIn33 0 [0.999927424, 7.257599999999998e-05] 
nWIn34 0 [0.999927424, 7.257599999999998e-05] 
nWIn35 0 [0.999927424, 7.257599999999998e-05] 
nWIn36 0 [0.999927424, 7.257599999999998e-05] 
nWIn38 1 [0.0017466239999999994, 0.998253376] 
nWIn39 0 [0.999130624, 0.0008693759999999998] 
nWIn40 0 [0.999927424, 7.257599999999998e-05] 
nWIn41 0 [0.999927424, 7.257599999999998e-05] 
nWIn43 1 [0.0006474239999999997, 0.999352576] 
nWIn44 0 [0.996327424, 0.003672575999999999] 
nWIn45 0 [0.999927424, 7.257599999999998e-05] 
nWIn46 1 [0.0003911039999999999, 0.999608896] 
nWIn47 1 [0.00043142399999999997, 0.999568576] 
nWIn48 0 [0.999927424, 7.257599999999998e-05] 
nWIn49 0 [0.999826624, 0.000173376] 
nWIn50 0 [0.999711424, 0.0002885759999999999] 
nWIn51 1 [0.000330624, 0.9996693759999999] 
nWIn52 0 [0.999927424, 7.257599999999998e-05] 
nWIn53 0 [0.999927424, 7.257599999999998e-05] 
nWIn54 0 [0.999927424, 7.257599999999998e-05] 
nWIn55 0 [0.999887104, 0.00011289599999999998] 
nWIn56 0 [0.999887104, 0.00011289599999999998] 
nWIn57 0 [0.999826624, 0.000173376] 
nWIn58 0 [0.999927424, 7.257599999999998e-05] 
nWIn59 0 [0.999927424, 7.257599999999998e-05] 
nWIn60 0 [0.999826624, 0.000173376] 
nWIn61 0 [0.999927424, 7.257599999999998e-05] 
nWIn62 0 [0.999927424, 7.257599999999998e-05] 
nWIn63 0 [0.999887104, 0.00011289599999999998] 
nWIn64 0 [0.984626624, 0.01537337599999999] 
nWIn65 0 [0.999927424, 7.257599999999998e-05] 
nWIn66 0 [0.999927424, 7.257599999999998e-05] 
nWIn67 0 [0.999927424, 7.257599999999998e-05] 
nWIn68 0 [0.999927424, 7.257599999999998e-05] 
nWIn69 0 [0.999447424, 0.0005525759999999999] 
nWIn71 0 [0.999927424, 7.257599999999998e-05] 
nWIn72 0 [0.999887104, 0.00011289599999999998] 
nWIn73 0 [0.999887104, 0.00011289599999999998] 
nWIn80 1 [0.01841062399999999, 0.981589376] 
nWIn81 0 [0.999927424, 7.257599999999998e-05] 
nWIn82 0 [0.999711424, 0.0002885759999999999] 
nWIn83 0 [0.999927424, 7.257599999999998e-05] 
nWIn84 0 [0.995807104, 0.004192895999999999] 
nWIn85 0 [0.999671104, 0.0003288959999999999] 

Elite 5 OF_MAX_VPL 2765012098.35
nWWcat 1 [0.00043142399999999997, 0.999568576] 
nWPr05 0 [0.999887104, 0.00011289599999999998] 
nWPr11 0 [0.999927424, 7.257599999999998e-05] 
nWPr12 0 [0.996327424, 0.003672575999999999] 
nWPr13 0 [0.999711424, 0.0002885759999999999] 
nWPr18 0 [0.981127424, 0.018872575999999988] 
nWPr19 0 [0.999927424, 7.257599999999998e-05] 
nWPr20 0 [0.999826624, 0.000173376] 
nWPr24 0 [0.999927424, 7.257599999999998e-05] 
nWPr25 0 [0.999570304, 0.0004296959999999998] 
nWPr26 0 [0.999887104, 0.00011289599999999998] 
nWPr27 0 [0.999887104, 0.00011289599999999998] 
nWPr29 1 [0.00043142399999999997, 0.999568576] 
nWPr30 0 [0.999927424, 7.257599999999998e-05] 
nWPr31 0 [0.999927424, 7.257599999999998e-05] 
nWPr32 0 [0.999711424, 0.0002885759999999999] 
nWPr33 0 [0.994546624, 0.0054533759999999985] 
nWPr34 0 [0.999927424, 7.257599999999998e-05] 
nWPr35 1 [0.0005466239999999999, 0.999453376] 
nWPr36 0 [0.999927424, 7.257599999999998e-05] 
nWPr37 0 [0.999927424, 7.257599999999998e-05] 
nWPr38 0 [0.999887104, 0.00011289599999999998] 
nWPr39 0 [0.999887104, 0.00011289599999999998] 
nWPr40 0 [0.999927424, 7.257599999999998e-05] 
nWPr41 1 [0.0006474239999999997, 0.999352576] 
nWPr42 1 [0.00043142399999999997, 0.999568576] 
nWPr43 0 [0.999927424, 7.257599999999998e-05] 
nWPr44 0 [0.999570304, 0.0004296959999999998] 
nWPr45 0 [0.999927424, 7.257599999999998e-05] 
nWPr46 0 [0.999407104, 0.0005928959999999999] 
nWPr47 0 [0.998727424, 0.0012725759999999997] 
nWPr48 0 [0.999927424, 7.257599999999998e-05] 
nWPr49 1 [0.0011274239999999997, 0.998872576] 
nWPr50 0 [0.999927424, 7.257599999999998e-05] 
nWPr51 0 [0.999927424, 7.257599999999998e-05] 
nWPr52 0 [0.999927424, 7.257599999999998e-05] 
nWPr53 0 [0.905927424, 0.09407257599999998] 
nWPr54 1 [0.0003911039999999999, 0.999608896] 
nWPr55 0 [0.999927424, 7.257599999999998e-05] 
nWPr56 0 [0.999887104, 0.00011289599999999998] 
nWPr57 0 [0.999927424, 7.257599999999998e-05] 
nWPr58 0 [0.999927424, 7.257599999999998e-05] 
nWPr59 0 [0.999231424, 0.0007685759999999997] 
nWPr60 0 [0.999671104, 0.0003288959999999999] 
nWPr61 0 [0.994290304, 0.0057096959999999985] 
nWPr62 0 [0.999346624, 0.000653376] 
nWPr63 0 [0.999927424, 7.257599999999998e-05] 
nWPr64 0 [0.999927424, 7.257599999999998e-05] 
nWPr65 0 [0.999927424, 7.257599999999998e-05] 
nWPr66 0 [0.998511424, 0.0014885759999999997] 
nWPr67 1 [0.08228710399999999, 0.9177128960000001] 
nWPr68 1 [0.0009114239999999999, 0.999088576] 
nWPr69 0 [0.999887104, 0.00011289599999999998] 
nWPr70 0 [0.999927424, 7.257599999999998e-05] 
nWPr72 0 [0.999927424, 7.257599999999998e-05] 
nWPr73 0 [0.999927424, 7.257599999999998e-05] 
nWPr74 0 [0.995631424, 0.004368575999999999] 
nWPr75 0 [0.999130624, 0.0008693759999999998] 
nWPr76 1 [0.000810624, 0.999189376] 
nWPr79 1 [0.0006474239999999997, 0.999352576] 
nWPr80 1 [0.019231423999999993, 0.980768576] 
nWPr81 0 [0.999927424, 7.257599999999998e-05] 
nWPr82 0 [0.999887104, 0.00011289599999999998] 
nWPr83 0 [0.999927424, 7.257599999999998e-05] 
nWPr84 0 [0.999231424, 0.0007685759999999997] 
nWIn04 0 [0.999927424, 7.257599999999998e-05] 
nWIn05 0 [0.999927424, 7.257599999999998e-05] 
nWIn10 0 [0.999927424, 7.257599999999998e-05] 
nWIn11 0 [0.999927424, 7.257599999999998e-05] 
nWIn12 0 [0.999927424, 7.257599999999998e-05] 
nWIn13 0 [0.999711424, 0.0002885759999999999] 
nWIn17 1 [0.0006071039999999998, 0.999392896] 
nWIn18 0 [0.999927424, 7.257599999999998e-05] 
nWIn19 0 [0.999887104, 0.00011289599999999998] 
nWIn20 0 [0.999927424, 7.257599999999998e-05] 
nWIn24 0 [0.999927424, 7.257599999999998e-05] 
nWIn25 1 [0.0011274239999999997, 0.998872576] 
nWIn26 0 [0.999927424, 7.257599999999998e-05] 
nWIn27 0 [0.999887104, 0.00011289599999999998] 
nWIn29 0 [0.999927424, 7.257599999999998e-05] 
nWIn30 0 [0.999927424, 7.257599999999998e-05] 
nWIn31 0 [0.999927424, 7.257599999999998e-05] 
nWIn32 0 [0.999826624, 0.000173376] 
nWIn33 0 [0.999927424, 7.257599999999998e-05] 
nWIn34 0 [0.999927424, 7.257599999999998e-05] 
nWIn35 0 [0.999927424, 7.257599999999998e-05] 
nWIn36 0 [0.999927424, 7.257599999999998e-05] 
nWIn38 1 [0.0017466239999999994, 0.998253376] 
nWIn39 0 [0.999130624, 0.0008693759999999998] 
nWIn40 0 [0.999927424, 7.257599999999998e-05] 
nWIn41 0 [0.999927424, 7.257599999999998e-05] 
nWIn43 1 [0.0006474239999999997, 0.999352576] 
nWIn44 0 [0.996327424, 0.003672575999999999] 
nWIn45 0 [0.999927424, 7.257599999999998e-05] 
nWIn46 1 [0.0003911039999999999, 0.999608896] 
nWIn47 1 [0.00043142399999999997, 0.999568576] 
nWIn48 0 [0.999927424, 7.257599999999998e-05] 
nWIn49 0 [0.999826624, 0.000173376] 
nWIn50 0 [0.999711424, 0.0002885759999999999] 
nWIn51 1 [0.000330624, 0.9996693759999999] 
nWIn52 0 [0.999927424, 7.257599999999998e-05] 
nWIn53 0 [0.999927424, 7.257599999999998e-05] 
nWIn54 0 [0.999927424, 7.257599999999998e-05] 
nWIn55 0 [0.999887104, 0.00011289599999999998] 
nWIn56 0 [0.999887104, 0.00011289599999999998] 
nWIn57 0 [0.999826624, 0.000173376] 
nWIn58 0 [0.999927424, 7.257599999999998e-05] 
nWIn59 0 [0.999927424, 7.257599999999998e-05] 
nWIn60 0 [0.999826624, 0.000173376] 
nWIn61 0 [0.999927424, 7.257599999999998e-05] 
nWIn62 0 [0.999927424, 7.257599999999998e-05] 
nWIn63 0 [0.999887104, 0.00011289599999999998] 
nWIn64 0 [0.984626624, 0.01537337599999999] 
nWIn65 0 [0.999927424, 7.257599999999998e-05] 
nWIn66 0 [0.999927424, 7.257599999999998e-05] 
nWIn67 0 [0.999927424, 7.257599999999998e-05] 
nWIn68 0 [0.999927424, 7.257599999999998e-05] 
nWIn69 0 [0.999447424, 0.0005525759999999999] 
nWIn71 0 [0.999927424, 7.257599999999998e-05] 
nWIn72 0 [0.999887104, 0.00011289599999999998] 
nWIn73 0 [0.999887104, 0.00011289599999999998] 
nWIn80 1 [0.01841062399999999, 0.981589376] 
nWIn81 0 [0.999927424, 7.257599999999998e-05] 
nWIn82 0 [0.999711424, 0.0002885759999999999] 
nWIn83 0 [0.999927424, 7.257599999999998e-05] 
nWIn84 0 [0.995807104, 0.004192895999999999] 
nWIn85 0 [0.999671104, 0.0003288959999999999] 

