Elite 1 OF_MAX_VPL 2649443341.98
nWWcat 0 [0.999887104, 0.00011289599999999998] 
nWPr05 0 [0.999927424, 7.257599999999998e-05] 
nWPr11 1 [0.005231423999999998, 0.994768576] 
nWPr12 0 [0.999927424, 7.257599999999998e-05] 
nWPr13 0 [0.999927424, 7.257599999999998e-05] 
nWPr18 0 [0.999231424, 0.0007685759999999997] 
nWPr19 0 [0.999927424, 7.257599999999998e-05] 
nWPr20 0 [0.900431424, 0.09956857599999998] 
nWPr24 1 [0.0010266239999999999, 0.998973376] 
nWPr25 0 [0.981631424, 0.018368575999999994] 
nWPr26 0 [0.981631424, 0.018368575999999994] 
nWPr27 0 [0.999927424, 7.257599999999998e-05] 
nWPr29 0 [0.999927424, 7.257599999999998e-05] 
nWPr30 0 [0.999927424, 7.257599999999998e-05] 
nWPr31 0 [0.999927424, 7.257599999999998e-05] 
nWPr32 0 [0.999927424, 7.257599999999998e-05] 
nWPr33 0 [0.999927424, 7.257599999999998e-05] 
nWPr34 0 [0.999927424, 7.257599999999998e-05] 
nWPr35 0 [0.999927424, 7.257599999999998e-05] 
nWPr36 0 [0.999927424, 7.257599999999998e-05] 
nWPr37 0 [0.999887104, 0.00011289599999999998] 
nWPr38 0 [0.999927424, 7.257599999999998e-05] 
nWPr39 0 [0.999927424, 7.257599999999998e-05] 
nWPr40 0 [0.999887104, 0.00011289599999999998] 
nWPr41 0 [0.999927424, 7.257599999999998e-05] 
nWPr42 1 [0.0002903039999999999, 0.999709696] 
nWPr43 1 [0.00043142399999999997, 0.999568576] 
nWPr44 0 [0.999887104, 0.00011289599999999998] 
nWPr45 0 [0.999927424, 7.257599999999998e-05] 
nWPr46 0 [0.999826624, 0.000173376] 
nWPr47 0 [0.999927424, 7.257599999999998e-05] 
nWPr48 0 [0.999927424, 7.257599999999998e-05] 
nWPr49 1 [0.0003911039999999999, 0.999608896] 
nWPr50 0 [0.999191104, 0.0008088959999999999] 
nWPr51 0 [0.999927424, 7.257599999999998e-05] 
nWPr52 0 [0.999927424, 7.257599999999998e-05] 
nWPr53 1 [0.00043142399999999997, 0.999568576] 
nWPr54 0 [0.996226624, 0.003773375999999999] 
nWPr55 0 [0.999927424, 7.257599999999998e-05] 
nWPr56 0 [0.999927424, 7.257599999999998e-05] 
nWPr57 1 [0.000330624, 0.9996693759999999] 
nWPr58 0 [0.999927424, 7.257599999999998e-05] 
nWPr59 0 [0.999927424, 7.257599999999998e-05] 
nWPr60 0 [0.994391104, 0.005608895999999999] 
nWPr61 0 [0.999927424, 7.257599999999998e-05] 
nWPr62 0 [0.999887104, 0.00011289599999999998] 
nWPr63 0 [0.999887104, 0.00011289599999999998] 
nWPr64 1 [0.000330624, 0.9996693759999999] 
nWPr65 0 [0.999786304, 0.00021369599999999998] 
nWPr66 1 [0.000330624, 0.9996693759999999] 
nWPr67 0 [0.998687104, 0.0013128959999999998] 
nWPr68 0 [0.997890304, 0.002109696] 
nWPr69 0 [0.999826624, 0.000173376] 
nWPr70 0 [0.999130624, 0.0008693759999999998] 
nWPr72 1 [0.00043142399999999997, 0.999568576] 
nWPr73 0 [0.999927424, 7.257599999999998e-05] 
nWPr74 0 [0.999927424, 7.257599999999998e-05] 
nWPr75 0 [0.999927424, 7.257599999999998e-05] 
nWPr76 0 [0.999927424, 7.257599999999998e-05] 
nWPr79 0 [0.999927424, 7.257599999999998e-05] 
nWPr80 0 [0.999927424, 7.257599999999998e-05] 
nWPr81 0 [0.999927424, 7.257599999999998e-05] 
nWPr82 0 [0.999826624, 0.000173376] 
nWPr83 0 [0.9955911040000001, 0.004408895999999999] 
nWPr84 1 [0.002226624, 0.997773376] 
nWIn04 0 [0.999927424, 7.257599999999998e-05] 
nWIn05 0 [0.999927424, 7.257599999999998e-05] 
nWIn10 0 [0.999927424, 7.257599999999998e-05] 
nWIn11 0 [0.999826624, 0.000173376] 
nWIn12 0 [0.999927424, 7.257599999999998e-05] 
nWIn13 0 [0.999927424, 7.257599999999998e-05] 
nWIn17 1 [0.000330624, 0.9996693759999999] 
nWIn18 0 [0.999927424, 7.257599999999998e-05] 
nWIn19 0 [0.999927424, 7.257599999999998e-05] 
nWIn20 0 [0.999927424, 7.257599999999998e-05] 
nWIn24 0 [0.999927424, 7.257599999999998e-05] 
nWIn25 1 [0.0010266239999999999, 0.998973376] 
nWIn26 0 [0.999887104, 0.00011289599999999998] 
nWIn27 0 [0.999927424, 7.257599999999998e-05] 
nWIn29 0 [0.999887104, 0.00011289599999999998] 
nWIn30 1 [0.000330624, 0.9996693759999999] 
nWIn31 0 [0.999927424, 7.257599999999998e-05] 
nWIn32 0 [0.999130624, 0.0008693759999999998] 
nWIn33 0 [0.999887104, 0.00011289599999999998] 
nWIn34 0 [0.999927424, 7.257599999999998e-05] 
nWIn35 0 [0.999826624, 0.000173376] 
nWIn36 0 [0.998727424, 0.0012725759999999997] 
nWIn38 0 [0.999927424, 7.257599999999998e-05] 
nWIn39 0 [0.999826624, 0.000173376] 
nWIn40 0 [0.999826624, 0.000173376] 
nWIn41 0 [0.999927424, 7.257599999999998e-05] 
nWIn43 0 [0.999927424, 7.257599999999998e-05] 
nWIn44 1 [0.00043142399999999997, 0.999568576] 
nWIn45 0 [0.999927424, 7.257599999999998e-05] 
nWIn46 0 [0.999927424, 7.257599999999998e-05] 
nWIn47 1 [0.00043142399999999997, 0.999568576] 
nWIn48 0 [0.999786304, 0.00021369599999999998] 
nWIn49 0 [0.999927424, 7.257599999999998e-05] 
nWIn50 0 [0.999927424, 7.257599999999998e-05] 
nWIn51 0 [0.999927424, 7.257599999999998e-05] 
nWIn52 0 [0.999927424, 7.257599999999998e-05] 
nWIn53 0 [0.999887104, 0.00011289599999999998] 
nWIn54 0 [0.999826624, 0.000173376] 
nWIn55 0 [0.999927424, 7.257599999999998e-05] 
nWIn56 0 [0.999927424, 7.257599999999998e-05] 
nWIn57 0 [0.999927424, 7.257599999999998e-05] 
nWIn58 0 [0.999927424, 7.257599999999998e-05] 
nWIn59 0 [0.999927424, 7.257599999999998e-05] 
nWIn60 0 [0.999927424, 7.257599999999998e-05] 
nWIn61 0 [0.999826624, 0.000173376] 
nWIn62 1 [0.00043142399999999997, 0.999568576] 
nWIn63 0 [0.999927424, 7.257599999999998e-05] 
nWIn64 0 [0.999927424, 7.257599999999998e-05] 
nWIn65 0 [0.999927424, 7.257599999999998e-05] 
nWIn66 0 [0.999927424, 7.257599999999998e-05] 
nWIn67 0 [0.999826624, 0.000173376] 
nWIn68 0 [0.999927424, 7.257599999999998e-05] 
nWIn69 1 [0.0003911039999999999, 0.999608896] 
nWIn71 0 [0.999927424, 7.257599999999998e-05] 
nWIn72 0 [0.999927424, 7.257599999999998e-05] 
nWIn73 0 [0.999887104, 0.00011289599999999998] 
nWIn80 0 [0.999927424, 7.257599999999998e-05] 
nWIn81 0 [0.999927424, 7.257599999999998e-05] 
nWIn82 1 [0.00043142399999999997, 0.999568576] 
nWIn83 0 [0.999927424, 7.257599999999998e-05] 
nWIn84 0 [0.999887104, 0.00011289599999999998] 
nWIn85 0 [0.999927424, 7.257599999999998e-05] 

Elite 2 OF_MAX_VPL 2649443341.98
nWWcat 0 [0.999887104, 0.00011289599999999998] 
nWPr05 0 [0.999927424, 7.257599999999998e-05] 
nWPr11 1 [0.005231423999999998, 0.994768576] 
nWPr12 0 [0.999927424, 7.257599999999998e-05] 
nWPr13 0 [0.999927424, 7.257599999999998e-05] 
nWPr18 0 [0.999231424, 0.0007685759999999997] 
nWPr19 0 [0.999927424, 7.257599999999998e-05] 
nWPr20 0 [0.900431424, 0.09956857599999998] 
nWPr24 1 [0.0010266239999999999, 0.998973376] 
nWPr25 0 [0.981631424, 0.018368575999999994] 
nWPr26 0 [0.981631424, 0.018368575999999994] 
nWPr27 0 [0.999927424, 7.257599999999998e-05] 
nWPr29 0 [0.999927424, 7.257599999999998e-05] 
nWPr30 0 [0.999927424, 7.257599999999998e-05] 
nWPr31 0 [0.999927424, 7.257599999999998e-05] 
nWPr32 0 [0.999927424, 7.257599999999998e-05] 
nWPr33 0 [0.999927424, 7.257599999999998e-05] 
nWPr34 0 [0.999927424, 7.257599999999998e-05] 
nWPr35 0 [0.999927424, 7.257599999999998e-05] 
nWPr36 0 [0.999927424, 7.257599999999998e-05] 
nWPr37 0 [0.999887104, 0.00011289599999999998] 
nWPr38 0 [0.999927424, 7.257599999999998e-05] 
nWPr39 0 [0.999927424, 7.257599999999998e-05] 
nWPr40 0 [0.999887104, 0.00011289599999999998] 
nWPr41 0 [0.999927424, 7.257599999999998e-05] 
nWPr42 1 [0.0002903039999999999, 0.999709696] 
nWPr43 1 [0.00043142399999999997, 0.999568576] 
nWPr44 0 [0.999887104, 0.00011289599999999998] 
nWPr45 0 [0.999927424, 7.257599999999998e-05] 
nWPr46 0 [0.999826624, 0.000173376] 
nWPr47 0 [0.999927424, 7.257599999999998e-05] 
nWPr48 0 [0.999927424, 7.257599999999998e-05] 
nWPr49 1 [0.0003911039999999999, 0.999608896] 
nWPr50 0 [0.999191104, 0.0008088959999999999] 
nWPr51 0 [0.999927424, 7.257599999999998e-05] 
nWPr52 0 [0.999927424, 7.257599999999998e-05] 
nWPr53 1 [0.00043142399999999997, 0.999568576] 
nWPr54 0 [0.996226624, 0.003773375999999999] 
nWPr55 0 [0.999927424, 7.257599999999998e-05] 
nWPr56 0 [0.999927424, 7.257599999999998e-05] 
nWPr57 1 [0.000330624, 0.9996693759999999] 
nWPr58 0 [0.999927424, 7.257599999999998e-05] 
nWPr59 0 [0.999927424, 7.257599999999998e-05] 
nWPr60 0 [0.994391104, 0.005608895999999999] 
nWPr61 0 [0.999927424, 7.257599999999998e-05] 
nWPr62 0 [0.999887104, 0.00011289599999999998] 
nWPr63 0 [0.999887104, 0.00011289599999999998] 
nWPr64 1 [0.000330624, 0.9996693759999999] 
nWPr65 0 [0.999786304, 0.00021369599999999998] 
nWPr66 1 [0.000330624, 0.9996693759999999] 
nWPr67 0 [0.998687104, 0.0013128959999999998] 
nWPr68 0 [0.997890304, 0.002109696] 
nWPr69 0 [0.999826624, 0.000173376] 
nWPr70 0 [0.999130624, 0.0008693759999999998] 
nWPr72 1 [0.00043142399999999997, 0.999568576] 
nWPr73 0 [0.999927424, 7.257599999999998e-05] 
nWPr74 0 [0.999927424, 7.257599999999998e-05] 
nWPr75 0 [0.999927424, 7.257599999999998e-05] 
nWPr76 0 [0.999927424, 7.257599999999998e-05] 
nWPr79 0 [0.999927424, 7.257599999999998e-05] 
nWPr80 0 [0.999927424, 7.257599999999998e-05] 
nWPr81 0 [0.999927424, 7.257599999999998e-05] 
nWPr82 0 [0.999826624, 0.000173376] 
nWPr83 0 [0.9955911040000001, 0.004408895999999999] 
nWPr84 1 [0.002226624, 0.997773376] 
nWIn04 0 [0.999927424, 7.257599999999998e-05] 
nWIn05 0 [0.999927424, 7.257599999999998e-05] 
nWIn10 0 [0.999927424, 7.257599999999998e-05] 
nWIn11 0 [0.999826624, 0.000173376] 
nWIn12 0 [0.999927424, 7.257599999999998e-05] 
nWIn13 0 [0.999927424, 7.257599999999998e-05] 
nWIn17 1 [0.000330624, 0.9996693759999999] 
nWIn18 0 [0.999927424, 7.257599999999998e-05] 
nWIn19 0 [0.999927424, 7.257599999999998e-05] 
nWIn20 0 [0.999927424, 7.257599999999998e-05] 
nWIn24 0 [0.999927424, 7.257599999999998e-05] 
nWIn25 1 [0.0010266239999999999, 0.998973376] 
nWIn26 0 [0.999887104, 0.00011289599999999998] 
nWIn27 0 [0.999927424, 7.257599999999998e-05] 
nWIn29 0 [0.999887104, 0.00011289599999999998] 
nWIn30 1 [0.000330624, 0.9996693759999999] 
nWIn31 0 [0.999927424, 7.257599999999998e-05] 
nWIn32 0 [0.999130624, 0.0008693759999999998] 
nWIn33 0 [0.999887104, 0.00011289599999999998] 
nWIn34 0 [0.999927424, 7.257599999999998e-05] 
nWIn35 0 [0.999826624, 0.000173376] 
nWIn36 0 [0.998727424, 0.0012725759999999997] 
nWIn38 0 [0.999927424, 7.257599999999998e-05] 
nWIn39 0 [0.999826624, 0.000173376] 
nWIn40 0 [0.999826624, 0.000173376] 
nWIn41 0 [0.999927424, 7.257599999999998e-05] 
nWIn43 0 [0.999927424, 7.257599999999998e-05] 
nWIn44 1 [0.00043142399999999997, 0.999568576] 
nWIn45 0 [0.999927424, 7.257599999999998e-05] 
nWIn46 0 [0.999927424, 7.257599999999998e-05] 
nWIn47 1 [0.00043142399999999997, 0.999568576] 
nWIn48 0 [0.999786304, 0.00021369599999999998] 
nWIn49 0 [0.999927424, 7.257599999999998e-05] 
nWIn50 0 [0.999927424, 7.257599999999998e-05] 
nWIn51 0 [0.999927424, 7.257599999999998e-05] 
nWIn52 0 [0.999927424, 7.257599999999998e-05] 
nWIn53 0 [0.999887104, 0.00011289599999999998] 
nWIn54 0 [0.999826624, 0.000173376] 
nWIn55 0 [0.999927424, 7.257599999999998e-05] 
nWIn56 0 [0.999927424, 7.257599999999998e-05] 
nWIn57 0 [0.999927424, 7.257599999999998e-05] 
nWIn58 0 [0.999927424, 7.257599999999998e-05] 
nWIn59 0 [0.999927424, 7.257599999999998e-05] 
nWIn60 0 [0.999927424, 7.257599999999998e-05] 
nWIn61 0 [0.999826624, 0.000173376] 
nWIn62 1 [0.00043142399999999997, 0.999568576] 
nWIn63 0 [0.999927424, 7.257599999999998e-05] 
nWIn64 0 [0.999927424, 7.257599999999998e-05] 
nWIn65 0 [0.999927424, 7.257599999999998e-05] 
nWIn66 0 [0.999927424, 7.257599999999998e-05] 
nWIn67 0 [0.999826624, 0.000173376] 
nWIn68 0 [0.999927424, 7.257599999999998e-05] 
nWIn69 1 [0.0003911039999999999, 0.999608896] 
nWIn71 0 [0.999927424, 7.257599999999998e-05] 
nWIn72 0 [0.999927424, 7.257599999999998e-05] 
nWIn73 0 [0.999887104, 0.00011289599999999998] 
nWIn80 0 [0.999927424, 7.257599999999998e-05] 
nWIn81 0 [0.999927424, 7.257599999999998e-05] 
nWIn82 1 [0.00043142399999999997, 0.999568576] 
nWIn83 0 [0.999927424, 7.257599999999998e-05] 
nWIn84 0 [0.999887104, 0.00011289599999999998] 
nWIn85 0 [0.999927424, 7.257599999999998e-05] 

Elite 3 OF_MAX_VPL 2649443341.98
nWWcat 0 [0.999887104, 0.00011289599999999998] 
nWPr05 0 [0.999927424, 7.257599999999998e-05] 
nWPr11 1 [0.005231423999999998, 0.994768576] 
nWPr12 0 [0.999927424, 7.257599999999998e-05] 
nWPr13 0 [0.999927424, 7.257599999999998e-05] 
nWPr18 0 [0.999231424, 0.0007685759999999997] 
nWPr19 0 [0.999927424, 7.257599999999998e-05] 
nWPr20 0 [0.900431424, 0.09956857599999998] 
nWPr24 1 [0.0010266239999999999, 0.998973376] 
nWPr25 0 [0.981631424, 0.018368575999999994] 
nWPr26 0 [0.981631424, 0.018368575999999994] 
nWPr27 0 [0.999927424, 7.257599999999998e-05] 
nWPr29 0 [0.999927424, 7.257599999999998e-05] 
nWPr30 0 [0.999927424, 7.257599999999998e-05] 
nWPr31 0 [0.999927424, 7.257599999999998e-05] 
nWPr32 0 [0.999927424, 7.257599999999998e-05] 
nWPr33 0 [0.999927424, 7.257599999999998e-05] 
nWPr34 0 [0.999927424, 7.257599999999998e-05] 
nWPr35 0 [0.999927424, 7.257599999999998e-05] 
nWPr36 0 [0.999927424, 7.257599999999998e-05] 
nWPr37 0 [0.999887104, 0.00011289599999999998] 
nWPr38 0 [0.999927424, 7.257599999999998e-05] 
nWPr39 0 [0.999927424, 7.257599999999998e-05] 
nWPr40 0 [0.999887104, 0.00011289599999999998] 
nWPr41 0 [0.999927424, 7.257599999999998e-05] 
nWPr42 1 [0.0002903039999999999, 0.999709696] 
nWPr43 1 [0.00043142399999999997, 0.999568576] 
nWPr44 0 [0.999887104, 0.00011289599999999998] 
nWPr45 0 [0.999927424, 7.257599999999998e-05] 
nWPr46 0 [0.999826624, 0.000173376] 
nWPr47 0 [0.999927424, 7.257599999999998e-05] 
nWPr48 0 [0.999927424, 7.257599999999998e-05] 
nWPr49 1 [0.0003911039999999999, 0.999608896] 
nWPr50 0 [0.999191104, 0.0008088959999999999] 
nWPr51 0 [0.999927424, 7.257599999999998e-05] 
nWPr52 0 [0.999927424, 7.257599999999998e-05] 
nWPr53 1 [0.00043142399999999997, 0.999568576] 
nWPr54 0 [0.996226624, 0.003773375999999999] 
nWPr55 0 [0.999927424, 7.257599999999998e-05] 
nWPr56 0 [0.999927424, 7.257599999999998e-05] 
nWPr57 1 [0.000330624, 0.9996693759999999] 
nWPr58 0 [0.999927424, 7.257599999999998e-05] 
nWPr59 0 [0.999927424, 7.257599999999998e-05] 
nWPr60 0 [0.994391104, 0.005608895999999999] 
nWPr61 0 [0.999927424, 7.257599999999998e-05] 
nWPr62 0 [0.999887104, 0.00011289599999999998] 
nWPr63 0 [0.999887104, 0.00011289599999999998] 
nWPr64 1 [0.000330624, 0.9996693759999999] 
nWPr65 0 [0.999786304, 0.00021369599999999998] 
nWPr66 1 [0.000330624, 0.9996693759999999] 
nWPr67 0 [0.998687104, 0.0013128959999999998] 
nWPr68 0 [0.997890304, 0.002109696] 
nWPr69 0 [0.999826624, 0.000173376] 
nWPr70 0 [0.999130624, 0.0008693759999999998] 
nWPr72 1 [0.00043142399999999997, 0.999568576] 
nWPr73 0 [0.999927424, 7.257599999999998e-05] 
nWPr74 0 [0.999927424, 7.257599999999998e-05] 
nWPr75 0 [0.999927424, 7.257599999999998e-05] 
nWPr76 0 [0.999927424, 7.257599999999998e-05] 
nWPr79 0 [0.999927424, 7.257599999999998e-05] 
nWPr80 0 [0.999927424, 7.257599999999998e-05] 
nWPr81 0 [0.999927424, 7.257599999999998e-05] 
nWPr82 0 [0.999826624, 0.000173376] 
nWPr83 0 [0.9955911040000001, 0.004408895999999999] 
nWPr84 1 [0.002226624, 0.997773376] 
nWIn04 0 [0.999927424, 7.257599999999998e-05] 
nWIn05 0 [0.999927424, 7.257599999999998e-05] 
nWIn10 0 [0.999927424, 7.257599999999998e-05] 
nWIn11 0 [0.999826624, 0.000173376] 
nWIn12 0 [0.999927424, 7.257599999999998e-05] 
nWIn13 0 [0.999927424, 7.257599999999998e-05] 
nWIn17 1 [0.000330624, 0.9996693759999999] 
nWIn18 0 [0.999927424, 7.257599999999998e-05] 
nWIn19 0 [0.999927424, 7.257599999999998e-05] 
nWIn20 0 [0.999927424, 7.257599999999998e-05] 
nWIn24 0 [0.999927424, 7.257599999999998e-05] 
nWIn25 1 [0.0010266239999999999, 0.998973376] 
nWIn26 0 [0.999887104, 0.00011289599999999998] 
nWIn27 0 [0.999927424, 7.257599999999998e-05] 
nWIn29 0 [0.999887104, 0.00011289599999999998] 
nWIn30 1 [0.000330624, 0.9996693759999999] 
nWIn31 0 [0.999927424, 7.257599999999998e-05] 
nWIn32 0 [0.999130624, 0.0008693759999999998] 
nWIn33 0 [0.999887104, 0.00011289599999999998] 
nWIn34 0 [0.999927424, 7.257599999999998e-05] 
nWIn35 0 [0.999826624, 0.000173376] 
nWIn36 0 [0.998727424, 0.0012725759999999997] 
nWIn38 0 [0.999927424, 7.257599999999998e-05] 
nWIn39 0 [0.999826624, 0.000173376] 
nWIn40 0 [0.999826624, 0.000173376] 
nWIn41 0 [0.999927424, 7.257599999999998e-05] 
nWIn43 0 [0.999927424, 7.257599999999998e-05] 
nWIn44 1 [0.00043142399999999997, 0.999568576] 
nWIn45 0 [0.999927424, 7.257599999999998e-05] 
nWIn46 0 [0.999927424, 7.257599999999998e-05] 
nWIn47 1 [0.00043142399999999997, 0.999568576] 
nWIn48 0 [0.999786304, 0.00021369599999999998] 
nWIn49 0 [0.999927424, 7.257599999999998e-05] 
nWIn50 0 [0.999927424, 7.257599999999998e-05] 
nWIn51 0 [0.999927424, 7.257599999999998e-05] 
nWIn52 0 [0.999927424, 7.257599999999998e-05] 
nWIn53 0 [0.999887104, 0.00011289599999999998] 
nWIn54 0 [0.999826624, 0.000173376] 
nWIn55 0 [0.999927424, 7.257599999999998e-05] 
nWIn56 0 [0.999927424, 7.257599999999998e-05] 
nWIn57 0 [0.999927424, 7.257599999999998e-05] 
nWIn58 0 [0.999927424, 7.257599999999998e-05] 
nWIn59 0 [0.999927424, 7.257599999999998e-05] 
nWIn60 0 [0.999927424, 7.257599999999998e-05] 
nWIn61 0 [0.999826624, 0.000173376] 
nWIn62 1 [0.00043142399999999997, 0.999568576] 
nWIn63 0 [0.999927424, 7.257599999999998e-05] 
nWIn64 0 [0.999927424, 7.257599999999998e-05] 
nWIn65 0 [0.999927424, 7.257599999999998e-05] 
nWIn66 0 [0.999927424, 7.257599999999998e-05] 
nWIn67 0 [0.999826624, 0.000173376] 
nWIn68 0 [0.999927424, 7.257599999999998e-05] 
nWIn69 1 [0.0003911039999999999, 0.999608896] 
nWIn71 0 [0.999927424, 7.257599999999998e-05] 
nWIn72 0 [0.999927424, 7.257599999999998e-05] 
nWIn73 0 [0.999887104, 0.00011289599999999998] 
nWIn80 0 [0.999927424, 7.257599999999998e-05] 
nWIn81 0 [0.999927424, 7.257599999999998e-05] 
nWIn82 1 [0.00043142399999999997, 0.999568576] 
nWIn83 0 [0.999927424, 7.257599999999998e-05] 
nWIn84 0 [0.999887104, 0.00011289599999999998] 
nWIn85 0 [0.999927424, 7.257599999999998e-05] 

Elite 4 OF_MAX_VPL 2649443341.98
nWWcat 0 [0.999887104, 0.00011289599999999998] 
nWPr05 0 [0.999927424, 7.257599999999998e-05] 
nWPr11 1 [0.005231423999999998, 0.994768576] 
nWPr12 0 [0.999927424, 7.257599999999998e-05] 
nWPr13 0 [0.999927424, 7.257599999999998e-05] 
nWPr18 0 [0.999231424, 0.0007685759999999997] 
nWPr19 0 [0.999927424, 7.257599999999998e-05] 
nWPr20 0 [0.900431424, 0.09956857599999998] 
nWPr24 1 [0.0010266239999999999, 0.998973376] 
nWPr25 0 [0.981631424, 0.018368575999999994] 
nWPr26 0 [0.981631424, 0.018368575999999994] 
nWPr27 0 [0.999927424, 7.257599999999998e-05] 
nWPr29 0 [0.999927424, 7.257599999999998e-05] 
nWPr30 0 [0.999927424, 7.257599999999998e-05] 
nWPr31 0 [0.999927424, 7.257599999999998e-05] 
nWPr32 0 [0.999927424, 7.257599999999998e-05] 
nWPr33 0 [0.999927424, 7.257599999999998e-05] 
nWPr34 0 [0.999927424, 7.257599999999998e-05] 
nWPr35 0 [0.999927424, 7.257599999999998e-05] 
nWPr36 0 [0.999927424, 7.257599999999998e-05] 
nWPr37 0 [0.999887104, 0.00011289599999999998] 
nWPr38 0 [0.999927424, 7.257599999999998e-05] 
nWPr39 0 [0.999927424, 7.257599999999998e-05] 
nWPr40 0 [0.999887104, 0.00011289599999999998] 
nWPr41 0 [0.999927424, 7.257599999999998e-05] 
nWPr42 1 [0.0002903039999999999, 0.999709696] 
nWPr43 1 [0.00043142399999999997, 0.999568576] 
nWPr44 0 [0.999887104, 0.00011289599999999998] 
nWPr45 0 [0.999927424, 7.257599999999998e-05] 
nWPr46 0 [0.999826624, 0.000173376] 
nWPr47 0 [0.999927424, 7.257599999999998e-05] 
nWPr48 0 [0.999927424, 7.257599999999998e-05] 
nWPr49 1 [0.0003911039999999999, 0.999608896] 
nWPr50 0 [0.999191104, 0.0008088959999999999] 
nWPr51 0 [0.999927424, 7.257599999999998e-05] 
nWPr52 0 [0.999927424, 7.257599999999998e-05] 
nWPr53 1 [0.00043142399999999997, 0.999568576] 
nWPr54 0 [0.996226624, 0.003773375999999999] 
nWPr55 0 [0.999927424, 7.257599999999998e-05] 
nWPr56 0 [0.999927424, 7.257599999999998e-05] 
nWPr57 1 [0.000330624, 0.9996693759999999] 
nWPr58 0 [0.999927424, 7.257599999999998e-05] 
nWPr59 0 [0.999927424, 7.257599999999998e-05] 
nWPr60 0 [0.994391104, 0.005608895999999999] 
nWPr61 0 [0.999927424, 7.257599999999998e-05] 
nWPr62 0 [0.999887104, 0.00011289599999999998] 
nWPr63 0 [0.999887104, 0.00011289599999999998] 
nWPr64 1 [0.000330624, 0.9996693759999999] 
nWPr65 0 [0.999786304, 0.00021369599999999998] 
nWPr66 1 [0.000330624, 0.9996693759999999] 
nWPr67 0 [0.998687104, 0.0013128959999999998] 
nWPr68 0 [0.997890304, 0.002109696] 
nWPr69 0 [0.999826624, 0.000173376] 
nWPr70 0 [0.999130624, 0.0008693759999999998] 
nWPr72 1 [0.00043142399999999997, 0.999568576] 
nWPr73 0 [0.999927424, 7.257599999999998e-05] 
nWPr74 0 [0.999927424, 7.257599999999998e-05] 
nWPr75 0 [0.999927424, 7.257599999999998e-05] 
nWPr76 0 [0.999927424, 7.257599999999998e-05] 
nWPr79 0 [0.999927424, 7.257599999999998e-05] 
nWPr80 0 [0.999927424, 7.257599999999998e-05] 
nWPr81 0 [0.999927424, 7.257599999999998e-05] 
nWPr82 0 [0.999826624, 0.000173376] 
nWPr83 0 [0.9955911040000001, 0.004408895999999999] 
nWPr84 1 [0.002226624, 0.997773376] 
nWIn04 0 [0.999927424, 7.257599999999998e-05] 
nWIn05 0 [0.999927424, 7.257599999999998e-05] 
nWIn10 0 [0.999927424, 7.257599999999998e-05] 
nWIn11 0 [0.999826624, 0.000173376] 
nWIn12 0 [0.999927424, 7.257599999999998e-05] 
nWIn13 0 [0.999927424, 7.257599999999998e-05] 
nWIn17 1 [0.000330624, 0.9996693759999999] 
nWIn18 0 [0.999927424, 7.257599999999998e-05] 
nWIn19 0 [0.999927424, 7.257599999999998e-05] 
nWIn20 0 [0.999927424, 7.257599999999998e-05] 
nWIn24 0 [0.999927424, 7.257599999999998e-05] 
nWIn25 1 [0.0010266239999999999, 0.998973376] 
nWIn26 0 [0.999887104, 0.00011289599999999998] 
nWIn27 0 [0.999927424, 7.257599999999998e-05] 
nWIn29 0 [0.999887104, 0.00011289599999999998] 
nWIn30 1 [0.000330624, 0.9996693759999999] 
nWIn31 0 [0.999927424, 7.257599999999998e-05] 
nWIn32 0 [0.999130624, 0.0008693759999999998] 
nWIn33 0 [0.999887104, 0.00011289599999999998] 
nWIn34 0 [0.999927424, 7.257599999999998e-05] 
nWIn35 0 [0.999826624, 0.000173376] 
nWIn36 0 [0.998727424, 0.0012725759999999997] 
nWIn38 0 [0.999927424, 7.257599999999998e-05] 
nWIn39 0 [0.999826624, 0.000173376] 
nWIn40 0 [0.999826624, 0.000173376] 
nWIn41 0 [0.999927424, 7.257599999999998e-05] 
nWIn43 0 [0.999927424, 7.257599999999998e-05] 
nWIn44 1 [0.00043142399999999997, 0.999568576] 
nWIn45 0 [0.999927424, 7.257599999999998e-05] 
nWIn46 0 [0.999927424, 7.257599999999998e-05] 
nWIn47 1 [0.00043142399999999997, 0.999568576] 
nWIn48 0 [0.999786304, 0.00021369599999999998] 
nWIn49 0 [0.999927424, 7.257599999999998e-05] 
nWIn50 0 [0.999927424, 7.257599999999998e-05] 
nWIn51 0 [0.999927424, 7.257599999999998e-05] 
nWIn52 0 [0.999927424, 7.257599999999998e-05] 
nWIn53 0 [0.999887104, 0.00011289599999999998] 
nWIn54 0 [0.999826624, 0.000173376] 
nWIn55 0 [0.999927424, 7.257599999999998e-05] 
nWIn56 0 [0.999927424, 7.257599999999998e-05] 
nWIn57 0 [0.999927424, 7.257599999999998e-05] 
nWIn58 0 [0.999927424, 7.257599999999998e-05] 
nWIn59 0 [0.999927424, 7.257599999999998e-05] 
nWIn60 0 [0.999927424, 7.257599999999998e-05] 
nWIn61 0 [0.999826624, 0.000173376] 
nWIn62 1 [0.00043142399999999997, 0.999568576] 
nWIn63 0 [0.999927424, 7.257599999999998e-05] 
nWIn64 0 [0.999927424, 7.257599999999998e-05] 
nWIn65 0 [0.999927424, 7.257599999999998e-05] 
nWIn66 0 [0.999927424, 7.257599999999998e-05] 
nWIn67 0 [0.999826624, 0.000173376] 
nWIn68 0 [0.999927424, 7.257599999999998e-05] 
nWIn69 1 [0.0003911039999999999, 0.999608896] 
nWIn71 0 [0.999927424, 7.257599999999998e-05] 
nWIn72 0 [0.999927424, 7.257599999999998e-05] 
nWIn73 0 [0.999887104, 0.00011289599999999998] 
nWIn80 0 [0.999927424, 7.257599999999998e-05] 
nWIn81 0 [0.999927424, 7.257599999999998e-05] 
nWIn82 1 [0.00043142399999999997, 0.999568576] 
nWIn83 0 [0.999927424, 7.257599999999998e-05] 
nWIn84 0 [0.999887104, 0.00011289599999999998] 
nWIn85 0 [0.999927424, 7.257599999999998e-05] 

Elite 5 OF_MAX_VPL 2649443341.98
nWWcat 0 [0.999887104, 0.00011289599999999998] 
nWPr05 0 [0.999927424, 7.257599999999998e-05] 
nWPr11 1 [0.005231423999999998, 0.994768576] 
nWPr12 0 [0.999927424, 7.257599999999998e-05] 
nWPr13 0 [0.999927424, 7.257599999999998e-05] 
nWPr18 0 [0.999231424, 0.0007685759999999997] 
nWPr19 0 [0.999927424, 7.257599999999998e-05] 
nWPr20 0 [0.900431424, 0.09956857599999998] 
nWPr24 1 [0.0010266239999999999, 0.998973376] 
nWPr25 0 [0.981631424, 0.018368575999999994] 
nWPr26 0 [0.981631424, 0.018368575999999994] 
nWPr27 0 [0.999927424, 7.257599999999998e-05] 
nWPr29 0 [0.999927424, 7.257599999999998e-05] 
nWPr30 0 [0.999927424, 7.257599999999998e-05] 
nWPr31 0 [0.999927424, 7.257599999999998e-05] 
nWPr32 0 [0.999927424, 7.257599999999998e-05] 
nWPr33 0 [0.999927424, 7.257599999999998e-05] 
nWPr34 0 [0.999927424, 7.257599999999998e-05] 
nWPr35 0 [0.999927424, 7.257599999999998e-05] 
nWPr36 0 [0.999927424, 7.257599999999998e-05] 
nWPr37 0 [0.999887104, 0.00011289599999999998] 
nWPr38 0 [0.999927424, 7.257599999999998e-05] 
nWPr39 0 [0.999927424, 7.257599999999998e-05] 
nWPr40 0 [0.999887104, 0.00011289599999999998] 
nWPr41 0 [0.999927424, 7.257599999999998e-05] 
nWPr42 1 [0.0002903039999999999, 0.999709696] 
nWPr43 1 [0.00043142399999999997, 0.999568576] 
nWPr44 0 [0.999887104, 0.00011289599999999998] 
nWPr45 0 [0.999927424, 7.257599999999998e-05] 
nWPr46 0 [0.999826624, 0.000173376] 
nWPr47 0 [0.999927424, 7.257599999999998e-05] 
nWPr48 0 [0.999927424, 7.257599999999998e-05] 
nWPr49 1 [0.0003911039999999999, 0.999608896] 
nWPr50 0 [0.999191104, 0.0008088959999999999] 
nWPr51 0 [0.999927424, 7.257599999999998e-05] 
nWPr52 0 [0.999927424, 7.257599999999998e-05] 
nWPr53 1 [0.00043142399999999997, 0.999568576] 
nWPr54 0 [0.996226624, 0.003773375999999999] 
nWPr55 0 [0.999927424, 7.257599999999998e-05] 
nWPr56 0 [0.999927424, 7.257599999999998e-05] 
nWPr57 1 [0.000330624, 0.9996693759999999] 
nWPr58 0 [0.999927424, 7.257599999999998e-05] 
nWPr59 0 [0.999927424, 7.257599999999998e-05] 
nWPr60 0 [0.994391104, 0.005608895999999999] 
nWPr61 0 [0.999927424, 7.257599999999998e-05] 
nWPr62 0 [0.999887104, 0.00011289599999999998] 
nWPr63 0 [0.999887104, 0.00011289599999999998] 
nWPr64 1 [0.000330624, 0.9996693759999999] 
nWPr65 0 [0.999786304, 0.00021369599999999998] 
nWPr66 1 [0.000330624, 0.9996693759999999] 
nWPr67 0 [0.998687104, 0.0013128959999999998] 
nWPr68 0 [0.997890304, 0.002109696] 
nWPr69 0 [0.999826624, 0.000173376] 
nWPr70 0 [0.999130624, 0.0008693759999999998] 
nWPr72 1 [0.00043142399999999997, 0.999568576] 
nWPr73 0 [0.999927424, 7.257599999999998e-05] 
nWPr74 0 [0.999927424, 7.257599999999998e-05] 
nWPr75 0 [0.999927424, 7.257599999999998e-05] 
nWPr76 0 [0.999927424, 7.257599999999998e-05] 
nWPr79 0 [0.999927424, 7.257599999999998e-05] 
nWPr80 0 [0.999927424, 7.257599999999998e-05] 
nWPr81 0 [0.999927424, 7.257599999999998e-05] 
nWPr82 0 [0.999826624, 0.000173376] 
nWPr83 0 [0.9955911040000001, 0.004408895999999999] 
nWPr84 1 [0.002226624, 0.997773376] 
nWIn04 0 [0.999927424, 7.257599999999998e-05] 
nWIn05 0 [0.999927424, 7.257599999999998e-05] 
nWIn10 0 [0.999927424, 7.257599999999998e-05] 
nWIn11 0 [0.999826624, 0.000173376] 
nWIn12 0 [0.999927424, 7.257599999999998e-05] 
nWIn13 0 [0.999927424, 7.257599999999998e-05] 
nWIn17 1 [0.000330624, 0.9996693759999999] 
nWIn18 0 [0.999927424, 7.257599999999998e-05] 
nWIn19 0 [0.999927424, 7.257599999999998e-05] 
nWIn20 0 [0.999927424, 7.257599999999998e-05] 
nWIn24 0 [0.999927424, 7.257599999999998e-05] 
nWIn25 1 [0.0010266239999999999, 0.998973376] 
nWIn26 0 [0.999887104, 0.00011289599999999998] 
nWIn27 0 [0.999927424, 7.257599999999998e-05] 
nWIn29 0 [0.999887104, 0.00011289599999999998] 
nWIn30 1 [0.000330624, 0.9996693759999999] 
nWIn31 0 [0.999927424, 7.257599999999998e-05] 
nWIn32 0 [0.999130624, 0.0008693759999999998] 
nWIn33 0 [0.999887104, 0.00011289599999999998] 
nWIn34 0 [0.999927424, 7.257599999999998e-05] 
nWIn35 0 [0.999826624, 0.000173376] 
nWIn36 0 [0.998727424, 0.0012725759999999997] 
nWIn38 0 [0.999927424, 7.257599999999998e-05] 
nWIn39 0 [0.999826624, 0.000173376] 
nWIn40 0 [0.999826624, 0.000173376] 
nWIn41 0 [0.999927424, 7.257599999999998e-05] 
nWIn43 0 [0.999927424, 7.257599999999998e-05] 
nWIn44 1 [0.00043142399999999997, 0.999568576] 
nWIn45 0 [0.999927424, 7.257599999999998e-05] 
nWIn46 0 [0.999927424, 7.257599999999998e-05] 
nWIn47 1 [0.00043142399999999997, 0.999568576] 
nWIn48 0 [0.999786304, 0.00021369599999999998] 
nWIn49 0 [0.999927424, 7.257599999999998e-05] 
nWIn50 0 [0.999927424, 7.257599999999998e-05] 
nWIn51 0 [0.999927424, 7.257599999999998e-05] 
nWIn52 0 [0.999927424, 7.257599999999998e-05] 
nWIn53 0 [0.999887104, 0.00011289599999999998] 
nWIn54 0 [0.999826624, 0.000173376] 
nWIn55 0 [0.999927424, 7.257599999999998e-05] 
nWIn56 0 [0.999927424, 7.257599999999998e-05] 
nWIn57 0 [0.999927424, 7.257599999999998e-05] 
nWIn58 0 [0.999927424, 7.257599999999998e-05] 
nWIn59 0 [0.999927424, 7.257599999999998e-05] 
nWIn60 0 [0.999927424, 7.257599999999998e-05] 
nWIn61 0 [0.999826624, 0.000173376] 
nWIn62 1 [0.00043142399999999997, 0.999568576] 
nWIn63 0 [0.999927424, 7.257599999999998e-05] 
nWIn64 0 [0.999927424, 7.257599999999998e-05] 
nWIn65 0 [0.999927424, 7.257599999999998e-05] 
nWIn66 0 [0.999927424, 7.257599999999998e-05] 
nWIn67 0 [0.999826624, 0.000173376] 
nWIn68 0 [0.999927424, 7.257599999999998e-05] 
nWIn69 1 [0.0003911039999999999, 0.999608896] 
nWIn71 0 [0.999927424, 7.257599999999998e-05] 
nWIn72 0 [0.999927424, 7.257599999999998e-05] 
nWIn73 0 [0.999887104, 0.00011289599999999998] 
nWIn80 0 [0.999927424, 7.257599999999998e-05] 
nWIn81 0 [0.999927424, 7.257599999999998e-05] 
nWIn82 1 [0.00043142399999999997, 0.999568576] 
nWIn83 0 [0.999927424, 7.257599999999998e-05] 
nWIn84 0 [0.999887104, 0.00011289599999999998] 
nWIn85 0 [0.999927424, 7.257599999999998e-05] 

