Elite 1 OF_MAX_VPL 2816760282.52
nWWcat 1 [0.0002903039999999999, 0.999709696] 
nWPr05 0 [0.999447424, 0.0005525759999999999] 
nWPr11 0 [0.999927424, 7.257599999999998e-05] 
nWPr12 0 [0.999927424, 7.257599999999998e-05] 
nWPr13 0 [0.999927424, 7.257599999999998e-05] 
nWPr18 0 [0.999927424, 7.257599999999998e-05] 
nWPr19 0 [0.999927424, 7.257599999999998e-05] 
nWPr20 0 [0.999786304, 0.00021369599999999998] 
nWPr24 0 [0.999927424, 7.257599999999998e-05] 
nWPr25 1 [0.005826623999999998, 0.994173376] 
nWPr26 0 [0.999927424, 7.257599999999998e-05] 
nWPr27 0 [0.999927424, 7.257599999999998e-05] 
nWPr29 0 [0.999927424, 7.257599999999998e-05] 
nWPr30 0 [0.999927424, 7.257599999999998e-05] 
nWPr31 0 [0.999927424, 7.257599999999998e-05] 
nWPr32 1 [0.900770304, 0.09922969599999998] 
nWPr33 0 [0.999927424, 7.257599999999998e-05] 
nWPr34 1 [0.005231423999999998, 0.994768576] 
nWPr35 0 [0.999826624, 0.000173376] 
nWPr36 0 [0.999927424, 7.257599999999998e-05] 
nWPr37 0 [0.999927424, 7.257599999999998e-05] 
nWPr38 0 [0.08060710399999998, 0.919392896] 
nWPr39 0 [0.999927424, 7.257599999999998e-05] 
nWPr40 0 [0.999927424, 7.257599999999998e-05] 
nWPr41 0 [0.999927424, 7.257599999999998e-05] 
nWPr42 0 [0.999927424, 7.257599999999998e-05] 
nWPr43 0 [0.999927424, 7.257599999999998e-05] 
nWPr44 0 [0.999447424, 0.0005525759999999999] 
nWPr45 0 [0.995026624, 0.004973375999999998] 
nWPr46 0 [0.999927424, 7.257599999999998e-05] 
nWPr47 0 [0.999927424, 7.257599999999998e-05] 
nWPr48 0 [0.999927424, 7.257599999999998e-05] 
nWPr49 0 [0.999927424, 7.257599999999998e-05] 
nWPr50 0 [0.999927424, 7.257599999999998e-05] 
nWPr51 0 [0.980911424, 0.019088575999999993] 
nWPr52 1 [0.0003911039999999999, 0.999608896] 
nWPr53 0 [0.999090304, 0.0009096959999999999] 
nWPr54 0 [0.999927424, 7.257599999999998e-05] 
nWPr55 0 [0.999711424, 0.0002885759999999999] 
nWPr56 0 [0.999927424, 7.257599999999998e-05] 
nWPr57 0 [0.999927424, 7.257599999999998e-05] 
nWPr58 0 [0.999927424, 7.257599999999998e-05] 
nWPr59 0 [0.999927424, 7.257599999999998e-05] 
nWPr60 0 [0.999927424, 7.257599999999998e-05] 
nWPr61 1 [0.0011274239999999997, 0.998872576] 
nWPr62 0 [0.999786304, 0.00021369599999999998] 
nWPr63 0 [0.999927424, 7.257599999999998e-05] 
nWPr64 0 [0.999927424, 7.257599999999998e-05] 
nWPr65 0 [0.999927424, 7.257599999999998e-05] 
nWPr66 0 [0.999887104, 0.00011289599999999998] 
nWPr67 1 [0.0006071039999999998, 0.999392896] 
nWPr68 0 [0.999927424, 7.257599999999998e-05] 
nWPr69 1 [0.000506304, 0.999493696] 
nWPr70 0 [0.999927424, 7.257599999999998e-05] 
nWPr72 0 [0.999671104, 0.0003288959999999999] 
nWPr73 0 [0.999927424, 7.257599999999998e-05] 
nWPr74 0 [0.900330624, 0.09966937599999998] 
nWPr75 0 [0.999407104, 0.0005928959999999999] 
nWPr76 1 [0.000770304, 0.999229696] 
nWPr79 0 [0.999927424, 7.257599999999998e-05] 
nWPr80 0 [0.999927424, 7.257599999999998e-05] 
nWPr81 1 [0.0011274239999999997, 0.998872576] 
nWPr82 0 [0.999826624, 0.000173376] 
nWPr83 0 [0.999671104, 0.0003288959999999999] 
nWPr84 0 [0.999927424, 7.257599999999998e-05] 
nWIn04 0 [0.999927424, 7.257599999999998e-05] 
nWIn05 0 [0.999927424, 7.257599999999998e-05] 
nWIn10 0 [0.999927424, 7.257599999999998e-05] 
nWIn11 0 [0.999447424, 0.0005525759999999999] 
nWIn12 1 [0.0006071039999999998, 0.999392896] 
nWIn13 0 [0.999927424, 7.257599999999998e-05] 
nWIn17 0 [0.999927424, 7.257599999999998e-05] 
nWIn18 0 [0.999927424, 7.257599999999998e-05] 
nWIn19 0 [0.999927424, 7.257599999999998e-05] 
nWIn20 0 [0.999927424, 7.257599999999998e-05] 
nWIn24 0 [0.999927424, 7.257599999999998e-05] 
nWIn25 0 [0.999927424, 7.257599999999998e-05] 
nWIn26 0 [0.999927424, 7.257599999999998e-05] 
nWIn27 0 [0.999927424, 7.257599999999998e-05] 
nWIn29 1 [0.000330624, 0.9996693759999999] 
nWIn30 0 [0.999927424, 7.257599999999998e-05] 
nWIn31 0 [0.999927424, 7.257599999999998e-05] 
nWIn32 0 [0.999927424, 7.257599999999998e-05] 
nWIn33 0 [0.999927424, 7.257599999999998e-05] 
nWIn34 0 [0.999927424, 7.257599999999998e-05] 
nWIn35 0 [0.999826624, 0.000173376] 
nWIn36 0 [0.999927424, 7.257599999999998e-05] 
nWIn38 0 [0.999887104, 0.00011289599999999998] 
nWIn39 1 [0.0006474239999999997, 0.999352576] 
nWIn40 1 [0.00043142399999999997, 0.999568576] 
nWIn41 0 [0.999711424, 0.0002885759999999999] 
nWIn43 0 [0.999887104, 0.00011289599999999998] 
nWIn44 0 [0.999927424, 7.257599999999998e-05] 
nWIn45 0 [0.999927424, 7.257599999999998e-05] 
nWIn46 0 [0.999927424, 7.257599999999998e-05] 
nWIn47 0 [0.999887104, 0.00011289599999999998] 
nWIn48 0 [0.999927424, 7.257599999999998e-05] 
nWIn49 0 [0.999447424, 0.0005525759999999999] 
nWIn50 0 [0.999927424, 7.257599999999998e-05] 
nWIn51 0 [0.999887104, 0.00011289599999999998] 
nWIn52 1 [0.0011274239999999997, 0.998872576] 
nWIn53 0 [0.999927424, 7.257599999999998e-05] 
nWIn54 0 [0.999826624, 0.000173376] 
nWIn55 0 [0.999826624, 0.000173376] 
nWIn56 0 [0.999927424, 7.257599999999998e-05] 
nWIn57 0 [0.999711424, 0.0002885759999999999] 
nWIn58 1 [0.00043142399999999997, 0.999568576] 
nWIn59 0 [0.999927424, 7.257599999999998e-05] 
nWIn60 0 [0.999887104, 0.00011289599999999998] 
nWIn61 0 [0.999927424, 7.257599999999998e-05] 
nWIn62 0 [0.999927424, 7.257599999999998e-05] 
nWIn63 0 [0.999671104, 0.0003288959999999999] 
nWIn64 0 [0.999346624, 0.000653376] 
nWIn65 0 [0.999927424, 7.257599999999998e-05] 
nWIn66 0 [0.999711424, 0.0002885759999999999] 
nWIn67 0 [0.999927424, 7.257599999999998e-05] 
nWIn68 0 [0.999826624, 0.000173376] 
nWIn69 0 [0.999927424, 7.257599999999998e-05] 
nWIn71 0 [0.999927424, 7.257599999999998e-05] 
nWIn72 0 [0.999927424, 7.257599999999998e-05] 
nWIn73 0 [0.999927424, 7.257599999999998e-05] 
nWIn80 0 [0.999927424, 7.257599999999998e-05] 
nWIn81 1 [0.0002903039999999999, 0.999709696] 
nWIn82 0 [0.999711424, 0.0002885759999999999] 
nWIn83 0 [0.999927424, 7.257599999999998e-05] 
nWIn84 0 [0.999826624, 0.000173376] 
nWIn85 1 [0.0006474239999999997, 0.999352576] 

Elite 2 OF_MAX_VPL 2807556566.05
nWWcat 1 [0.0002903039999999999, 0.999709696] 
nWPr05 0 [0.995847424, 0.004152575999999999] 
nWPr11 0 [0.999927424, 7.257599999999998e-05] 
nWPr12 0 [0.999927424, 7.257599999999998e-05] 
nWPr13 0 [0.999927424, 7.257599999999998e-05] 
nWPr18 0 [0.999927424, 7.257599999999998e-05] 
nWPr19 0 [0.999927424, 7.257599999999998e-05] 
nWPr20 0 [0.999786304, 0.00021369599999999998] 
nWPr24 0 [0.999927424, 7.257599999999998e-05] 
nWPr25 0 [0.999826624, 0.000173376] 
nWPr26 0 [0.999927424, 7.257599999999998e-05] 
nWPr27 0 [0.999927424, 7.257599999999998e-05] 
nWPr29 0 [0.999927424, 7.257599999999998e-05] 
nWPr30 0 [0.999927424, 7.257599999999998e-05] 
nWPr31 0 [0.999927424, 7.257599999999998e-05] 
nWPr32 0 [0.998370304, 0.001629696] 
nWPr33 0 [0.999927424, 7.257599999999998e-05] 
nWPr34 1 [0.015631423999999994, 0.984368576] 
nWPr35 0 [0.999826624, 0.000173376] 
nWPr36 0 [0.999927424, 7.257599999999998e-05] 
nWPr37 0 [0.999927424, 7.257599999999998e-05] 
nWPr38 1 [0.014607103999999992, 0.985392896] 
nWPr39 1 [0.0023274239999999994, 0.997672576] 
nWPr40 0 [0.999927424, 7.257599999999998e-05] 
nWPr41 0 [0.999927424, 7.257599999999998e-05] 
nWPr42 0 [0.999927424, 7.257599999999998e-05] 
nWPr43 0 [0.999927424, 7.257599999999998e-05] 
nWPr44 0 [0.999447424, 0.0005525759999999999] 
nWPr45 0 [0.995026624, 0.004973375999999998] 
nWPr46 0 [0.999927424, 7.257599999999998e-05] 
nWPr47 0 [0.999927424, 7.257599999999998e-05] 
nWPr48 0 [0.999927424, 7.257599999999998e-05] 
nWPr49 0 [0.999927424, 7.257599999999998e-05] 
nWPr50 0 [0.999927424, 7.257599999999998e-05] 
nWPr51 1 [0.0009114239999999999, 0.999088576] 
nWPr52 1 [0.0003911039999999999, 0.999608896] 
nWPr53 1 [0.09909030399999999, 0.900909696] 
nWPr54 0 [0.999927424, 7.257599999999998e-05] 
nWPr55 0 [0.999711424, 0.0002885759999999999] 
nWPr56 0 [0.999927424, 7.257599999999998e-05] 
nWPr57 0 [0.999927424, 7.257599999999998e-05] 
nWPr58 0 [0.999927424, 7.257599999999998e-05] 
nWPr59 0 [0.999927424, 7.257599999999998e-05] 
nWPr60 0 [0.999927424, 7.257599999999998e-05] 
nWPr61 0 [0.998727424, 0.0012725759999999997] 
nWPr62 0 [0.999786304, 0.00021369599999999998] 
nWPr63 0 [0.999927424, 7.257599999999998e-05] 
nWPr64 0 [0.999927424, 7.257599999999998e-05] 
nWPr65 0 [0.999927424, 7.257599999999998e-05] 
nWPr66 0 [0.999887104, 0.00011289599999999998] 
nWPr67 1 [0.0006071039999999998, 0.999392896] 
nWPr68 0 [0.999927424, 7.257599999999998e-05] 
nWPr69 1 [0.000506304, 0.999493696] 
nWPr70 0 [0.999927424, 7.257599999999998e-05] 
nWPr72 0 [0.999671104, 0.0003288959999999999] 
nWPr73 0 [0.999927424, 7.257599999999998e-05] 
nWPr74 0 [0.980330624, 0.019669375999999992] 
nWPr75 1 [0.0018071039999999993, 0.9981928959999999] 
nWPr76 0 [0.998370304, 0.001629696] 
nWPr79 0 [0.999927424, 7.257599999999998e-05] 
nWPr80 0 [0.999927424, 7.257599999999998e-05] 
nWPr81 0 [0.998727424, 0.0012725759999999997] 
nWPr82 0 [0.999826624, 0.000173376] 
nWPr83 0 [0.999671104, 0.0003288959999999999] 
nWPr84 0 [0.999927424, 7.257599999999998e-05] 
nWIn04 0 [0.999927424, 7.257599999999998e-05] 
nWIn05 0 [0.999927424, 7.257599999999998e-05] 
nWIn10 0 [0.999927424, 7.257599999999998e-05] 
nWIn11 1 [0.999447424, 0.0005525759999999999] 
nWIn12 1 [0.0006071039999999998, 0.999392896] 
nWIn13 0 [0.999927424, 7.257599999999998e-05] 
nWIn17 0 [0.999927424, 7.257599999999998e-05] 
nWIn18 0 [0.999927424, 7.257599999999998e-05] 
nWIn19 0 [0.999927424, 7.257599999999998e-05] 
nWIn20 0 [0.999927424, 7.257599999999998e-05] 
nWIn24 0 [0.999927424, 7.257599999999998e-05] 
nWIn25 0 [0.999927424, 7.257599999999998e-05] 
nWIn26 0 [0.999927424, 7.257599999999998e-05] 
nWIn27 0 [0.999927424, 7.257599999999998e-05] 
nWIn29 0 [0.997930624, 0.002069376] 
nWIn30 0 [0.999927424, 7.257599999999998e-05] 
nWIn31 0 [0.999927424, 7.257599999999998e-05] 
nWIn32 0 [0.999927424, 7.257599999999998e-05] 
nWIn33 0 [0.999927424, 7.257599999999998e-05] 
nWIn34 0 [0.999927424, 7.257599999999998e-05] 
nWIn35 0 [0.999826624, 0.000173376] 
nWIn36 0 [0.999927424, 7.257599999999998e-05] 
nWIn38 0 [0.999887104, 0.00011289599999999998] 
nWIn39 0 [0.998247424, 0.0017525759999999998] 
nWIn40 1 [0.00043142399999999997, 0.999568576] 
nWIn41 0 [0.999711424, 0.0002885759999999999] 
nWIn43 0 [0.999887104, 0.00011289599999999998] 
nWIn44 0 [0.999927424, 7.257599999999998e-05] 
nWIn45 0 [0.999927424, 7.257599999999998e-05] 
nWIn46 0 [0.999927424, 7.257599999999998e-05] 
nWIn47 0 [0.999887104, 0.00011289599999999998] 
nWIn48 0 [0.999927424, 7.257599999999998e-05] 
nWIn49 1 [0.0018474239999999996, 0.998152576] 
nWIn50 0 [0.999927424, 7.257599999999998e-05] 
nWIn51 0 [0.999887104, 0.00011289599999999998] 
nWIn52 0 [0.998727424, 0.0012725759999999997] 
nWIn53 0 [0.999927424, 7.257599999999998e-05] 
nWIn54 0 [0.999826624, 0.000173376] 
nWIn55 0 [0.999826624, 0.000173376] 
nWIn56 0 [0.999927424, 7.257599999999998e-05] 
nWIn57 0 [0.999711424, 0.0002885759999999999] 
nWIn58 1 [0.00043142399999999997, 0.999568576] 
nWIn59 0 [0.999927424, 7.257599999999998e-05] 
nWIn60 0 [0.999887104, 0.00011289599999999998] 
nWIn61 0 [0.999927424, 7.257599999999998e-05] 
nWIn62 0 [0.999927424, 7.257599999999998e-05] 
nWIn63 0 [0.999671104, 0.0003288959999999999] 
nWIn64 1 [0.0017466239999999994, 0.998253376] 
nWIn65 0 [0.999927424, 7.257599999999998e-05] 
nWIn66 0 [0.999711424, 0.0002885759999999999] 
nWIn67 0 [0.999927424, 7.257599999999998e-05] 
nWIn68 0 [0.999826624, 0.000173376] 
nWIn69 0 [0.999927424, 7.257599999999998e-05] 
nWIn71 0 [0.999927424, 7.257599999999998e-05] 
nWIn72 0 [0.999927424, 7.257599999999998e-05] 
nWIn73 0 [0.999927424, 7.257599999999998e-05] 
nWIn80 0 [0.999927424, 7.257599999999998e-05] 
nWIn81 1 [0.0002903039999999999, 0.999709696] 
nWIn82 0 [0.999711424, 0.0002885759999999999] 
nWIn83 0 [0.999927424, 7.257599999999998e-05] 
nWIn84 0 [0.999826624, 0.000173376] 
nWIn85 1 [0.0006474239999999997, 0.999352576] 

Elite 3 OF_MAX_VPL 2804158121.13
nWWcat 1 [0.0002903039999999999, 0.999709696] 
nWPr05 0 [0.999447424, 0.0005525759999999999] 
nWPr11 0 [0.999927424, 7.257599999999998e-05] 
nWPr12 0 [0.999927424, 7.257599999999998e-05] 
nWPr13 0 [0.999927424, 7.257599999999998e-05] 
nWPr18 0 [0.999927424, 7.257599999999998e-05] 
nWPr19 0 [0.999927424, 7.257599999999998e-05] 
nWPr20 0 [0.999786304, 0.00021369599999999998] 
nWPr24 0 [0.999927424, 7.257599999999998e-05] 
nWPr25 1 [0.005826623999999998, 0.994173376] 
nWPr26 0 [0.999927424, 7.257599999999998e-05] 
nWPr27 0 [0.999927424, 7.257599999999998e-05] 
nWPr29 0 [0.999927424, 7.257599999999998e-05] 
nWPr30 0 [0.999927424, 7.257599999999998e-05] 
nWPr31 0 [0.999927424, 7.257599999999998e-05] 
nWPr32 0 [0.900770304, 0.09922969599999998] 
nWPr33 0 [0.999927424, 7.257599999999998e-05] 
nWPr34 1 [0.005231423999999998, 0.994768576] 
nWPr35 0 [0.999826624, 0.000173376] 
nWPr36 0 [0.999927424, 7.257599999999998e-05] 
nWPr37 0 [0.999927424, 7.257599999999998e-05] 
nWPr38 0 [0.08060710399999998, 0.919392896] 
nWPr39 0 [0.999927424, 7.257599999999998e-05] 
nWPr40 0 [0.999927424, 7.257599999999998e-05] 
nWPr41 0 [0.999927424, 7.257599999999998e-05] 
nWPr42 0 [0.999927424, 7.257599999999998e-05] 
nWPr43 0 [0.999927424, 7.257599999999998e-05] 
nWPr44 0 [0.999447424, 0.0005525759999999999] 
nWPr45 0 [0.995026624, 0.004973375999999998] 
nWPr46 0 [0.999927424, 7.257599999999998e-05] 
nWPr47 0 [0.999927424, 7.257599999999998e-05] 
nWPr48 0 [0.999927424, 7.257599999999998e-05] 
nWPr49 0 [0.999927424, 7.257599999999998e-05] 
nWPr50 0 [0.999927424, 7.257599999999998e-05] 
nWPr51 0 [0.980911424, 0.019088575999999993] 
nWPr52 1 [0.0003911039999999999, 0.999608896] 
nWPr53 0 [0.999090304, 0.0009096959999999999] 
nWPr54 0 [0.999927424, 7.257599999999998e-05] 
nWPr55 0 [0.999711424, 0.0002885759999999999] 
nWPr56 0 [0.999927424, 7.257599999999998e-05] 
nWPr57 0 [0.999927424, 7.257599999999998e-05] 
nWPr58 0 [0.999927424, 7.257599999999998e-05] 
nWPr59 0 [0.999927424, 7.257599999999998e-05] 
nWPr60 0 [0.999927424, 7.257599999999998e-05] 
nWPr61 1 [0.0011274239999999997, 0.998872576] 
nWPr62 0 [0.999786304, 0.00021369599999999998] 
nWPr63 0 [0.999927424, 7.257599999999998e-05] 
nWPr64 0 [0.999927424, 7.257599999999998e-05] 
nWPr65 0 [0.999927424, 7.257599999999998e-05] 
nWPr66 0 [0.999887104, 0.00011289599999999998] 
nWPr67 1 [0.0006071039999999998, 0.999392896] 
nWPr68 0 [0.999927424, 7.257599999999998e-05] 
nWPr69 1 [0.000506304, 0.999493696] 
nWPr70 0 [0.999927424, 7.257599999999998e-05] 
nWPr72 0 [0.999671104, 0.0003288959999999999] 
nWPr73 0 [0.999927424, 7.257599999999998e-05] 
nWPr74 0 [0.900330624, 0.09966937599999998] 
nWPr75 0 [0.999407104, 0.0005928959999999999] 
nWPr76 1 [0.000770304, 0.999229696] 
nWPr79 0 [0.999927424, 7.257599999999998e-05] 
nWPr80 0 [0.999927424, 7.257599999999998e-05] 
nWPr81 1 [0.0011274239999999997, 0.998872576] 
nWPr82 0 [0.999826624, 0.000173376] 
nWPr83 0 [0.999671104, 0.0003288959999999999] 
nWPr84 0 [0.999927424, 7.257599999999998e-05] 
nWIn04 0 [0.999927424, 7.257599999999998e-05] 
nWIn05 0 [0.999927424, 7.257599999999998e-05] 
nWIn10 0 [0.999927424, 7.257599999999998e-05] 
nWIn11 0 [0.999447424, 0.0005525759999999999] 
nWIn12 1 [0.0006071039999999998, 0.999392896] 
nWIn13 0 [0.999927424, 7.257599999999998e-05] 
nWIn17 0 [0.999927424, 7.257599999999998e-05] 
nWIn18 0 [0.999927424, 7.257599999999998e-05] 
nWIn19 0 [0.999927424, 7.257599999999998e-05] 
nWIn20 0 [0.999927424, 7.257599999999998e-05] 
nWIn24 0 [0.999927424, 7.257599999999998e-05] 
nWIn25 0 [0.999927424, 7.257599999999998e-05] 
nWIn26 0 [0.999927424, 7.257599999999998e-05] 
nWIn27 0 [0.999927424, 7.257599999999998e-05] 
nWIn29 1 [0.000330624, 0.9996693759999999] 
nWIn30 0 [0.999927424, 7.257599999999998e-05] 
nWIn31 0 [0.999927424, 7.257599999999998e-05] 
nWIn32 0 [0.999927424, 7.257599999999998e-05] 
nWIn33 0 [0.999927424, 7.257599999999998e-05] 
nWIn34 0 [0.999927424, 7.257599999999998e-05] 
nWIn35 0 [0.999826624, 0.000173376] 
nWIn36 0 [0.999927424, 7.257599999999998e-05] 
nWIn38 0 [0.999887104, 0.00011289599999999998] 
nWIn39 1 [0.0006474239999999997, 0.999352576] 
nWIn40 1 [0.00043142399999999997, 0.999568576] 
nWIn41 0 [0.999711424, 0.0002885759999999999] 
nWIn43 0 [0.999887104, 0.00011289599999999998] 
nWIn44 0 [0.999927424, 7.257599999999998e-05] 
nWIn45 0 [0.999927424, 7.257599999999998e-05] 
nWIn46 0 [0.999927424, 7.257599999999998e-05] 
nWIn47 0 [0.999887104, 0.00011289599999999998] 
nWIn48 0 [0.999927424, 7.257599999999998e-05] 
nWIn49 0 [0.999447424, 0.0005525759999999999] 
nWIn50 0 [0.999927424, 7.257599999999998e-05] 
nWIn51 0 [0.999887104, 0.00011289599999999998] 
nWIn52 1 [0.0011274239999999997, 0.998872576] 
nWIn53 0 [0.999927424, 7.257599999999998e-05] 
nWIn54 0 [0.999826624, 0.000173376] 
nWIn55 0 [0.999826624, 0.000173376] 
nWIn56 0 [0.999927424, 7.257599999999998e-05] 
nWIn57 0 [0.999711424, 0.0002885759999999999] 
nWIn58 1 [0.00043142399999999997, 0.999568576] 
nWIn59 0 [0.999927424, 7.257599999999998e-05] 
nWIn60 0 [0.999887104, 0.00011289599999999998] 
nWIn61 0 [0.999927424, 7.257599999999998e-05] 
nWIn62 0 [0.999927424, 7.257599999999998e-05] 
nWIn63 0 [0.999671104, 0.0003288959999999999] 
nWIn64 0 [0.999346624, 0.000653376] 
nWIn65 0 [0.999927424, 7.257599999999998e-05] 
nWIn66 0 [0.999711424, 0.0002885759999999999] 
nWIn67 0 [0.999927424, 7.257599999999998e-05] 
nWIn68 0 [0.999826624, 0.000173376] 
nWIn69 0 [0.999927424, 7.257599999999998e-05] 
nWIn71 0 [0.999927424, 7.257599999999998e-05] 
nWIn72 0 [0.999927424, 7.257599999999998e-05] 
nWIn73 0 [0.999927424, 7.257599999999998e-05] 
nWIn80 0 [0.999927424, 7.257599999999998e-05] 
nWIn81 1 [0.0002903039999999999, 0.999709696] 
nWIn82 0 [0.999711424, 0.0002885759999999999] 
nWIn83 0 [0.999927424, 7.257599999999998e-05] 
nWIn84 0 [0.999826624, 0.000173376] 
nWIn85 1 [0.0006474239999999997, 0.999352576] 

Elite 4 OF_MAX_VPL 2780397769.32
nWWcat 1 [0.0002903039999999999, 0.999709696] 
nWPr05 0 [0.995847424, 0.004152575999999999] 
nWPr11 0 [0.999927424, 7.257599999999998e-05] 
nWPr12 0 [0.999927424, 7.257599999999998e-05] 
nWPr13 0 [0.999927424, 7.257599999999998e-05] 
nWPr18 0 [0.999927424, 7.257599999999998e-05] 
nWPr19 0 [0.999927424, 7.257599999999998e-05] 
nWPr20 0 [0.999786304, 0.00021369599999999998] 
nWPr24 0 [0.999927424, 7.257599999999998e-05] 
nWPr25 0 [0.999826624, 0.000173376] 
nWPr26 0 [0.999927424, 7.257599999999998e-05] 
nWPr27 0 [0.999927424, 7.257599999999998e-05] 
nWPr29 0 [0.999927424, 7.257599999999998e-05] 
nWPr30 0 [0.999927424, 7.257599999999998e-05] 
nWPr31 0 [0.999927424, 7.257599999999998e-05] 
nWPr32 0 [0.998370304, 0.001629696] 
nWPr33 0 [0.999927424, 7.257599999999998e-05] 
nWPr34 1 [0.015631423999999994, 0.984368576] 
nWPr35 0 [0.999826624, 0.000173376] 
nWPr36 0 [0.999927424, 7.257599999999998e-05] 
nWPr37 0 [0.999927424, 7.257599999999998e-05] 
nWPr38 1 [0.014607103999999992, 0.985392896] 
nWPr39 1 [0.0023274239999999994, 0.997672576] 
nWPr40 0 [0.999927424, 7.257599999999998e-05] 
nWPr41 0 [0.999927424, 7.257599999999998e-05] 
nWPr42 0 [0.999927424, 7.257599999999998e-05] 
nWPr43 0 [0.999927424, 7.257599999999998e-05] 
nWPr44 0 [0.999447424, 0.0005525759999999999] 
nWPr45 0 [0.995026624, 0.004973375999999998] 
nWPr46 0 [0.999927424, 7.257599999999998e-05] 
nWPr47 0 [0.999927424, 7.257599999999998e-05] 
nWPr48 0 [0.999927424, 7.257599999999998e-05] 
nWPr49 0 [0.999927424, 7.257599999999998e-05] 
nWPr50 0 [0.999927424, 7.257599999999998e-05] 
nWPr51 1 [0.0009114239999999999, 0.999088576] 
nWPr52 1 [0.0003911039999999999, 0.999608896] 
nWPr53 1 [0.09909030399999999, 0.900909696] 
nWPr54 0 [0.999927424, 7.257599999999998e-05] 
nWPr55 0 [0.999711424, 0.0002885759999999999] 
nWPr56 0 [0.999927424, 7.257599999999998e-05] 
nWPr57 0 [0.999927424, 7.257599999999998e-05] 
nWPr58 0 [0.999927424, 7.257599999999998e-05] 
nWPr59 0 [0.999927424, 7.257599999999998e-05] 
nWPr60 0 [0.999927424, 7.257599999999998e-05] 
nWPr61 0 [0.998727424, 0.0012725759999999997] 
nWPr62 0 [0.999786304, 0.00021369599999999998] 
nWPr63 0 [0.999927424, 7.257599999999998e-05] 
nWPr64 0 [0.999927424, 7.257599999999998e-05] 
nWPr65 0 [0.999927424, 7.257599999999998e-05] 
nWPr66 0 [0.999887104, 0.00011289599999999998] 
nWPr67 1 [0.0006071039999999998, 0.999392896] 
nWPr68 0 [0.999927424, 7.257599999999998e-05] 
nWPr69 1 [0.000506304, 0.999493696] 
nWPr70 0 [0.999927424, 7.257599999999998e-05] 
nWPr72 0 [0.999671104, 0.0003288959999999999] 
nWPr73 0 [0.999927424, 7.257599999999998e-05] 
nWPr74 0 [0.980330624, 0.019669375999999992] 
nWPr75 1 [0.0018071039999999993, 0.9981928959999999] 
nWPr76 0 [0.998370304, 0.001629696] 
nWPr79 0 [0.999927424, 7.257599999999998e-05] 
nWPr80 0 [0.999927424, 7.257599999999998e-05] 
nWPr81 0 [0.998727424, 0.0012725759999999997] 
nWPr82 0 [0.999826624, 0.000173376] 
nWPr83 0 [0.999671104, 0.0003288959999999999] 
nWPr84 0 [0.999927424, 7.257599999999998e-05] 
nWIn04 0 [0.999927424, 7.257599999999998e-05] 
nWIn05 0 [0.999927424, 7.257599999999998e-05] 
nWIn10 0 [0.999927424, 7.257599999999998e-05] 
nWIn11 0 [0.999447424, 0.0005525759999999999] 
nWIn12 1 [0.0006071039999999998, 0.999392896] 
nWIn13 0 [0.999927424, 7.257599999999998e-05] 
nWIn17 0 [0.999927424, 7.257599999999998e-05] 
nWIn18 0 [0.999927424, 7.257599999999998e-05] 
nWIn19 0 [0.999927424, 7.257599999999998e-05] 
nWIn20 0 [0.999927424, 7.257599999999998e-05] 
nWIn24 0 [0.999927424, 7.257599999999998e-05] 
nWIn25 0 [0.999927424, 7.257599999999998e-05] 
nWIn26 0 [0.999927424, 7.257599999999998e-05] 
nWIn27 0 [0.999927424, 7.257599999999998e-05] 
nWIn29 0 [0.997930624, 0.002069376] 
nWIn30 0 [0.999927424, 7.257599999999998e-05] 
nWIn31 0 [0.999927424, 7.257599999999998e-05] 
nWIn32 0 [0.999927424, 7.257599999999998e-05] 
nWIn33 0 [0.999927424, 7.257599999999998e-05] 
nWIn34 0 [0.999927424, 7.257599999999998e-05] 
nWIn35 0 [0.999826624, 0.000173376] 
nWIn36 0 [0.999927424, 7.257599999999998e-05] 
nWIn38 0 [0.999887104, 0.00011289599999999998] 
nWIn39 0 [0.998247424, 0.0017525759999999998] 
nWIn40 1 [0.00043142399999999997, 0.999568576] 
nWIn41 0 [0.999711424, 0.0002885759999999999] 
nWIn43 0 [0.999887104, 0.00011289599999999998] 
nWIn44 0 [0.999927424, 7.257599999999998e-05] 
nWIn45 0 [0.999927424, 7.257599999999998e-05] 
nWIn46 0 [0.999927424, 7.257599999999998e-05] 
nWIn47 0 [0.999887104, 0.00011289599999999998] 
nWIn48 0 [0.999927424, 7.257599999999998e-05] 
nWIn49 1 [0.0018474239999999996, 0.998152576] 
nWIn50 0 [0.999927424, 7.257599999999998e-05] 
nWIn51 0 [0.999887104, 0.00011289599999999998] 
nWIn52 0 [0.998727424, 0.0012725759999999997] 
nWIn53 0 [0.999927424, 7.257599999999998e-05] 
nWIn54 0 [0.999826624, 0.000173376] 
nWIn55 0 [0.999826624, 0.000173376] 
nWIn56 0 [0.999927424, 7.257599999999998e-05] 
nWIn57 0 [0.999711424, 0.0002885759999999999] 
nWIn58 1 [0.00043142399999999997, 0.999568576] 
nWIn59 0 [0.999927424, 7.257599999999998e-05] 
nWIn60 0 [0.999887104, 0.00011289599999999998] 
nWIn61 0 [0.999927424, 7.257599999999998e-05] 
nWIn62 0 [0.999927424, 7.257599999999998e-05] 
nWIn63 0 [0.999671104, 0.0003288959999999999] 
nWIn64 1 [0.0017466239999999994, 0.998253376] 
nWIn65 0 [0.999927424, 7.257599999999998e-05] 
nWIn66 0 [0.999711424, 0.0002885759999999999] 
nWIn67 0 [0.999927424, 7.257599999999998e-05] 
nWIn68 0 [0.999826624, 0.000173376] 
nWIn69 0 [0.999927424, 7.257599999999998e-05] 
nWIn71 0 [0.999927424, 7.257599999999998e-05] 
nWIn72 0 [0.999927424, 7.257599999999998e-05] 
nWIn73 0 [0.999927424, 7.257599999999998e-05] 
nWIn80 0 [0.999927424, 7.257599999999998e-05] 
nWIn81 1 [0.0002903039999999999, 0.999709696] 
nWIn82 0 [0.999711424, 0.0002885759999999999] 
nWIn83 0 [0.999927424, 7.257599999999998e-05] 
nWIn84 0 [0.999826624, 0.000173376] 
nWIn85 1 [0.0006474239999999997, 0.999352576] 

Elite 5 OF_MAX_VPL 2780397769.32
nWWcat 1 [0.0002903039999999999, 0.999709696] 
nWPr05 0 [0.995847424, 0.004152575999999999] 
nWPr11 0 [0.999927424, 7.257599999999998e-05] 
nWPr12 0 [0.999927424, 7.257599999999998e-05] 
nWPr13 0 [0.999927424, 7.257599999999998e-05] 
nWPr18 0 [0.999927424, 7.257599999999998e-05] 
nWPr19 0 [0.999927424, 7.257599999999998e-05] 
nWPr20 0 [0.999786304, 0.00021369599999999998] 
nWPr24 0 [0.999927424, 7.257599999999998e-05] 
nWPr25 0 [0.999826624, 0.000173376] 
nWPr26 0 [0.999927424, 7.257599999999998e-05] 
nWPr27 0 [0.999927424, 7.257599999999998e-05] 
nWPr29 0 [0.999927424, 7.257599999999998e-05] 
nWPr30 0 [0.999927424, 7.257599999999998e-05] 
nWPr31 0 [0.999927424, 7.257599999999998e-05] 
nWPr32 0 [0.998370304, 0.001629696] 
nWPr33 0 [0.999927424, 7.257599999999998e-05] 
nWPr34 1 [0.015631423999999994, 0.984368576] 
nWPr35 0 [0.999826624, 0.000173376] 
nWPr36 0 [0.999927424, 7.257599999999998e-05] 
nWPr37 0 [0.999927424, 7.257599999999998e-05] 
nWPr38 1 [0.014607103999999992, 0.985392896] 
nWPr39 1 [0.0023274239999999994, 0.997672576] 
nWPr40 0 [0.999927424, 7.257599999999998e-05] 
nWPr41 0 [0.999927424, 7.257599999999998e-05] 
nWPr42 0 [0.999927424, 7.257599999999998e-05] 
nWPr43 0 [0.999927424, 7.257599999999998e-05] 
nWPr44 0 [0.999447424, 0.0005525759999999999] 
nWPr45 0 [0.995026624, 0.004973375999999998] 
nWPr46 0 [0.999927424, 7.257599999999998e-05] 
nWPr47 0 [0.999927424, 7.257599999999998e-05] 
nWPr48 0 [0.999927424, 7.257599999999998e-05] 
nWPr49 0 [0.999927424, 7.257599999999998e-05] 
nWPr50 0 [0.999927424, 7.257599999999998e-05] 
nWPr51 1 [0.0009114239999999999, 0.999088576] 
nWPr52 1 [0.0003911039999999999, 0.999608896] 
nWPr53 1 [0.09909030399999999, 0.900909696] 
nWPr54 0 [0.999927424, 7.257599999999998e-05] 
nWPr55 0 [0.999711424, 0.0002885759999999999] 
nWPr56 0 [0.999927424, 7.257599999999998e-05] 
nWPr57 0 [0.999927424, 7.257599999999998e-05] 
nWPr58 0 [0.999927424, 7.257599999999998e-05] 
nWPr59 0 [0.999927424, 7.257599999999998e-05] 
nWPr60 0 [0.999927424, 7.257599999999998e-05] 
nWPr61 0 [0.998727424, 0.0012725759999999997] 
nWPr62 0 [0.999786304, 0.00021369599999999998] 
nWPr63 0 [0.999927424, 7.257599999999998e-05] 
nWPr64 0 [0.999927424, 7.257599999999998e-05] 
nWPr65 0 [0.999927424, 7.257599999999998e-05] 
nWPr66 0 [0.999887104, 0.00011289599999999998] 
nWPr67 1 [0.0006071039999999998, 0.999392896] 
nWPr68 0 [0.999927424, 7.257599999999998e-05] 
nWPr69 1 [0.000506304, 0.999493696] 
nWPr70 0 [0.999927424, 7.257599999999998e-05] 
nWPr72 0 [0.999671104, 0.0003288959999999999] 
nWPr73 0 [0.999927424, 7.257599999999998e-05] 
nWPr74 0 [0.980330624, 0.019669375999999992] 
nWPr75 1 [0.0018071039999999993, 0.9981928959999999] 
nWPr76 0 [0.998370304, 0.001629696] 
nWPr79 0 [0.999927424, 7.257599999999998e-05] 
nWPr80 0 [0.999927424, 7.257599999999998e-05] 
nWPr81 0 [0.998727424, 0.0012725759999999997] 
nWPr82 0 [0.999826624, 0.000173376] 
nWPr83 0 [0.999671104, 0.0003288959999999999] 
nWPr84 0 [0.999927424, 7.257599999999998e-05] 
nWIn04 0 [0.999927424, 7.257599999999998e-05] 
nWIn05 0 [0.999927424, 7.257599999999998e-05] 
nWIn10 0 [0.999927424, 7.257599999999998e-05] 
nWIn11 0 [0.999447424, 0.0005525759999999999] 
nWIn12 1 [0.0006071039999999998, 0.999392896] 
nWIn13 0 [0.999927424, 7.257599999999998e-05] 
nWIn17 0 [0.999927424, 7.257599999999998e-05] 
nWIn18 0 [0.999927424, 7.257599999999998e-05] 
nWIn19 0 [0.999927424, 7.257599999999998e-05] 
nWIn20 0 [0.999927424, 7.257599999999998e-05] 
nWIn24 0 [0.999927424, 7.257599999999998e-05] 
nWIn25 0 [0.999927424, 7.257599999999998e-05] 
nWIn26 0 [0.999927424, 7.257599999999998e-05] 
nWIn27 0 [0.999927424, 7.257599999999998e-05] 
nWIn29 0 [0.997930624, 0.002069376] 
nWIn30 0 [0.999927424, 7.257599999999998e-05] 
nWIn31 0 [0.999927424, 7.257599999999998e-05] 
nWIn32 0 [0.999927424, 7.257599999999998e-05] 
nWIn33 0 [0.999927424, 7.257599999999998e-05] 
nWIn34 0 [0.999927424, 7.257599999999998e-05] 
nWIn35 0 [0.999826624, 0.000173376] 
nWIn36 0 [0.999927424, 7.257599999999998e-05] 
nWIn38 0 [0.999887104, 0.00011289599999999998] 
nWIn39 0 [0.998247424, 0.0017525759999999998] 
nWIn40 1 [0.00043142399999999997, 0.999568576] 
nWIn41 0 [0.999711424, 0.0002885759999999999] 
nWIn43 0 [0.999887104, 0.00011289599999999998] 
nWIn44 0 [0.999927424, 7.257599999999998e-05] 
nWIn45 0 [0.999927424, 7.257599999999998e-05] 
nWIn46 0 [0.999927424, 7.257599999999998e-05] 
nWIn47 0 [0.999887104, 0.00011289599999999998] 
nWIn48 0 [0.999927424, 7.257599999999998e-05] 
nWIn49 1 [0.0018474239999999996, 0.998152576] 
nWIn50 0 [0.999927424, 7.257599999999998e-05] 
nWIn51 0 [0.999887104, 0.00011289599999999998] 
nWIn52 0 [0.998727424, 0.0012725759999999997] 
nWIn53 0 [0.999927424, 7.257599999999998e-05] 
nWIn54 0 [0.999826624, 0.000173376] 
nWIn55 0 [0.999826624, 0.000173376] 
nWIn56 0 [0.999927424, 7.257599999999998e-05] 
nWIn57 0 [0.999711424, 0.0002885759999999999] 
nWIn58 1 [0.00043142399999999997, 0.999568576] 
nWIn59 0 [0.999927424, 7.257599999999998e-05] 
nWIn60 0 [0.999887104, 0.00011289599999999998] 
nWIn61 0 [0.999927424, 7.257599999999998e-05] 
nWIn62 0 [0.999927424, 7.257599999999998e-05] 
nWIn63 0 [0.999671104, 0.0003288959999999999] 
nWIn64 1 [0.0017466239999999994, 0.998253376] 
nWIn65 0 [0.999927424, 7.257599999999998e-05] 
nWIn66 0 [0.999711424, 0.0002885759999999999] 
nWIn67 0 [0.999927424, 7.257599999999998e-05] 
nWIn68 0 [0.999826624, 0.000173376] 
nWIn69 0 [0.999927424, 7.257599999999998e-05] 
nWIn71 0 [0.999927424, 7.257599999999998e-05] 
nWIn72 0 [0.999927424, 7.257599999999998e-05] 
nWIn73 0 [0.999927424, 7.257599999999998e-05] 
nWIn80 0 [0.999927424, 7.257599999999998e-05] 
nWIn81 1 [0.0002903039999999999, 0.999709696] 
nWIn82 0 [0.999711424, 0.0002885759999999999] 
nWIn83 0 [0.999927424, 7.257599999999998e-05] 
nWIn84 0 [0.999826624, 0.000173376] 
nWIn85 1 [0.0006474239999999997, 0.999352576] 

