Elite 1 OF_MAX_VPL 2803110121.25
nWWcat 1 [0.0002903039999999999, 0.999709696] 
nWPr05 0 [0.999927424, 7.257599999999998e-05] 
nWPr11 0 [0.999927424, 7.257599999999998e-05] 
nWPr12 1 [0.0047274239999999974, 0.995272576] 
nWPr13 0 [0.999927424, 7.257599999999998e-05] 
nWPr18 0 [0.999927424, 7.257599999999998e-05] 
nWPr19 0 [0.999927424, 7.257599999999998e-05] 
nWPr20 0 [0.999887104, 0.00011289599999999998] 
nWPr24 1 [0.000330624, 0.9996693759999999] 
nWPr25 0 [0.999927424, 7.257599999999998e-05] 
nWPr26 0 [0.999887104, 0.00011289599999999998] 
nWPr27 0 [0.999927424, 7.257599999999998e-05] 
nWPr29 0 [0.999887104, 0.00011289599999999998] 
nWPr30 0 [0.999927424, 7.257599999999998e-05] 
nWPr31 1 [0.0002903039999999999, 0.999709696] 
nWPr32 0 [0.999927424, 7.257599999999998e-05] 
nWPr33 0 [0.999927424, 7.257599999999998e-05] 
nWPr34 0 [0.999927424, 7.257599999999998e-05] 
nWPr35 0 [0.999927424, 7.257599999999998e-05] 
nWPr36 0 [0.999927424, 7.257599999999998e-05] 
nWPr37 0 [0.999927424, 7.257599999999998e-05] 
nWPr38 0 [0.999927424, 7.257599999999998e-05] 
nWPr39 0 [0.999927424, 7.257599999999998e-05] 
nWPr40 0 [0.999887104, 0.00011289599999999998] 
nWPr41 0 [0.999927424, 7.257599999999998e-05] 
nWPr42 0 [0.999927424, 7.257599999999998e-05] 
nWPr43 0 [0.999927424, 7.257599999999998e-05] 
nWPr44 0 [0.998727424, 0.0012725759999999997] 
nWPr45 0 [0.999927424, 7.257599999999998e-05] 
nWPr46 0 [0.998727424, 0.0012725759999999997] 
nWPr47 0 [0.999887104, 0.00011289599999999998] 
nWPr48 0 [0.999130624, 0.0008693759999999998] 
nWPr49 0 [0.999927424, 7.257599999999998e-05] 
nWPr50 0 [0.999927424, 7.257599999999998e-05] 
nWPr51 0 [0.999927424, 7.257599999999998e-05] 
nWPr52 0 [0.999927424, 7.257599999999998e-05] 
nWPr53 1 [0.0015306239999999995, 0.998469376] 
nWPr54 1 [0.000330624, 0.9996693759999999] 
nWPr55 0 [0.999927424, 7.257599999999998e-05] 
nWPr56 0 [0.999927424, 7.257599999999998e-05] 
nWPr57 0 [0.999927424, 7.257599999999998e-05] 
nWPr58 0 [0.999927424, 7.257599999999998e-05] 
nWPr59 1 [0.000330624, 0.9996693759999999] 
nWPr60 0 [0.999927424, 7.257599999999998e-05] 
nWPr61 1 [0.0002903039999999999, 0.999709696] 
nWPr62 0 [0.999130624, 0.0008693759999999998] 
nWPr63 0 [0.980290304, 0.019709695999999992] 
nWPr64 0 [0.999130624, 0.0008693759999999998] 
nWPr65 0 [0.999927424, 7.257599999999998e-05] 
nWPr66 0 [0.999927424, 7.257599999999998e-05] 
nWPr67 0 [0.999927424, 7.257599999999998e-05] 
nWPr68 0 [0.999927424, 7.257599999999998e-05] 
nWPr69 1 [0.000330624, 0.9996693759999999] 
nWPr70 0 [0.999927424, 7.257599999999998e-05] 
nWPr72 0 [0.981087104, 0.01891289599999999] 
nWPr73 0 [0.999927424, 7.257599999999998e-05] 
nWPr74 0 [0.999927424, 7.257599999999998e-05] 
nWPr75 0 [0.985927424, 0.014072575999999991] 
nWPr76 0 [0.999927424, 7.257599999999998e-05] 
nWPr79 1 [0.0002903039999999999, 0.999709696] 
nWPr80 0 [0.999927424, 7.257599999999998e-05] 
nWPr81 0 [0.999927424, 7.257599999999998e-05] 
nWPr82 0 [0.999927424, 7.257599999999998e-05] 
nWPr83 0 [0.999927424, 7.257599999999998e-05] 
nWPr84 0 [0.999927424, 7.257599999999998e-05] 
nWIn04 0 [0.999927424, 7.257599999999998e-05] 
nWIn05 0 [0.999927424, 7.257599999999998e-05] 
nWIn10 0 [0.999927424, 7.257599999999998e-05] 
nWIn11 0 [0.999927424, 7.257599999999998e-05] 
nWIn12 0 [0.999927424, 7.257599999999998e-05] 
nWIn13 0 [0.999927424, 7.257599999999998e-05] 
nWIn17 0 [0.999927424, 7.257599999999998e-05] 
nWIn18 0 [0.999887104, 0.00011289599999999998] 
nWIn19 0 [0.999887104, 0.00011289599999999998] 
nWIn20 0 [0.999927424, 7.257599999999998e-05] 
nWIn24 0 [0.999927424, 7.257599999999998e-05] 
nWIn25 0 [0.999927424, 7.257599999999998e-05] 
nWIn26 0 [0.999927424, 7.257599999999998e-05] 
nWIn27 0 [0.999887104, 0.00011289599999999998] 
nWIn29 0 [0.999130624, 0.0008693759999999998] 
nWIn30 0 [0.999927424, 7.257599999999998e-05] 
nWIn31 0 [0.999927424, 7.257599999999998e-05] 
nWIn32 1 [0.000330624, 0.9996693759999999] 
nWIn33 1 [0.000330624, 0.9996693759999999] 
nWIn34 0 [0.999927424, 7.257599999999998e-05] 
nWIn35 1 [0.0011274239999999997, 0.998872576] 
nWIn36 0 [0.999927424, 7.257599999999998e-05] 
nWIn38 0 [0.999927424, 7.257599999999998e-05] 
nWIn39 0 [0.999927424, 7.257599999999998e-05] 
nWIn40 0 [0.999927424, 7.257599999999998e-05] 
nWIn41 1 [0.016327423999999993, 0.983672576] 
nWIn43 0 [0.985927424, 0.014072575999999991] 
nWIn44 0 [0.999887104, 0.00011289599999999998] 
nWIn45 0 [0.999927424, 7.257599999999998e-05] 
nWIn46 0 [0.999927424, 7.257599999999998e-05] 
nWIn47 0 [0.999130624, 0.0008693759999999998] 
nWIn48 0 [0.999927424, 7.257599999999998e-05] 
nWIn49 0 [0.998727424, 0.0012725759999999997] 
nWIn50 0 [0.999927424, 7.257599999999998e-05] 
nWIn51 0 [0.999927424, 7.257599999999998e-05] 
nWIn52 0 [0.981127424, 0.018872575999999988] 
nWIn53 0 [0.999927424, 7.257599999999998e-05] 
nWIn54 0 [0.999927424, 7.257599999999998e-05] 
nWIn55 0 [0.999927424, 7.257599999999998e-05] 
nWIn56 0 [0.999887104, 0.00011289599999999998] 
nWIn57 0 [0.999927424, 7.257599999999998e-05] 
nWIn58 0 [0.999927424, 7.257599999999998e-05] 
nWIn59 0 [0.999927424, 7.257599999999998e-05] 
nWIn60 1 [0.005130623999999998, 0.994869376] 
nWIn61 0 [0.999927424, 7.257599999999998e-05] 
nWIn62 0 [0.999927424, 7.257599999999998e-05] 
nWIn63 0 [0.999927424, 7.257599999999998e-05] 
nWIn64 0 [0.999927424, 7.257599999999998e-05] 
nWIn65 0 [0.999927424, 7.257599999999998e-05] 
nWIn66 0 [0.999927424, 7.257599999999998e-05] 
nWIn67 0 [0.999927424, 7.257599999999998e-05] 
nWIn68 0 [0.999887104, 0.00011289599999999998] 
nWIn69 0 [0.999927424, 7.257599999999998e-05] 
nWIn71 0 [0.999927424, 7.257599999999998e-05] 
nWIn72 0 [0.999927424, 7.257599999999998e-05] 
nWIn73 0 [0.999927424, 7.257599999999998e-05] 
nWIn80 0 [0.999927424, 7.257599999999998e-05] 
nWIn81 1 [0.0002903039999999999, 0.999709696] 
nWIn82 1 [0.000330624, 0.9996693759999999] 
nWIn83 0 [0.999927424, 7.257599999999998e-05] 
nWIn84 0 [0.999927424, 7.257599999999998e-05] 
nWIn85 0 [0.999887104, 0.00011289599999999998] 

Elite 2 OF_MAX_VPL 2803110121.25
nWWcat 1 [0.0002903039999999999, 0.999709696] 
nWPr05 0 [0.999927424, 7.257599999999998e-05] 
nWPr11 0 [0.999927424, 7.257599999999998e-05] 
nWPr12 1 [0.0047274239999999974, 0.995272576] 
nWPr13 0 [0.999927424, 7.257599999999998e-05] 
nWPr18 0 [0.999927424, 7.257599999999998e-05] 
nWPr19 0 [0.999927424, 7.257599999999998e-05] 
nWPr20 0 [0.999887104, 0.00011289599999999998] 
nWPr24 1 [0.000330624, 0.9996693759999999] 
nWPr25 0 [0.999927424, 7.257599999999998e-05] 
nWPr26 0 [0.999887104, 0.00011289599999999998] 
nWPr27 0 [0.999927424, 7.257599999999998e-05] 
nWPr29 0 [0.999887104, 0.00011289599999999998] 
nWPr30 0 [0.999927424, 7.257599999999998e-05] 
nWPr31 1 [0.0002903039999999999, 0.999709696] 
nWPr32 0 [0.999927424, 7.257599999999998e-05] 
nWPr33 0 [0.999927424, 7.257599999999998e-05] 
nWPr34 0 [0.999927424, 7.257599999999998e-05] 
nWPr35 0 [0.999927424, 7.257599999999998e-05] 
nWPr36 0 [0.999927424, 7.257599999999998e-05] 
nWPr37 0 [0.999927424, 7.257599999999998e-05] 
nWPr38 0 [0.999927424, 7.257599999999998e-05] 
nWPr39 0 [0.999927424, 7.257599999999998e-05] 
nWPr40 0 [0.999887104, 0.00011289599999999998] 
nWPr41 0 [0.999927424, 7.257599999999998e-05] 
nWPr42 0 [0.999927424, 7.257599999999998e-05] 
nWPr43 0 [0.999927424, 7.257599999999998e-05] 
nWPr44 0 [0.998727424, 0.0012725759999999997] 
nWPr45 0 [0.999927424, 7.257599999999998e-05] 
nWPr46 0 [0.998727424, 0.0012725759999999997] 
nWPr47 0 [0.999887104, 0.00011289599999999998] 
nWPr48 0 [0.999130624, 0.0008693759999999998] 
nWPr49 0 [0.999927424, 7.257599999999998e-05] 
nWPr50 0 [0.999927424, 7.257599999999998e-05] 
nWPr51 0 [0.999927424, 7.257599999999998e-05] 
nWPr52 0 [0.999927424, 7.257599999999998e-05] 
nWPr53 1 [0.0015306239999999995, 0.998469376] 
nWPr54 1 [0.000330624, 0.9996693759999999] 
nWPr55 0 [0.999927424, 7.257599999999998e-05] 
nWPr56 0 [0.999927424, 7.257599999999998e-05] 
nWPr57 0 [0.999927424, 7.257599999999998e-05] 
nWPr58 0 [0.999927424, 7.257599999999998e-05] 
nWPr59 1 [0.000330624, 0.9996693759999999] 
nWPr60 0 [0.999927424, 7.257599999999998e-05] 
nWPr61 1 [0.0002903039999999999, 0.999709696] 
nWPr62 0 [0.999130624, 0.0008693759999999998] 
nWPr63 0 [0.980290304, 0.019709695999999992] 
nWPr64 0 [0.999130624, 0.0008693759999999998] 
nWPr65 0 [0.999927424, 7.257599999999998e-05] 
nWPr66 0 [0.999927424, 7.257599999999998e-05] 
nWPr67 0 [0.999927424, 7.257599999999998e-05] 
nWPr68 0 [0.999927424, 7.257599999999998e-05] 
nWPr69 1 [0.000330624, 0.9996693759999999] 
nWPr70 0 [0.999927424, 7.257599999999998e-05] 
nWPr72 0 [0.981087104, 0.01891289599999999] 
nWPr73 0 [0.999927424, 7.257599999999998e-05] 
nWPr74 0 [0.999927424, 7.257599999999998e-05] 
nWPr75 0 [0.985927424, 0.014072575999999991] 
nWPr76 0 [0.999927424, 7.257599999999998e-05] 
nWPr79 1 [0.0002903039999999999, 0.999709696] 
nWPr80 0 [0.999927424, 7.257599999999998e-05] 
nWPr81 0 [0.999927424, 7.257599999999998e-05] 
nWPr82 0 [0.999927424, 7.257599999999998e-05] 
nWPr83 0 [0.999927424, 7.257599999999998e-05] 
nWPr84 0 [0.999927424, 7.257599999999998e-05] 
nWIn04 0 [0.999927424, 7.257599999999998e-05] 
nWIn05 0 [0.999927424, 7.257599999999998e-05] 
nWIn10 0 [0.999927424, 7.257599999999998e-05] 
nWIn11 0 [0.999927424, 7.257599999999998e-05] 
nWIn12 0 [0.999927424, 7.257599999999998e-05] 
nWIn13 0 [0.999927424, 7.257599999999998e-05] 
nWIn17 0 [0.999927424, 7.257599999999998e-05] 
nWIn18 0 [0.999887104, 0.00011289599999999998] 
nWIn19 0 [0.999887104, 0.00011289599999999998] 
nWIn20 0 [0.999927424, 7.257599999999998e-05] 
nWIn24 0 [0.999927424, 7.257599999999998e-05] 
nWIn25 0 [0.999927424, 7.257599999999998e-05] 
nWIn26 0 [0.999927424, 7.257599999999998e-05] 
nWIn27 0 [0.999887104, 0.00011289599999999998] 
nWIn29 0 [0.999130624, 0.0008693759999999998] 
nWIn30 0 [0.999927424, 7.257599999999998e-05] 
nWIn31 0 [0.999927424, 7.257599999999998e-05] 
nWIn32 1 [0.000330624, 0.9996693759999999] 
nWIn33 1 [0.000330624, 0.9996693759999999] 
nWIn34 0 [0.999927424, 7.257599999999998e-05] 
nWIn35 1 [0.0011274239999999997, 0.998872576] 
nWIn36 0 [0.999927424, 7.257599999999998e-05] 
nWIn38 0 [0.999927424, 7.257599999999998e-05] 
nWIn39 0 [0.999927424, 7.257599999999998e-05] 
nWIn40 0 [0.999927424, 7.257599999999998e-05] 
nWIn41 1 [0.016327423999999993, 0.983672576] 
nWIn43 0 [0.985927424, 0.014072575999999991] 
nWIn44 0 [0.999887104, 0.00011289599999999998] 
nWIn45 0 [0.999927424, 7.257599999999998e-05] 
nWIn46 0 [0.999927424, 7.257599999999998e-05] 
nWIn47 0 [0.999130624, 0.0008693759999999998] 
nWIn48 0 [0.999927424, 7.257599999999998e-05] 
nWIn49 0 [0.998727424, 0.0012725759999999997] 
nWIn50 0 [0.999927424, 7.257599999999998e-05] 
nWIn51 0 [0.999927424, 7.257599999999998e-05] 
nWIn52 0 [0.981127424, 0.018872575999999988] 
nWIn53 0 [0.999927424, 7.257599999999998e-05] 
nWIn54 0 [0.999927424, 7.257599999999998e-05] 
nWIn55 0 [0.999927424, 7.257599999999998e-05] 
nWIn56 0 [0.999887104, 0.00011289599999999998] 
nWIn57 0 [0.999927424, 7.257599999999998e-05] 
nWIn58 0 [0.999927424, 7.257599999999998e-05] 
nWIn59 0 [0.999927424, 7.257599999999998e-05] 
nWIn60 1 [0.005130623999999998, 0.994869376] 
nWIn61 0 [0.999927424, 7.257599999999998e-05] 
nWIn62 0 [0.999927424, 7.257599999999998e-05] 
nWIn63 0 [0.999927424, 7.257599999999998e-05] 
nWIn64 0 [0.999927424, 7.257599999999998e-05] 
nWIn65 0 [0.999927424, 7.257599999999998e-05] 
nWIn66 0 [0.999927424, 7.257599999999998e-05] 
nWIn67 0 [0.999927424, 7.257599999999998e-05] 
nWIn68 0 [0.999887104, 0.00011289599999999998] 
nWIn69 0 [0.999927424, 7.257599999999998e-05] 
nWIn71 0 [0.999927424, 7.257599999999998e-05] 
nWIn72 0 [0.999927424, 7.257599999999998e-05] 
nWIn73 0 [0.999927424, 7.257599999999998e-05] 
nWIn80 0 [0.999927424, 7.257599999999998e-05] 
nWIn81 1 [0.0002903039999999999, 0.999709696] 
nWIn82 1 [0.000330624, 0.9996693759999999] 
nWIn83 0 [0.999927424, 7.257599999999998e-05] 
nWIn84 0 [0.999927424, 7.257599999999998e-05] 
nWIn85 0 [0.999887104, 0.00011289599999999998] 

Elite 3 OF_MAX_VPL 2803110121.25
nWWcat 1 [0.0002903039999999999, 0.999709696] 
nWPr05 0 [0.999927424, 7.257599999999998e-05] 
nWPr11 0 [0.999927424, 7.257599999999998e-05] 
nWPr12 1 [0.0047274239999999974, 0.995272576] 
nWPr13 0 [0.999927424, 7.257599999999998e-05] 
nWPr18 0 [0.999927424, 7.257599999999998e-05] 
nWPr19 0 [0.999927424, 7.257599999999998e-05] 
nWPr20 0 [0.999887104, 0.00011289599999999998] 
nWPr24 1 [0.000330624, 0.9996693759999999] 
nWPr25 0 [0.999927424, 7.257599999999998e-05] 
nWPr26 0 [0.999887104, 0.00011289599999999998] 
nWPr27 0 [0.999927424, 7.257599999999998e-05] 
nWPr29 0 [0.999887104, 0.00011289599999999998] 
nWPr30 0 [0.999927424, 7.257599999999998e-05] 
nWPr31 1 [0.0002903039999999999, 0.999709696] 
nWPr32 0 [0.999927424, 7.257599999999998e-05] 
nWPr33 0 [0.999927424, 7.257599999999998e-05] 
nWPr34 0 [0.999927424, 7.257599999999998e-05] 
nWPr35 0 [0.999927424, 7.257599999999998e-05] 
nWPr36 0 [0.999927424, 7.257599999999998e-05] 
nWPr37 0 [0.999927424, 7.257599999999998e-05] 
nWPr38 0 [0.999927424, 7.257599999999998e-05] 
nWPr39 0 [0.999927424, 7.257599999999998e-05] 
nWPr40 0 [0.999887104, 0.00011289599999999998] 
nWPr41 0 [0.999927424, 7.257599999999998e-05] 
nWPr42 0 [0.999927424, 7.257599999999998e-05] 
nWPr43 0 [0.999927424, 7.257599999999998e-05] 
nWPr44 0 [0.998727424, 0.0012725759999999997] 
nWPr45 0 [0.999927424, 7.257599999999998e-05] 
nWPr46 0 [0.998727424, 0.0012725759999999997] 
nWPr47 0 [0.999887104, 0.00011289599999999998] 
nWPr48 0 [0.999130624, 0.0008693759999999998] 
nWPr49 0 [0.999927424, 7.257599999999998e-05] 
nWPr50 0 [0.999927424, 7.257599999999998e-05] 
nWPr51 0 [0.999927424, 7.257599999999998e-05] 
nWPr52 0 [0.999927424, 7.257599999999998e-05] 
nWPr53 1 [0.0015306239999999995, 0.998469376] 
nWPr54 1 [0.000330624, 0.9996693759999999] 
nWPr55 0 [0.999927424, 7.257599999999998e-05] 
nWPr56 0 [0.999927424, 7.257599999999998e-05] 
nWPr57 0 [0.999927424, 7.257599999999998e-05] 
nWPr58 0 [0.999927424, 7.257599999999998e-05] 
nWPr59 1 [0.000330624, 0.9996693759999999] 
nWPr60 0 [0.999927424, 7.257599999999998e-05] 
nWPr61 1 [0.0002903039999999999, 0.999709696] 
nWPr62 0 [0.999130624, 0.0008693759999999998] 
nWPr63 0 [0.980290304, 0.019709695999999992] 
nWPr64 0 [0.999130624, 0.0008693759999999998] 
nWPr65 0 [0.999927424, 7.257599999999998e-05] 
nWPr66 0 [0.999927424, 7.257599999999998e-05] 
nWPr67 0 [0.999927424, 7.257599999999998e-05] 
nWPr68 0 [0.999927424, 7.257599999999998e-05] 
nWPr69 1 [0.000330624, 0.9996693759999999] 
nWPr70 0 [0.999927424, 7.257599999999998e-05] 
nWPr72 0 [0.981087104, 0.01891289599999999] 
nWPr73 0 [0.999927424, 7.257599999999998e-05] 
nWPr74 0 [0.999927424, 7.257599999999998e-05] 
nWPr75 0 [0.985927424, 0.014072575999999991] 
nWPr76 0 [0.999927424, 7.257599999999998e-05] 
nWPr79 1 [0.0002903039999999999, 0.999709696] 
nWPr80 0 [0.999927424, 7.257599999999998e-05] 
nWPr81 0 [0.999927424, 7.257599999999998e-05] 
nWPr82 0 [0.999927424, 7.257599999999998e-05] 
nWPr83 0 [0.999927424, 7.257599999999998e-05] 
nWPr84 0 [0.999927424, 7.257599999999998e-05] 
nWIn04 0 [0.999927424, 7.257599999999998e-05] 
nWIn05 0 [0.999927424, 7.257599999999998e-05] 
nWIn10 0 [0.999927424, 7.257599999999998e-05] 
nWIn11 0 [0.999927424, 7.257599999999998e-05] 
nWIn12 0 [0.999927424, 7.257599999999998e-05] 
nWIn13 0 [0.999927424, 7.257599999999998e-05] 
nWIn17 0 [0.999927424, 7.257599999999998e-05] 
nWIn18 0 [0.999887104, 0.00011289599999999998] 
nWIn19 0 [0.999887104, 0.00011289599999999998] 
nWIn20 0 [0.999927424, 7.257599999999998e-05] 
nWIn24 0 [0.999927424, 7.257599999999998e-05] 
nWIn25 0 [0.999927424, 7.257599999999998e-05] 
nWIn26 0 [0.999927424, 7.257599999999998e-05] 
nWIn27 0 [0.999887104, 0.00011289599999999998] 
nWIn29 0 [0.999130624, 0.0008693759999999998] 
nWIn30 0 [0.999927424, 7.257599999999998e-05] 
nWIn31 0 [0.999927424, 7.257599999999998e-05] 
nWIn32 1 [0.000330624, 0.9996693759999999] 
nWIn33 1 [0.000330624, 0.9996693759999999] 
nWIn34 0 [0.999927424, 7.257599999999998e-05] 
nWIn35 1 [0.0011274239999999997, 0.998872576] 
nWIn36 0 [0.999927424, 7.257599999999998e-05] 
nWIn38 0 [0.999927424, 7.257599999999998e-05] 
nWIn39 0 [0.999927424, 7.257599999999998e-05] 
nWIn40 0 [0.999927424, 7.257599999999998e-05] 
nWIn41 1 [0.016327423999999993, 0.983672576] 
nWIn43 0 [0.985927424, 0.014072575999999991] 
nWIn44 0 [0.999887104, 0.00011289599999999998] 
nWIn45 0 [0.999927424, 7.257599999999998e-05] 
nWIn46 0 [0.999927424, 7.257599999999998e-05] 
nWIn47 0 [0.999130624, 0.0008693759999999998] 
nWIn48 0 [0.999927424, 7.257599999999998e-05] 
nWIn49 0 [0.998727424, 0.0012725759999999997] 
nWIn50 0 [0.999927424, 7.257599999999998e-05] 
nWIn51 0 [0.999927424, 7.257599999999998e-05] 
nWIn52 0 [0.981127424, 0.018872575999999988] 
nWIn53 0 [0.999927424, 7.257599999999998e-05] 
nWIn54 0 [0.999927424, 7.257599999999998e-05] 
nWIn55 0 [0.999927424, 7.257599999999998e-05] 
nWIn56 0 [0.999887104, 0.00011289599999999998] 
nWIn57 0 [0.999927424, 7.257599999999998e-05] 
nWIn58 0 [0.999927424, 7.257599999999998e-05] 
nWIn59 0 [0.999927424, 7.257599999999998e-05] 
nWIn60 1 [0.005130623999999998, 0.994869376] 
nWIn61 0 [0.999927424, 7.257599999999998e-05] 
nWIn62 0 [0.999927424, 7.257599999999998e-05] 
nWIn63 0 [0.999927424, 7.257599999999998e-05] 
nWIn64 0 [0.999927424, 7.257599999999998e-05] 
nWIn65 0 [0.999927424, 7.257599999999998e-05] 
nWIn66 0 [0.999927424, 7.257599999999998e-05] 
nWIn67 0 [0.999927424, 7.257599999999998e-05] 
nWIn68 0 [0.999887104, 0.00011289599999999998] 
nWIn69 0 [0.999927424, 7.257599999999998e-05] 
nWIn71 0 [0.999927424, 7.257599999999998e-05] 
nWIn72 0 [0.999927424, 7.257599999999998e-05] 
nWIn73 0 [0.999927424, 7.257599999999998e-05] 
nWIn80 0 [0.999927424, 7.257599999999998e-05] 
nWIn81 1 [0.0002903039999999999, 0.999709696] 
nWIn82 1 [0.000330624, 0.9996693759999999] 
nWIn83 0 [0.999927424, 7.257599999999998e-05] 
nWIn84 0 [0.999927424, 7.257599999999998e-05] 
nWIn85 0 [0.999887104, 0.00011289599999999998] 

Elite 4 OF_MAX_VPL 2803110121.25
nWWcat 1 [0.0002903039999999999, 0.999709696] 
nWPr05 0 [0.999927424, 7.257599999999998e-05] 
nWPr11 0 [0.999927424, 7.257599999999998e-05] 
nWPr12 1 [0.0047274239999999974, 0.995272576] 
nWPr13 0 [0.999927424, 7.257599999999998e-05] 
nWPr18 0 [0.999927424, 7.257599999999998e-05] 
nWPr19 0 [0.999927424, 7.257599999999998e-05] 
nWPr20 0 [0.999887104, 0.00011289599999999998] 
nWPr24 1 [0.000330624, 0.9996693759999999] 
nWPr25 0 [0.999927424, 7.257599999999998e-05] 
nWPr26 0 [0.999887104, 0.00011289599999999998] 
nWPr27 0 [0.999927424, 7.257599999999998e-05] 
nWPr29 0 [0.999887104, 0.00011289599999999998] 
nWPr30 0 [0.999927424, 7.257599999999998e-05] 
nWPr31 1 [0.0002903039999999999, 0.999709696] 
nWPr32 0 [0.999927424, 7.257599999999998e-05] 
nWPr33 0 [0.999927424, 7.257599999999998e-05] 
nWPr34 0 [0.999927424, 7.257599999999998e-05] 
nWPr35 0 [0.999927424, 7.257599999999998e-05] 
nWPr36 0 [0.999927424, 7.257599999999998e-05] 
nWPr37 0 [0.999927424, 7.257599999999998e-05] 
nWPr38 0 [0.999927424, 7.257599999999998e-05] 
nWPr39 0 [0.999927424, 7.257599999999998e-05] 
nWPr40 0 [0.999887104, 0.00011289599999999998] 
nWPr41 0 [0.999927424, 7.257599999999998e-05] 
nWPr42 0 [0.999927424, 7.257599999999998e-05] 
nWPr43 0 [0.999927424, 7.257599999999998e-05] 
nWPr44 0 [0.998727424, 0.0012725759999999997] 
nWPr45 0 [0.999927424, 7.257599999999998e-05] 
nWPr46 0 [0.998727424, 0.0012725759999999997] 
nWPr47 0 [0.999887104, 0.00011289599999999998] 
nWPr48 0 [0.999130624, 0.0008693759999999998] 
nWPr49 0 [0.999927424, 7.257599999999998e-05] 
nWPr50 0 [0.999927424, 7.257599999999998e-05] 
nWPr51 0 [0.999927424, 7.257599999999998e-05] 
nWPr52 0 [0.999927424, 7.257599999999998e-05] 
nWPr53 1 [0.0015306239999999995, 0.998469376] 
nWPr54 1 [0.000330624, 0.9996693759999999] 
nWPr55 0 [0.999927424, 7.257599999999998e-05] 
nWPr56 0 [0.999927424, 7.257599999999998e-05] 
nWPr57 0 [0.999927424, 7.257599999999998e-05] 
nWPr58 0 [0.999927424, 7.257599999999998e-05] 
nWPr59 1 [0.000330624, 0.9996693759999999] 
nWPr60 0 [0.999927424, 7.257599999999998e-05] 
nWPr61 1 [0.0002903039999999999, 0.999709696] 
nWPr62 0 [0.999130624, 0.0008693759999999998] 
nWPr63 0 [0.980290304, 0.019709695999999992] 
nWPr64 0 [0.999130624, 0.0008693759999999998] 
nWPr65 0 [0.999927424, 7.257599999999998e-05] 
nWPr66 0 [0.999927424, 7.257599999999998e-05] 
nWPr67 0 [0.999927424, 7.257599999999998e-05] 
nWPr68 0 [0.999927424, 7.257599999999998e-05] 
nWPr69 1 [0.000330624, 0.9996693759999999] 
nWPr70 0 [0.999927424, 7.257599999999998e-05] 
nWPr72 0 [0.981087104, 0.01891289599999999] 
nWPr73 0 [0.999927424, 7.257599999999998e-05] 
nWPr74 0 [0.999927424, 7.257599999999998e-05] 
nWPr75 0 [0.985927424, 0.014072575999999991] 
nWPr76 0 [0.999927424, 7.257599999999998e-05] 
nWPr79 1 [0.0002903039999999999, 0.999709696] 
nWPr80 0 [0.999927424, 7.257599999999998e-05] 
nWPr81 0 [0.999927424, 7.257599999999998e-05] 
nWPr82 0 [0.999927424, 7.257599999999998e-05] 
nWPr83 0 [0.999927424, 7.257599999999998e-05] 
nWPr84 0 [0.999927424, 7.257599999999998e-05] 
nWIn04 0 [0.999927424, 7.257599999999998e-05] 
nWIn05 0 [0.999927424, 7.257599999999998e-05] 
nWIn10 0 [0.999927424, 7.257599999999998e-05] 
nWIn11 0 [0.999927424, 7.257599999999998e-05] 
nWIn12 0 [0.999927424, 7.257599999999998e-05] 
nWIn13 0 [0.999927424, 7.257599999999998e-05] 
nWIn17 0 [0.999927424, 7.257599999999998e-05] 
nWIn18 0 [0.999887104, 0.00011289599999999998] 
nWIn19 0 [0.999887104, 0.00011289599999999998] 
nWIn20 0 [0.999927424, 7.257599999999998e-05] 
nWIn24 0 [0.999927424, 7.257599999999998e-05] 
nWIn25 0 [0.999927424, 7.257599999999998e-05] 
nWIn26 0 [0.999927424, 7.257599999999998e-05] 
nWIn27 0 [0.999887104, 0.00011289599999999998] 
nWIn29 0 [0.999130624, 0.0008693759999999998] 
nWIn30 0 [0.999927424, 7.257599999999998e-05] 
nWIn31 0 [0.999927424, 7.257599999999998e-05] 
nWIn32 1 [0.000330624, 0.9996693759999999] 
nWIn33 1 [0.000330624, 0.9996693759999999] 
nWIn34 0 [0.999927424, 7.257599999999998e-05] 
nWIn35 1 [0.0011274239999999997, 0.998872576] 
nWIn36 0 [0.999927424, 7.257599999999998e-05] 
nWIn38 0 [0.999927424, 7.257599999999998e-05] 
nWIn39 0 [0.999927424, 7.257599999999998e-05] 
nWIn40 0 [0.999927424, 7.257599999999998e-05] 
nWIn41 1 [0.016327423999999993, 0.983672576] 
nWIn43 0 [0.985927424, 0.014072575999999991] 
nWIn44 0 [0.999887104, 0.00011289599999999998] 
nWIn45 0 [0.999927424, 7.257599999999998e-05] 
nWIn46 0 [0.999927424, 7.257599999999998e-05] 
nWIn47 0 [0.999130624, 0.0008693759999999998] 
nWIn48 0 [0.999927424, 7.257599999999998e-05] 
nWIn49 0 [0.998727424, 0.0012725759999999997] 
nWIn50 0 [0.999927424, 7.257599999999998e-05] 
nWIn51 0 [0.999927424, 7.257599999999998e-05] 
nWIn52 0 [0.981127424, 0.018872575999999988] 
nWIn53 0 [0.999927424, 7.257599999999998e-05] 
nWIn54 0 [0.999927424, 7.257599999999998e-05] 
nWIn55 0 [0.999927424, 7.257599999999998e-05] 
nWIn56 0 [0.999887104, 0.00011289599999999998] 
nWIn57 0 [0.999927424, 7.257599999999998e-05] 
nWIn58 0 [0.999927424, 7.257599999999998e-05] 
nWIn59 0 [0.999927424, 7.257599999999998e-05] 
nWIn60 1 [0.005130623999999998, 0.994869376] 
nWIn61 0 [0.999927424, 7.257599999999998e-05] 
nWIn62 0 [0.999927424, 7.257599999999998e-05] 
nWIn63 0 [0.999927424, 7.257599999999998e-05] 
nWIn64 0 [0.999927424, 7.257599999999998e-05] 
nWIn65 0 [0.999927424, 7.257599999999998e-05] 
nWIn66 0 [0.999927424, 7.257599999999998e-05] 
nWIn67 0 [0.999927424, 7.257599999999998e-05] 
nWIn68 0 [0.999887104, 0.00011289599999999998] 
nWIn69 0 [0.999927424, 7.257599999999998e-05] 
nWIn71 0 [0.999927424, 7.257599999999998e-05] 
nWIn72 0 [0.999927424, 7.257599999999998e-05] 
nWIn73 0 [0.999927424, 7.257599999999998e-05] 
nWIn80 0 [0.999927424, 7.257599999999998e-05] 
nWIn81 1 [0.0002903039999999999, 0.999709696] 
nWIn82 1 [0.000330624, 0.9996693759999999] 
nWIn83 0 [0.999927424, 7.257599999999998e-05] 
nWIn84 0 [0.999927424, 7.257599999999998e-05] 
nWIn85 0 [0.999887104, 0.00011289599999999998] 

Elite 5 OF_MAX_VPL 2803110121.25
nWWcat 1 [0.0002903039999999999, 0.999709696] 
nWPr05 0 [0.999927424, 7.257599999999998e-05] 
nWPr11 0 [0.999927424, 7.257599999999998e-05] 
nWPr12 1 [0.0047274239999999974, 0.995272576] 
nWPr13 0 [0.999927424, 7.257599999999998e-05] 
nWPr18 0 [0.999927424, 7.257599999999998e-05] 
nWPr19 0 [0.999927424, 7.257599999999998e-05] 
nWPr20 0 [0.999887104, 0.00011289599999999998] 
nWPr24 1 [0.000330624, 0.9996693759999999] 
nWPr25 0 [0.999927424, 7.257599999999998e-05] 
nWPr26 0 [0.999887104, 0.00011289599999999998] 
nWPr27 0 [0.999927424, 7.257599999999998e-05] 
nWPr29 0 [0.999887104, 0.00011289599999999998] 
nWPr30 0 [0.999927424, 7.257599999999998e-05] 
nWPr31 1 [0.0002903039999999999, 0.999709696] 
nWPr32 0 [0.999927424, 7.257599999999998e-05] 
nWPr33 0 [0.999927424, 7.257599999999998e-05] 
nWPr34 0 [0.999927424, 7.257599999999998e-05] 
nWPr35 0 [0.999927424, 7.257599999999998e-05] 
nWPr36 0 [0.999927424, 7.257599999999998e-05] 
nWPr37 0 [0.999927424, 7.257599999999998e-05] 
nWPr38 0 [0.999927424, 7.257599999999998e-05] 
nWPr39 0 [0.999927424, 7.257599999999998e-05] 
nWPr40 0 [0.999887104, 0.00011289599999999998] 
nWPr41 0 [0.999927424, 7.257599999999998e-05] 
nWPr42 0 [0.999927424, 7.257599999999998e-05] 
nWPr43 0 [0.999927424, 7.257599999999998e-05] 
nWPr44 0 [0.998727424, 0.0012725759999999997] 
nWPr45 0 [0.999927424, 7.257599999999998e-05] 
nWPr46 0 [0.998727424, 0.0012725759999999997] 
nWPr47 0 [0.999887104, 0.00011289599999999998] 
nWPr48 0 [0.999130624, 0.0008693759999999998] 
nWPr49 0 [0.999927424, 7.257599999999998e-05] 
nWPr50 0 [0.999927424, 7.257599999999998e-05] 
nWPr51 0 [0.999927424, 7.257599999999998e-05] 
nWPr52 0 [0.999927424, 7.257599999999998e-05] 
nWPr53 1 [0.0015306239999999995, 0.998469376] 
nWPr54 1 [0.000330624, 0.9996693759999999] 
nWPr55 0 [0.999927424, 7.257599999999998e-05] 
nWPr56 0 [0.999927424, 7.257599999999998e-05] 
nWPr57 0 [0.999927424, 7.257599999999998e-05] 
nWPr58 0 [0.999927424, 7.257599999999998e-05] 
nWPr59 1 [0.000330624, 0.9996693759999999] 
nWPr60 0 [0.999927424, 7.257599999999998e-05] 
nWPr61 1 [0.0002903039999999999, 0.999709696] 
nWPr62 0 [0.999130624, 0.0008693759999999998] 
nWPr63 0 [0.980290304, 0.019709695999999992] 
nWPr64 0 [0.999130624, 0.0008693759999999998] 
nWPr65 0 [0.999927424, 7.257599999999998e-05] 
nWPr66 0 [0.999927424, 7.257599999999998e-05] 
nWPr67 0 [0.999927424, 7.257599999999998e-05] 
nWPr68 0 [0.999927424, 7.257599999999998e-05] 
nWPr69 1 [0.000330624, 0.9996693759999999] 
nWPr70 0 [0.999927424, 7.257599999999998e-05] 
nWPr72 0 [0.981087104, 0.01891289599999999] 
nWPr73 0 [0.999927424, 7.257599999999998e-05] 
nWPr74 0 [0.999927424, 7.257599999999998e-05] 
nWPr75 0 [0.985927424, 0.014072575999999991] 
nWPr76 0 [0.999927424, 7.257599999999998e-05] 
nWPr79 1 [0.0002903039999999999, 0.999709696] 
nWPr80 0 [0.999927424, 7.257599999999998e-05] 
nWPr81 0 [0.999927424, 7.257599999999998e-05] 
nWPr82 0 [0.999927424, 7.257599999999998e-05] 
nWPr83 0 [0.999927424, 7.257599999999998e-05] 
nWPr84 0 [0.999927424, 7.257599999999998e-05] 
nWIn04 0 [0.999927424, 7.257599999999998e-05] 
nWIn05 0 [0.999927424, 7.257599999999998e-05] 
nWIn10 0 [0.999927424, 7.257599999999998e-05] 
nWIn11 0 [0.999927424, 7.257599999999998e-05] 
nWIn12 0 [0.999927424, 7.257599999999998e-05] 
nWIn13 0 [0.999927424, 7.257599999999998e-05] 
nWIn17 0 [0.999927424, 7.257599999999998e-05] 
nWIn18 0 [0.999887104, 0.00011289599999999998] 
nWIn19 0 [0.999887104, 0.00011289599999999998] 
nWIn20 0 [0.999927424, 7.257599999999998e-05] 
nWIn24 0 [0.999927424, 7.257599999999998e-05] 
nWIn25 0 [0.999927424, 7.257599999999998e-05] 
nWIn26 0 [0.999927424, 7.257599999999998e-05] 
nWIn27 0 [0.999887104, 0.00011289599999999998] 
nWIn29 0 [0.999130624, 0.0008693759999999998] 
nWIn30 0 [0.999927424, 7.257599999999998e-05] 
nWIn31 0 [0.999927424, 7.257599999999998e-05] 
nWIn32 1 [0.000330624, 0.9996693759999999] 
nWIn33 1 [0.000330624, 0.9996693759999999] 
nWIn34 0 [0.999927424, 7.257599999999998e-05] 
nWIn35 1 [0.0011274239999999997, 0.998872576] 
nWIn36 0 [0.999927424, 7.257599999999998e-05] 
nWIn38 0 [0.999927424, 7.257599999999998e-05] 
nWIn39 0 [0.999927424, 7.257599999999998e-05] 
nWIn40 0 [0.999927424, 7.257599999999998e-05] 
nWIn41 1 [0.016327423999999993, 0.983672576] 
nWIn43 0 [0.985927424, 0.014072575999999991] 
nWIn44 0 [0.999887104, 0.00011289599999999998] 
nWIn45 0 [0.999927424, 7.257599999999998e-05] 
nWIn46 0 [0.999927424, 7.257599999999998e-05] 
nWIn47 0 [0.999130624, 0.0008693759999999998] 
nWIn48 0 [0.999927424, 7.257599999999998e-05] 
nWIn49 0 [0.998727424, 0.0012725759999999997] 
nWIn50 0 [0.999927424, 7.257599999999998e-05] 
nWIn51 0 [0.999927424, 7.257599999999998e-05] 
nWIn52 0 [0.981127424, 0.018872575999999988] 
nWIn53 0 [0.999927424, 7.257599999999998e-05] 
nWIn54 0 [0.999927424, 7.257599999999998e-05] 
nWIn55 0 [0.999927424, 7.257599999999998e-05] 
nWIn56 0 [0.999887104, 0.00011289599999999998] 
nWIn57 0 [0.999927424, 7.257599999999998e-05] 
nWIn58 0 [0.999927424, 7.257599999999998e-05] 
nWIn59 0 [0.999927424, 7.257599999999998e-05] 
nWIn60 1 [0.005130623999999998, 0.994869376] 
nWIn61 0 [0.999927424, 7.257599999999998e-05] 
nWIn62 0 [0.999927424, 7.257599999999998e-05] 
nWIn63 0 [0.999927424, 7.257599999999998e-05] 
nWIn64 0 [0.999927424, 7.257599999999998e-05] 
nWIn65 0 [0.999927424, 7.257599999999998e-05] 
nWIn66 0 [0.999927424, 7.257599999999998e-05] 
nWIn67 0 [0.999927424, 7.257599999999998e-05] 
nWIn68 0 [0.999887104, 0.00011289599999999998] 
nWIn69 0 [0.999927424, 7.257599999999998e-05] 
nWIn71 0 [0.999927424, 7.257599999999998e-05] 
nWIn72 0 [0.999927424, 7.257599999999998e-05] 
nWIn73 0 [0.999927424, 7.257599999999998e-05] 
nWIn80 0 [0.999927424, 7.257599999999998e-05] 
nWIn81 1 [0.0002903039999999999, 0.999709696] 
nWIn82 1 [0.000330624, 0.9996693759999999] 
nWIn83 0 [0.999927424, 7.257599999999998e-05] 
nWIn84 0 [0.999927424, 7.257599999999998e-05] 
nWIn85 0 [0.999887104, 0.00011289599999999998] 

