Elite 1 OF_MAX_VPL 2762067642.04
nWWcat 0 [0.999927424, 7.257599999999998e-05] 
nWPr05 0 [0.999927424, 7.257599999999998e-05] 
nWPr11 0 [0.999786304, 0.00021369599999999998] 
nWPr12 0 [0.999927424, 7.257599999999998e-05] 
nWPr13 0 [0.999927424, 7.257599999999998e-05] 
nWPr18 0 [0.999090304, 0.0009096959999999999] 
nWPr19 1 [0.0011274239999999997, 0.998872576] 
nWPr20 0 [0.999927424, 7.257599999999998e-05] 
nWPr24 0 [0.999927424, 7.257599999999998e-05] 
nWPr25 0 [0.998727424, 0.0012725759999999997] 
nWPr26 0 [0.999927424, 7.257599999999998e-05] 
nWPr27 0 [0.999927424, 7.257599999999998e-05] 
nWPr29 0 [0.999927424, 7.257599999999998e-05] 
nWPr30 0 [0.999927424, 7.257599999999998e-05] 
nWPr31 0 [0.999786304, 0.00021369599999999998] 
nWPr32 0 [0.999927424, 7.257599999999998e-05] 
nWPr33 0 [0.998727424, 0.0012725759999999997] 
nWPr34 1 [0.00043142399999999997, 0.999568576] 
nWPr35 0 [0.999927424, 7.257599999999998e-05] 
nWPr36 0 [0.999927424, 7.257599999999998e-05] 
nWPr37 1 [0.0023274239999999994, 0.997672576] 
nWPr38 0 [0.999786304, 0.00021369599999999998] 
nWPr39 0 [0.999927424, 7.257599999999998e-05] 
nWPr40 0 [0.995631424, 0.004368575999999999] 
nWPr41 0 [0.999927424, 7.257599999999998e-05] 
nWPr42 0 [0.999927424, 7.257599999999998e-05] 
nWPr43 0 [0.999927424, 7.257599999999998e-05] 
nWPr44 0 [0.999927424, 7.257599999999998e-05] 
nWPr45 0 [0.999231424, 0.0007685759999999997] 
nWPr46 0 [0.999927424, 7.257599999999998e-05] 
nWPr47 1 [0.00043142399999999997, 0.999568576] 
nWPr48 0 [0.999927424, 7.257599999999998e-05] 
nWPr49 0 [0.985927424, 0.014072575999999991] 
nWPr50 0 [0.999927424, 7.257599999999998e-05] 
nWPr51 0 [0.999927424, 7.257599999999998e-05] 
nWPr52 0 [0.999927424, 7.257599999999998e-05] 
nWPr53 0 [0.999927424, 7.257599999999998e-05] 
nWPr54 0 [0.999927424, 7.257599999999998e-05] 
nWPr55 0 [0.999927424, 7.257599999999998e-05] 
nWPr56 0 [0.999927424, 7.257599999999998e-05] 
nWPr57 0 [0.999927424, 7.257599999999998e-05] 
nWPr58 0 [0.999927424, 7.257599999999998e-05] 
nWPr59 0 [0.999231424, 0.0007685759999999997] 
nWPr60 0 [0.999927424, 7.257599999999998e-05] 
nWPr61 0 [0.999927424, 7.257599999999998e-05] 
nWPr62 0 [0.999927424, 7.257599999999998e-05] 
nWPr63 0 [0.999927424, 7.257599999999998e-05] 
nWPr64 0 [0.999786304, 0.00021369599999999998] 
nWPr65 0 [0.999786304, 0.00021369599999999998] 
nWPr66 0 [0.999927424, 7.257599999999998e-05] 
nWPr67 0 [0.999927424, 7.257599999999998e-05] 
nWPr68 1 [0.0002903039999999999, 0.999709696] 
nWPr69 1 [0.00043142399999999997, 0.999568576] 
nWPr70 1 [0.00043142399999999997, 0.999568576] 
nWPr72 0 [0.999927424, 7.257599999999998e-05] 
nWPr73 0 [0.999927424, 7.257599999999998e-05] 
nWPr74 1 [0.00043142399999999997, 0.999568576] 
nWPr75 0 [0.999786304, 0.00021369599999999998] 
nWPr76 0 [0.999927424, 7.257599999999998e-05] 
nWPr79 0 [0.999927424, 7.257599999999998e-05] 
nWPr80 0 [0.999927424, 7.257599999999998e-05] 
nWPr81 0 [0.999927424, 7.257599999999998e-05] 
nWPr82 1 [0.0002903039999999999, 0.999709696] 
nWPr83 0 [0.999927424, 7.257599999999998e-05] 
nWPr84 1 [0.0002903039999999999, 0.999709696] 
nWIn04 0 [0.999231424, 0.0007685759999999997] 
nWIn05 0 [0.999927424, 7.257599999999998e-05] 
nWIn10 1 [0.0011274239999999997, 0.998872576] 
nWIn11 0 [0.999927424, 7.257599999999998e-05] 
nWIn12 0 [0.999927424, 7.257599999999998e-05] 
nWIn13 0 [0.999927424, 7.257599999999998e-05] 
nWIn17 0 [0.999927424, 7.257599999999998e-05] 
nWIn18 0 [0.999927424, 7.257599999999998e-05] 
nWIn19 0 [0.999927424, 7.257599999999998e-05] 
nWIn20 0 [0.999927424, 7.257599999999998e-05] 
nWIn24 1 [0.0023274239999999994, 0.997672576] 
nWIn25 0 [0.998031424, 0.0019685759999999992] 
nWIn26 0 [0.999786304, 0.00021369599999999998] 
nWIn27 0 [0.999927424, 7.257599999999998e-05] 
nWIn29 0 [0.999927424, 7.257599999999998e-05] 
nWIn30 0 [0.999927424, 7.257599999999998e-05] 
nWIn31 0 [0.999927424, 7.257599999999998e-05] 
nWIn32 0 [0.999927424, 7.257599999999998e-05] 
nWIn33 0 [0.999927424, 7.257599999999998e-05] 
nWIn34 0 [0.999927424, 7.257599999999998e-05] 
nWIn35 0 [0.999927424, 7.257599999999998e-05] 
nWIn36 0 [0.999927424, 7.257599999999998e-05] 
nWIn38 0 [0.999927424, 7.257599999999998e-05] 
nWIn39 0 [0.999927424, 7.257599999999998e-05] 
nWIn40 0 [0.999927424, 7.257599999999998e-05] 
nWIn41 0 [0.999927424, 7.257599999999998e-05] 
nWIn43 0 [0.999927424, 7.257599999999998e-05] 
nWIn44 1 [0.0002903039999999999, 0.999709696] 
nWIn45 0 [0.999231424, 0.0007685759999999997] 
nWIn46 1 [0.00043142399999999997, 0.999568576] 
nWIn47 0 [0.999927424, 7.257599999999998e-05] 
nWIn48 1 [0.00043142399999999997, 0.999568576] 
nWIn49 0 [0.999927424, 7.257599999999998e-05] 
nWIn50 0 [0.999927424, 7.257599999999998e-05] 
nWIn51 1 [0.005786303999999998, 0.994213696] 
nWIn52 1 [0.0009863039999999997, 0.999013696] 
nWIn53 0 [0.996327424, 0.003672575999999999] 
nWIn54 0 [0.999927424, 7.257599999999998e-05] 
nWIn55 0 [0.999090304, 0.0009096959999999999] 
nWIn56 0 [0.999927424, 7.257599999999998e-05] 
nWIn57 0 [0.998031424, 0.0019685759999999992] 
nWIn58 0 [0.999927424, 7.257599999999998e-05] 
nWIn59 0 [0.999927424, 7.257599999999998e-05] 
nWIn60 0 [0.999927424, 7.257599999999998e-05] 
nWIn61 0 [0.999927424, 7.257599999999998e-05] 
nWIn62 0 [0.999927424, 7.257599999999998e-05] 
nWIn63 0 [0.999927424, 7.257599999999998e-05] 
nWIn64 1 [0.0011274239999999997, 0.998872576] 
nWIn65 0 [0.999927424, 7.257599999999998e-05] 
nWIn66 0 [0.999927424, 7.257599999999998e-05] 
nWIn67 0 [0.999927424, 7.257599999999998e-05] 
nWIn68 0 [0.999927424, 7.257599999999998e-05] 
nWIn69 0 [0.999786304, 0.00021369599999999998] 
nWIn71 0 [0.999927424, 7.257599999999998e-05] 
nWIn72 0 [0.999927424, 7.257599999999998e-05] 
nWIn73 0 [0.999927424, 7.257599999999998e-05] 
nWIn80 0 [0.999927424, 7.257599999999998e-05] 
nWIn81 0 [0.999927424, 7.257599999999998e-05] 
nWIn82 0 [0.999927424, 7.257599999999998e-05] 
nWIn83 0 [0.999927424, 7.257599999999998e-05] 
nWIn84 0 [0.999927424, 7.257599999999998e-05] 
nWIn85 0 [0.982186304, 0.01781369599999999] 

Elite 2 OF_MAX_VPL 2762067642.04
nWWcat 0 [0.999927424, 7.257599999999998e-05] 
nWPr05 0 [0.999927424, 7.257599999999998e-05] 
nWPr11 0 [0.999786304, 0.00021369599999999998] 
nWPr12 0 [0.999927424, 7.257599999999998e-05] 
nWPr13 0 [0.999927424, 7.257599999999998e-05] 
nWPr18 0 [0.999090304, 0.0009096959999999999] 
nWPr19 1 [0.0011274239999999997, 0.998872576] 
nWPr20 0 [0.999927424, 7.257599999999998e-05] 
nWPr24 0 [0.999927424, 7.257599999999998e-05] 
nWPr25 0 [0.998727424, 0.0012725759999999997] 
nWPr26 0 [0.999927424, 7.257599999999998e-05] 
nWPr27 0 [0.999927424, 7.257599999999998e-05] 
nWPr29 0 [0.999927424, 7.257599999999998e-05] 
nWPr30 0 [0.999927424, 7.257599999999998e-05] 
nWPr31 0 [0.999786304, 0.00021369599999999998] 
nWPr32 0 [0.999927424, 7.257599999999998e-05] 
nWPr33 0 [0.998727424, 0.0012725759999999997] 
nWPr34 1 [0.00043142399999999997, 0.999568576] 
nWPr35 0 [0.999927424, 7.257599999999998e-05] 
nWPr36 0 [0.999927424, 7.257599999999998e-05] 
nWPr37 1 [0.0023274239999999994, 0.997672576] 
nWPr38 0 [0.999786304, 0.00021369599999999998] 
nWPr39 0 [0.999927424, 7.257599999999998e-05] 
nWPr40 0 [0.995631424, 0.004368575999999999] 
nWPr41 0 [0.999927424, 7.257599999999998e-05] 
nWPr42 0 [0.999927424, 7.257599999999998e-05] 
nWPr43 0 [0.999927424, 7.257599999999998e-05] 
nWPr44 0 [0.999927424, 7.257599999999998e-05] 
nWPr45 0 [0.999231424, 0.0007685759999999997] 
nWPr46 0 [0.999927424, 7.257599999999998e-05] 
nWPr47 1 [0.00043142399999999997, 0.999568576] 
nWPr48 0 [0.999927424, 7.257599999999998e-05] 
nWPr49 0 [0.985927424, 0.014072575999999991] 
nWPr50 0 [0.999927424, 7.257599999999998e-05] 
nWPr51 0 [0.999927424, 7.257599999999998e-05] 
nWPr52 0 [0.999927424, 7.257599999999998e-05] 
nWPr53 0 [0.999927424, 7.257599999999998e-05] 
nWPr54 0 [0.999927424, 7.257599999999998e-05] 
nWPr55 0 [0.999927424, 7.257599999999998e-05] 
nWPr56 0 [0.999927424, 7.257599999999998e-05] 
nWPr57 0 [0.999927424, 7.257599999999998e-05] 
nWPr58 0 [0.999927424, 7.257599999999998e-05] 
nWPr59 0 [0.999231424, 0.0007685759999999997] 
nWPr60 0 [0.999927424, 7.257599999999998e-05] 
nWPr61 0 [0.999927424, 7.257599999999998e-05] 
nWPr62 0 [0.999927424, 7.257599999999998e-05] 
nWPr63 0 [0.999927424, 7.257599999999998e-05] 
nWPr64 0 [0.999786304, 0.00021369599999999998] 
nWPr65 0 [0.999786304, 0.00021369599999999998] 
nWPr66 0 [0.999927424, 7.257599999999998e-05] 
nWPr67 0 [0.999927424, 7.257599999999998e-05] 
nWPr68 1 [0.0002903039999999999, 0.999709696] 
nWPr69 1 [0.00043142399999999997, 0.999568576] 
nWPr70 1 [0.00043142399999999997, 0.999568576] 
nWPr72 0 [0.999927424, 7.257599999999998e-05] 
nWPr73 0 [0.999927424, 7.257599999999998e-05] 
nWPr74 1 [0.00043142399999999997, 0.999568576] 
nWPr75 0 [0.999786304, 0.00021369599999999998] 
nWPr76 0 [0.999927424, 7.257599999999998e-05] 
nWPr79 0 [0.999927424, 7.257599999999998e-05] 
nWPr80 0 [0.999927424, 7.257599999999998e-05] 
nWPr81 0 [0.999927424, 7.257599999999998e-05] 
nWPr82 1 [0.0002903039999999999, 0.999709696] 
nWPr83 0 [0.999927424, 7.257599999999998e-05] 
nWPr84 1 [0.0002903039999999999, 0.999709696] 
nWIn04 0 [0.999231424, 0.0007685759999999997] 
nWIn05 0 [0.999927424, 7.257599999999998e-05] 
nWIn10 1 [0.0011274239999999997, 0.998872576] 
nWIn11 0 [0.999927424, 7.257599999999998e-05] 
nWIn12 0 [0.999927424, 7.257599999999998e-05] 
nWIn13 0 [0.999927424, 7.257599999999998e-05] 
nWIn17 0 [0.999927424, 7.257599999999998e-05] 
nWIn18 0 [0.999927424, 7.257599999999998e-05] 
nWIn19 0 [0.999927424, 7.257599999999998e-05] 
nWIn20 0 [0.999927424, 7.257599999999998e-05] 
nWIn24 1 [0.0023274239999999994, 0.997672576] 
nWIn25 0 [0.998031424, 0.0019685759999999992] 
nWIn26 0 [0.999786304, 0.00021369599999999998] 
nWIn27 0 [0.999927424, 7.257599999999998e-05] 
nWIn29 0 [0.999927424, 7.257599999999998e-05] 
nWIn30 0 [0.999927424, 7.257599999999998e-05] 
nWIn31 0 [0.999927424, 7.257599999999998e-05] 
nWIn32 0 [0.999927424, 7.257599999999998e-05] 
nWIn33 0 [0.999927424, 7.257599999999998e-05] 
nWIn34 0 [0.999927424, 7.257599999999998e-05] 
nWIn35 0 [0.999927424, 7.257599999999998e-05] 
nWIn36 0 [0.999927424, 7.257599999999998e-05] 
nWIn38 0 [0.999927424, 7.257599999999998e-05] 
nWIn39 0 [0.999927424, 7.257599999999998e-05] 
nWIn40 0 [0.999927424, 7.257599999999998e-05] 
nWIn41 0 [0.999927424, 7.257599999999998e-05] 
nWIn43 0 [0.999927424, 7.257599999999998e-05] 
nWIn44 1 [0.0002903039999999999, 0.999709696] 
nWIn45 0 [0.999231424, 0.0007685759999999997] 
nWIn46 1 [0.00043142399999999997, 0.999568576] 
nWIn47 0 [0.999927424, 7.257599999999998e-05] 
nWIn48 1 [0.00043142399999999997, 0.999568576] 
nWIn49 0 [0.999927424, 7.257599999999998e-05] 
nWIn50 0 [0.999927424, 7.257599999999998e-05] 
nWIn51 1 [0.005786303999999998, 0.994213696] 
nWIn52 1 [0.0009863039999999997, 0.999013696] 
nWIn53 0 [0.996327424, 0.003672575999999999] 
nWIn54 0 [0.999927424, 7.257599999999998e-05] 
nWIn55 0 [0.999090304, 0.0009096959999999999] 
nWIn56 0 [0.999927424, 7.257599999999998e-05] 
nWIn57 0 [0.998031424, 0.0019685759999999992] 
nWIn58 0 [0.999927424, 7.257599999999998e-05] 
nWIn59 0 [0.999927424, 7.257599999999998e-05] 
nWIn60 0 [0.999927424, 7.257599999999998e-05] 
nWIn61 0 [0.999927424, 7.257599999999998e-05] 
nWIn62 0 [0.999927424, 7.257599999999998e-05] 
nWIn63 0 [0.999927424, 7.257599999999998e-05] 
nWIn64 1 [0.0011274239999999997, 0.998872576] 
nWIn65 0 [0.999927424, 7.257599999999998e-05] 
nWIn66 0 [0.999927424, 7.257599999999998e-05] 
nWIn67 0 [0.999927424, 7.257599999999998e-05] 
nWIn68 0 [0.999927424, 7.257599999999998e-05] 
nWIn69 0 [0.999786304, 0.00021369599999999998] 
nWIn71 0 [0.999927424, 7.257599999999998e-05] 
nWIn72 0 [0.999927424, 7.257599999999998e-05] 
nWIn73 0 [0.999927424, 7.257599999999998e-05] 
nWIn80 0 [0.999927424, 7.257599999999998e-05] 
nWIn81 0 [0.999927424, 7.257599999999998e-05] 
nWIn82 0 [0.999927424, 7.257599999999998e-05] 
nWIn83 0 [0.999927424, 7.257599999999998e-05] 
nWIn84 0 [0.999927424, 7.257599999999998e-05] 
nWIn85 0 [0.982186304, 0.01781369599999999] 

Elite 3 OF_MAX_VPL 2762067642.04
nWWcat 0 [0.999927424, 7.257599999999998e-05] 
nWPr05 0 [0.999927424, 7.257599999999998e-05] 
nWPr11 0 [0.999786304, 0.00021369599999999998] 
nWPr12 0 [0.999927424, 7.257599999999998e-05] 
nWPr13 0 [0.999927424, 7.257599999999998e-05] 
nWPr18 0 [0.999090304, 0.0009096959999999999] 
nWPr19 1 [0.0011274239999999997, 0.998872576] 
nWPr20 0 [0.999927424, 7.257599999999998e-05] 
nWPr24 0 [0.999927424, 7.257599999999998e-05] 
nWPr25 0 [0.998727424, 0.0012725759999999997] 
nWPr26 0 [0.999927424, 7.257599999999998e-05] 
nWPr27 0 [0.999927424, 7.257599999999998e-05] 
nWPr29 0 [0.999927424, 7.257599999999998e-05] 
nWPr30 0 [0.999927424, 7.257599999999998e-05] 
nWPr31 0 [0.999786304, 0.00021369599999999998] 
nWPr32 0 [0.999927424, 7.257599999999998e-05] 
nWPr33 0 [0.998727424, 0.0012725759999999997] 
nWPr34 1 [0.00043142399999999997, 0.999568576] 
nWPr35 0 [0.999927424, 7.257599999999998e-05] 
nWPr36 0 [0.999927424, 7.257599999999998e-05] 
nWPr37 1 [0.0023274239999999994, 0.997672576] 
nWPr38 0 [0.999786304, 0.00021369599999999998] 
nWPr39 0 [0.999927424, 7.257599999999998e-05] 
nWPr40 0 [0.995631424, 0.004368575999999999] 
nWPr41 0 [0.999927424, 7.257599999999998e-05] 
nWPr42 0 [0.999927424, 7.257599999999998e-05] 
nWPr43 0 [0.999927424, 7.257599999999998e-05] 
nWPr44 0 [0.999927424, 7.257599999999998e-05] 
nWPr45 0 [0.999231424, 0.0007685759999999997] 
nWPr46 0 [0.999927424, 7.257599999999998e-05] 
nWPr47 1 [0.00043142399999999997, 0.999568576] 
nWPr48 0 [0.999927424, 7.257599999999998e-05] 
nWPr49 0 [0.985927424, 0.014072575999999991] 
nWPr50 0 [0.999927424, 7.257599999999998e-05] 
nWPr51 0 [0.999927424, 7.257599999999998e-05] 
nWPr52 0 [0.999927424, 7.257599999999998e-05] 
nWPr53 0 [0.999927424, 7.257599999999998e-05] 
nWPr54 0 [0.999927424, 7.257599999999998e-05] 
nWPr55 0 [0.999927424, 7.257599999999998e-05] 
nWPr56 0 [0.999927424, 7.257599999999998e-05] 
nWPr57 0 [0.999927424, 7.257599999999998e-05] 
nWPr58 0 [0.999927424, 7.257599999999998e-05] 
nWPr59 0 [0.999231424, 0.0007685759999999997] 
nWPr60 0 [0.999927424, 7.257599999999998e-05] 
nWPr61 0 [0.999927424, 7.257599999999998e-05] 
nWPr62 0 [0.999927424, 7.257599999999998e-05] 
nWPr63 0 [0.999927424, 7.257599999999998e-05] 
nWPr64 0 [0.999786304, 0.00021369599999999998] 
nWPr65 0 [0.999786304, 0.00021369599999999998] 
nWPr66 0 [0.999927424, 7.257599999999998e-05] 
nWPr67 0 [0.999927424, 7.257599999999998e-05] 
nWPr68 1 [0.0002903039999999999, 0.999709696] 
nWPr69 1 [0.00043142399999999997, 0.999568576] 
nWPr70 1 [0.00043142399999999997, 0.999568576] 
nWPr72 0 [0.999927424, 7.257599999999998e-05] 
nWPr73 0 [0.999927424, 7.257599999999998e-05] 
nWPr74 1 [0.00043142399999999997, 0.999568576] 
nWPr75 0 [0.999786304, 0.00021369599999999998] 
nWPr76 0 [0.999927424, 7.257599999999998e-05] 
nWPr79 0 [0.999927424, 7.257599999999998e-05] 
nWPr80 0 [0.999927424, 7.257599999999998e-05] 
nWPr81 0 [0.999927424, 7.257599999999998e-05] 
nWPr82 1 [0.0002903039999999999, 0.999709696] 
nWPr83 0 [0.999927424, 7.257599999999998e-05] 
nWPr84 1 [0.0002903039999999999, 0.999709696] 
nWIn04 0 [0.999231424, 0.0007685759999999997] 
nWIn05 0 [0.999927424, 7.257599999999998e-05] 
nWIn10 1 [0.0011274239999999997, 0.998872576] 
nWIn11 0 [0.999927424, 7.257599999999998e-05] 
nWIn12 0 [0.999927424, 7.257599999999998e-05] 
nWIn13 0 [0.999927424, 7.257599999999998e-05] 
nWIn17 0 [0.999927424, 7.257599999999998e-05] 
nWIn18 0 [0.999927424, 7.257599999999998e-05] 
nWIn19 0 [0.999927424, 7.257599999999998e-05] 
nWIn20 0 [0.999927424, 7.257599999999998e-05] 
nWIn24 1 [0.0023274239999999994, 0.997672576] 
nWIn25 0 [0.998031424, 0.0019685759999999992] 
nWIn26 0 [0.999786304, 0.00021369599999999998] 
nWIn27 0 [0.999927424, 7.257599999999998e-05] 
nWIn29 0 [0.999927424, 7.257599999999998e-05] 
nWIn30 0 [0.999927424, 7.257599999999998e-05] 
nWIn31 0 [0.999927424, 7.257599999999998e-05] 
nWIn32 0 [0.999927424, 7.257599999999998e-05] 
nWIn33 0 [0.999927424, 7.257599999999998e-05] 
nWIn34 0 [0.999927424, 7.257599999999998e-05] 
nWIn35 0 [0.999927424, 7.257599999999998e-05] 
nWIn36 0 [0.999927424, 7.257599999999998e-05] 
nWIn38 0 [0.999927424, 7.257599999999998e-05] 
nWIn39 0 [0.999927424, 7.257599999999998e-05] 
nWIn40 0 [0.999927424, 7.257599999999998e-05] 
nWIn41 0 [0.999927424, 7.257599999999998e-05] 
nWIn43 0 [0.999927424, 7.257599999999998e-05] 
nWIn44 1 [0.0002903039999999999, 0.999709696] 
nWIn45 0 [0.999231424, 0.0007685759999999997] 
nWIn46 1 [0.00043142399999999997, 0.999568576] 
nWIn47 0 [0.999927424, 7.257599999999998e-05] 
nWIn48 1 [0.00043142399999999997, 0.999568576] 
nWIn49 0 [0.999927424, 7.257599999999998e-05] 
nWIn50 0 [0.999927424, 7.257599999999998e-05] 
nWIn51 1 [0.005786303999999998, 0.994213696] 
nWIn52 1 [0.0009863039999999997, 0.999013696] 
nWIn53 0 [0.996327424, 0.003672575999999999] 
nWIn54 0 [0.999927424, 7.257599999999998e-05] 
nWIn55 0 [0.999090304, 0.0009096959999999999] 
nWIn56 0 [0.999927424, 7.257599999999998e-05] 
nWIn57 0 [0.998031424, 0.0019685759999999992] 
nWIn58 0 [0.999927424, 7.257599999999998e-05] 
nWIn59 0 [0.999927424, 7.257599999999998e-05] 
nWIn60 0 [0.999927424, 7.257599999999998e-05] 
nWIn61 0 [0.999927424, 7.257599999999998e-05] 
nWIn62 0 [0.999927424, 7.257599999999998e-05] 
nWIn63 0 [0.999927424, 7.257599999999998e-05] 
nWIn64 1 [0.0011274239999999997, 0.998872576] 
nWIn65 0 [0.999927424, 7.257599999999998e-05] 
nWIn66 0 [0.999927424, 7.257599999999998e-05] 
nWIn67 0 [0.999927424, 7.257599999999998e-05] 
nWIn68 0 [0.999927424, 7.257599999999998e-05] 
nWIn69 0 [0.999786304, 0.00021369599999999998] 
nWIn71 0 [0.999927424, 7.257599999999998e-05] 
nWIn72 0 [0.999927424, 7.257599999999998e-05] 
nWIn73 0 [0.999927424, 7.257599999999998e-05] 
nWIn80 0 [0.999927424, 7.257599999999998e-05] 
nWIn81 0 [0.999927424, 7.257599999999998e-05] 
nWIn82 0 [0.999927424, 7.257599999999998e-05] 
nWIn83 0 [0.999927424, 7.257599999999998e-05] 
nWIn84 0 [0.999927424, 7.257599999999998e-05] 
nWIn85 0 [0.982186304, 0.01781369599999999] 

Elite 4 OF_MAX_VPL 2762067642.04
nWWcat 0 [0.999927424, 7.257599999999998e-05] 
nWPr05 0 [0.999927424, 7.257599999999998e-05] 
nWPr11 0 [0.999786304, 0.00021369599999999998] 
nWPr12 0 [0.999927424, 7.257599999999998e-05] 
nWPr13 0 [0.999927424, 7.257599999999998e-05] 
nWPr18 0 [0.999090304, 0.0009096959999999999] 
nWPr19 1 [0.0011274239999999997, 0.998872576] 
nWPr20 0 [0.999927424, 7.257599999999998e-05] 
nWPr24 0 [0.999927424, 7.257599999999998e-05] 
nWPr25 0 [0.998727424, 0.0012725759999999997] 
nWPr26 0 [0.999927424, 7.257599999999998e-05] 
nWPr27 0 [0.999927424, 7.257599999999998e-05] 
nWPr29 0 [0.999927424, 7.257599999999998e-05] 
nWPr30 0 [0.999927424, 7.257599999999998e-05] 
nWPr31 0 [0.999786304, 0.00021369599999999998] 
nWPr32 0 [0.999927424, 7.257599999999998e-05] 
nWPr33 0 [0.998727424, 0.0012725759999999997] 
nWPr34 1 [0.00043142399999999997, 0.999568576] 
nWPr35 0 [0.999927424, 7.257599999999998e-05] 
nWPr36 0 [0.999927424, 7.257599999999998e-05] 
nWPr37 1 [0.0023274239999999994, 0.997672576] 
nWPr38 0 [0.999786304, 0.00021369599999999998] 
nWPr39 0 [0.999927424, 7.257599999999998e-05] 
nWPr40 0 [0.995631424, 0.004368575999999999] 
nWPr41 0 [0.999927424, 7.257599999999998e-05] 
nWPr42 0 [0.999927424, 7.257599999999998e-05] 
nWPr43 0 [0.999927424, 7.257599999999998e-05] 
nWPr44 0 [0.999927424, 7.257599999999998e-05] 
nWPr45 0 [0.999231424, 0.0007685759999999997] 
nWPr46 0 [0.999927424, 7.257599999999998e-05] 
nWPr47 1 [0.00043142399999999997, 0.999568576] 
nWPr48 0 [0.999927424, 7.257599999999998e-05] 
nWPr49 0 [0.985927424, 0.014072575999999991] 
nWPr50 0 [0.999927424, 7.257599999999998e-05] 
nWPr51 0 [0.999927424, 7.257599999999998e-05] 
nWPr52 0 [0.999927424, 7.257599999999998e-05] 
nWPr53 0 [0.999927424, 7.257599999999998e-05] 
nWPr54 0 [0.999927424, 7.257599999999998e-05] 
nWPr55 0 [0.999927424, 7.257599999999998e-05] 
nWPr56 0 [0.999927424, 7.257599999999998e-05] 
nWPr57 0 [0.999927424, 7.257599999999998e-05] 
nWPr58 0 [0.999927424, 7.257599999999998e-05] 
nWPr59 0 [0.999231424, 0.0007685759999999997] 
nWPr60 0 [0.999927424, 7.257599999999998e-05] 
nWPr61 0 [0.999927424, 7.257599999999998e-05] 
nWPr62 0 [0.999927424, 7.257599999999998e-05] 
nWPr63 0 [0.999927424, 7.257599999999998e-05] 
nWPr64 0 [0.999786304, 0.00021369599999999998] 
nWPr65 0 [0.999786304, 0.00021369599999999998] 
nWPr66 0 [0.999927424, 7.257599999999998e-05] 
nWPr67 0 [0.999927424, 7.257599999999998e-05] 
nWPr68 1 [0.0002903039999999999, 0.999709696] 
nWPr69 1 [0.00043142399999999997, 0.999568576] 
nWPr70 1 [0.00043142399999999997, 0.999568576] 
nWPr72 0 [0.999927424, 7.257599999999998e-05] 
nWPr73 0 [0.999927424, 7.257599999999998e-05] 
nWPr74 1 [0.00043142399999999997, 0.999568576] 
nWPr75 0 [0.999786304, 0.00021369599999999998] 
nWPr76 0 [0.999927424, 7.257599999999998e-05] 
nWPr79 0 [0.999927424, 7.257599999999998e-05] 
nWPr80 0 [0.999927424, 7.257599999999998e-05] 
nWPr81 0 [0.999927424, 7.257599999999998e-05] 
nWPr82 1 [0.0002903039999999999, 0.999709696] 
nWPr83 0 [0.999927424, 7.257599999999998e-05] 
nWPr84 1 [0.0002903039999999999, 0.999709696] 
nWIn04 0 [0.999231424, 0.0007685759999999997] 
nWIn05 0 [0.999927424, 7.257599999999998e-05] 
nWIn10 1 [0.0011274239999999997, 0.998872576] 
nWIn11 0 [0.999927424, 7.257599999999998e-05] 
nWIn12 0 [0.999927424, 7.257599999999998e-05] 
nWIn13 0 [0.999927424, 7.257599999999998e-05] 
nWIn17 0 [0.999927424, 7.257599999999998e-05] 
nWIn18 0 [0.999927424, 7.257599999999998e-05] 
nWIn19 0 [0.999927424, 7.257599999999998e-05] 
nWIn20 0 [0.999927424, 7.257599999999998e-05] 
nWIn24 1 [0.0023274239999999994, 0.997672576] 
nWIn25 0 [0.998031424, 0.0019685759999999992] 
nWIn26 0 [0.999786304, 0.00021369599999999998] 
nWIn27 0 [0.999927424, 7.257599999999998e-05] 
nWIn29 0 [0.999927424, 7.257599999999998e-05] 
nWIn30 0 [0.999927424, 7.257599999999998e-05] 
nWIn31 0 [0.999927424, 7.257599999999998e-05] 
nWIn32 0 [0.999927424, 7.257599999999998e-05] 
nWIn33 0 [0.999927424, 7.257599999999998e-05] 
nWIn34 0 [0.999927424, 7.257599999999998e-05] 
nWIn35 0 [0.999927424, 7.257599999999998e-05] 
nWIn36 0 [0.999927424, 7.257599999999998e-05] 
nWIn38 0 [0.999927424, 7.257599999999998e-05] 
nWIn39 0 [0.999927424, 7.257599999999998e-05] 
nWIn40 0 [0.999927424, 7.257599999999998e-05] 
nWIn41 0 [0.999927424, 7.257599999999998e-05] 
nWIn43 0 [0.999927424, 7.257599999999998e-05] 
nWIn44 1 [0.0002903039999999999, 0.999709696] 
nWIn45 0 [0.999231424, 0.0007685759999999997] 
nWIn46 1 [0.00043142399999999997, 0.999568576] 
nWIn47 0 [0.999927424, 7.257599999999998e-05] 
nWIn48 1 [0.00043142399999999997, 0.999568576] 
nWIn49 0 [0.999927424, 7.257599999999998e-05] 
nWIn50 0 [0.999927424, 7.257599999999998e-05] 
nWIn51 1 [0.005786303999999998, 0.994213696] 
nWIn52 1 [0.0009863039999999997, 0.999013696] 
nWIn53 0 [0.996327424, 0.003672575999999999] 
nWIn54 0 [0.999927424, 7.257599999999998e-05] 
nWIn55 0 [0.999090304, 0.0009096959999999999] 
nWIn56 0 [0.999927424, 7.257599999999998e-05] 
nWIn57 0 [0.998031424, 0.0019685759999999992] 
nWIn58 0 [0.999927424, 7.257599999999998e-05] 
nWIn59 0 [0.999927424, 7.257599999999998e-05] 
nWIn60 0 [0.999927424, 7.257599999999998e-05] 
nWIn61 0 [0.999927424, 7.257599999999998e-05] 
nWIn62 0 [0.999927424, 7.257599999999998e-05] 
nWIn63 0 [0.999927424, 7.257599999999998e-05] 
nWIn64 1 [0.0011274239999999997, 0.998872576] 
nWIn65 0 [0.999927424, 7.257599999999998e-05] 
nWIn66 0 [0.999927424, 7.257599999999998e-05] 
nWIn67 0 [0.999927424, 7.257599999999998e-05] 
nWIn68 0 [0.999927424, 7.257599999999998e-05] 
nWIn69 0 [0.999786304, 0.00021369599999999998] 
nWIn71 0 [0.999927424, 7.257599999999998e-05] 
nWIn72 0 [0.999927424, 7.257599999999998e-05] 
nWIn73 0 [0.999927424, 7.257599999999998e-05] 
nWIn80 0 [0.999927424, 7.257599999999998e-05] 
nWIn81 0 [0.999927424, 7.257599999999998e-05] 
nWIn82 0 [0.999927424, 7.257599999999998e-05] 
nWIn83 0 [0.999927424, 7.257599999999998e-05] 
nWIn84 0 [0.999927424, 7.257599999999998e-05] 
nWIn85 0 [0.982186304, 0.01781369599999999] 

Elite 5 OF_MAX_VPL 2762067642.04
nWWcat 0 [0.999927424, 7.257599999999998e-05] 
nWPr05 0 [0.999927424, 7.257599999999998e-05] 
nWPr11 0 [0.999786304, 0.00021369599999999998] 
nWPr12 0 [0.999927424, 7.257599999999998e-05] 
nWPr13 0 [0.999927424, 7.257599999999998e-05] 
nWPr18 0 [0.999090304, 0.0009096959999999999] 
nWPr19 1 [0.0011274239999999997, 0.998872576] 
nWPr20 0 [0.999927424, 7.257599999999998e-05] 
nWPr24 0 [0.999927424, 7.257599999999998e-05] 
nWPr25 0 [0.998727424, 0.0012725759999999997] 
nWPr26 0 [0.999927424, 7.257599999999998e-05] 
nWPr27 0 [0.999927424, 7.257599999999998e-05] 
nWPr29 0 [0.999927424, 7.257599999999998e-05] 
nWPr30 0 [0.999927424, 7.257599999999998e-05] 
nWPr31 0 [0.999786304, 0.00021369599999999998] 
nWPr32 0 [0.999927424, 7.257599999999998e-05] 
nWPr33 0 [0.998727424, 0.0012725759999999997] 
nWPr34 1 [0.00043142399999999997, 0.999568576] 
nWPr35 0 [0.999927424, 7.257599999999998e-05] 
nWPr36 0 [0.999927424, 7.257599999999998e-05] 
nWPr37 1 [0.0023274239999999994, 0.997672576] 
nWPr38 0 [0.999786304, 0.00021369599999999998] 
nWPr39 0 [0.999927424, 7.257599999999998e-05] 
nWPr40 0 [0.995631424, 0.004368575999999999] 
nWPr41 0 [0.999927424, 7.257599999999998e-05] 
nWPr42 0 [0.999927424, 7.257599999999998e-05] 
nWPr43 0 [0.999927424, 7.257599999999998e-05] 
nWPr44 0 [0.999927424, 7.257599999999998e-05] 
nWPr45 0 [0.999231424, 0.0007685759999999997] 
nWPr46 0 [0.999927424, 7.257599999999998e-05] 
nWPr47 1 [0.00043142399999999997, 0.999568576] 
nWPr48 0 [0.999927424, 7.257599999999998e-05] 
nWPr49 0 [0.985927424, 0.014072575999999991] 
nWPr50 0 [0.999927424, 7.257599999999998e-05] 
nWPr51 0 [0.999927424, 7.257599999999998e-05] 
nWPr52 0 [0.999927424, 7.257599999999998e-05] 
nWPr53 0 [0.999927424, 7.257599999999998e-05] 
nWPr54 0 [0.999927424, 7.257599999999998e-05] 
nWPr55 0 [0.999927424, 7.257599999999998e-05] 
nWPr56 0 [0.999927424, 7.257599999999998e-05] 
nWPr57 0 [0.999927424, 7.257599999999998e-05] 
nWPr58 0 [0.999927424, 7.257599999999998e-05] 
nWPr59 0 [0.999231424, 0.0007685759999999997] 
nWPr60 0 [0.999927424, 7.257599999999998e-05] 
nWPr61 0 [0.999927424, 7.257599999999998e-05] 
nWPr62 0 [0.999927424, 7.257599999999998e-05] 
nWPr63 0 [0.999927424, 7.257599999999998e-05] 
nWPr64 0 [0.999786304, 0.00021369599999999998] 
nWPr65 0 [0.999786304, 0.00021369599999999998] 
nWPr66 0 [0.999927424, 7.257599999999998e-05] 
nWPr67 0 [0.999927424, 7.257599999999998e-05] 
nWPr68 1 [0.0002903039999999999, 0.999709696] 
nWPr69 1 [0.00043142399999999997, 0.999568576] 
nWPr70 1 [0.00043142399999999997, 0.999568576] 
nWPr72 0 [0.999927424, 7.257599999999998e-05] 
nWPr73 0 [0.999927424, 7.257599999999998e-05] 
nWPr74 1 [0.00043142399999999997, 0.999568576] 
nWPr75 0 [0.999786304, 0.00021369599999999998] 
nWPr76 0 [0.999927424, 7.257599999999998e-05] 
nWPr79 0 [0.999927424, 7.257599999999998e-05] 
nWPr80 0 [0.999927424, 7.257599999999998e-05] 
nWPr81 0 [0.999927424, 7.257599999999998e-05] 
nWPr82 1 [0.0002903039999999999, 0.999709696] 
nWPr83 0 [0.999927424, 7.257599999999998e-05] 
nWPr84 1 [0.0002903039999999999, 0.999709696] 
nWIn04 0 [0.999231424, 0.0007685759999999997] 
nWIn05 0 [0.999927424, 7.257599999999998e-05] 
nWIn10 1 [0.0011274239999999997, 0.998872576] 
nWIn11 0 [0.999927424, 7.257599999999998e-05] 
nWIn12 0 [0.999927424, 7.257599999999998e-05] 
nWIn13 0 [0.999927424, 7.257599999999998e-05] 
nWIn17 0 [0.999927424, 7.257599999999998e-05] 
nWIn18 0 [0.999927424, 7.257599999999998e-05] 
nWIn19 0 [0.999927424, 7.257599999999998e-05] 
nWIn20 0 [0.999927424, 7.257599999999998e-05] 
nWIn24 1 [0.0023274239999999994, 0.997672576] 
nWIn25 0 [0.998031424, 0.0019685759999999992] 
nWIn26 0 [0.999786304, 0.00021369599999999998] 
nWIn27 0 [0.999927424, 7.257599999999998e-05] 
nWIn29 0 [0.999927424, 7.257599999999998e-05] 
nWIn30 0 [0.999927424, 7.257599999999998e-05] 
nWIn31 0 [0.999927424, 7.257599999999998e-05] 
nWIn32 0 [0.999927424, 7.257599999999998e-05] 
nWIn33 0 [0.999927424, 7.257599999999998e-05] 
nWIn34 0 [0.999927424, 7.257599999999998e-05] 
nWIn35 0 [0.999927424, 7.257599999999998e-05] 
nWIn36 0 [0.999927424, 7.257599999999998e-05] 
nWIn38 0 [0.999927424, 7.257599999999998e-05] 
nWIn39 0 [0.999927424, 7.257599999999998e-05] 
nWIn40 0 [0.999927424, 7.257599999999998e-05] 
nWIn41 0 [0.999927424, 7.257599999999998e-05] 
nWIn43 0 [0.999927424, 7.257599999999998e-05] 
nWIn44 1 [0.0002903039999999999, 0.999709696] 
nWIn45 0 [0.999231424, 0.0007685759999999997] 
nWIn46 1 [0.00043142399999999997, 0.999568576] 
nWIn47 0 [0.999927424, 7.257599999999998e-05] 
nWIn48 1 [0.00043142399999999997, 0.999568576] 
nWIn49 0 [0.999927424, 7.257599999999998e-05] 
nWIn50 0 [0.999927424, 7.257599999999998e-05] 
nWIn51 1 [0.005786303999999998, 0.994213696] 
nWIn52 1 [0.0009863039999999997, 0.999013696] 
nWIn53 0 [0.996327424, 0.003672575999999999] 
nWIn54 0 [0.999927424, 7.257599999999998e-05] 
nWIn55 0 [0.999090304, 0.0009096959999999999] 
nWIn56 0 [0.999927424, 7.257599999999998e-05] 
nWIn57 0 [0.998031424, 0.0019685759999999992] 
nWIn58 0 [0.999927424, 7.257599999999998e-05] 
nWIn59 0 [0.999927424, 7.257599999999998e-05] 
nWIn60 0 [0.999927424, 7.257599999999998e-05] 
nWIn61 0 [0.999927424, 7.257599999999998e-05] 
nWIn62 0 [0.999927424, 7.257599999999998e-05] 
nWIn63 0 [0.999927424, 7.257599999999998e-05] 
nWIn64 1 [0.0011274239999999997, 0.998872576] 
nWIn65 0 [0.999927424, 7.257599999999998e-05] 
nWIn66 0 [0.999927424, 7.257599999999998e-05] 
nWIn67 0 [0.999927424, 7.257599999999998e-05] 
nWIn68 0 [0.999927424, 7.257599999999998e-05] 
nWIn69 0 [0.999786304, 0.00021369599999999998] 
nWIn71 0 [0.999927424, 7.257599999999998e-05] 
nWIn72 0 [0.999927424, 7.257599999999998e-05] 
nWIn73 0 [0.999927424, 7.257599999999998e-05] 
nWIn80 0 [0.999927424, 7.257599999999998e-05] 
nWIn81 0 [0.999927424, 7.257599999999998e-05] 
nWIn82 0 [0.999927424, 7.257599999999998e-05] 
nWIn83 0 [0.999927424, 7.257599999999998e-05] 
nWIn84 0 [0.999927424, 7.257599999999998e-05] 
nWIn85 0 [0.982186304, 0.01781369599999999] 

