Elite 1 OF_MAX_VPL 2796322272.18
nWWcat 0 [0.999927424, 7.257599999999998e-05] 
nWPr05 0 [0.999927424, 7.257599999999998e-05] 
nWPr11 0 [0.999927424, 7.257599999999998e-05] 
nWPr12 0 [0.999927424, 7.257599999999998e-05] 
nWPr13 0 [0.999927424, 7.257599999999998e-05] 
nWPr18 0 [0.999927424, 7.257599999999998e-05] 
nWPr19 0 [0.995490304, 0.004509695999999999] 
nWPr20 0 [0.997890304, 0.002109696] 
nWPr24 0 [0.999927424, 7.257599999999998e-05] 
nWPr25 0 [0.999927424, 7.257599999999998e-05] 
nWPr26 0 [0.999927424, 7.257599999999998e-05] 
nWPr27 0 [0.999927424, 7.257599999999998e-05] 
nWPr29 1 [0.0002903039999999999, 0.999709696] 
nWPr30 0 [0.999090304, 0.0009096959999999999] 
nWPr31 1 [0.0002903039999999999, 0.999709696] 
nWPr32 0 [0.999927424, 7.257599999999998e-05] 
nWPr33 0 [0.999927424, 7.257599999999998e-05] 
nWPr34 0 [0.999927424, 7.257599999999998e-05] 
nWPr35 0 [0.999927424, 7.257599999999998e-05] 
nWPr36 0 [0.999927424, 7.257599999999998e-05] 
nWPr37 0 [0.999927424, 7.257599999999998e-05] 
nWPr38 0 [0.999927424, 7.257599999999998e-05] 
nWPr39 1 [0.0002903039999999999, 0.999709696] 
nWPr40 0 [0.999927424, 7.257599999999998e-05] 
nWPr41 0 [0.999927424, 7.257599999999998e-05] 
nWPr42 0 [0.999927424, 7.257599999999998e-05] 
nWPr43 0 [0.999927424, 7.257599999999998e-05] 
nWPr44 0 [0.999927424, 7.257599999999998e-05] 
nWPr45 0 [0.999090304, 0.0009096959999999999] 
nWPr46 0 [0.999927424, 7.257599999999998e-05] 
nWPr47 0 [0.999927424, 7.257599999999998e-05] 
nWPr48 1 [0.0002903039999999999, 0.999709696] 
nWPr49 1 [0.0011274239999999997, 0.998872576] 
nWPr50 0 [0.999927424, 7.257599999999998e-05] 
nWPr51 0 [0.999090304, 0.0009096959999999999] 
nWPr52 0 [0.999927424, 7.257599999999998e-05] 
nWPr53 0 [0.999927424, 7.257599999999998e-05] 
nWPr54 0 [0.999927424, 7.257599999999998e-05] 
nWPr55 1 [0.0002903039999999999, 0.999709696] 
nWPr56 0 [0.999927424, 7.257599999999998e-05] 
nWPr57 0 [0.999927424, 7.257599999999998e-05] 
nWPr58 0 [0.999927424, 7.257599999999998e-05] 
nWPr59 0 [0.999927424, 7.257599999999998e-05] 
nWPr60 0 [0.9014903040000001, 0.09850969599999998] 
nWPr61 0 [0.999927424, 7.257599999999998e-05] 
nWPr62 0 [0.999927424, 7.257599999999998e-05] 
nWPr63 0 [0.998727424, 0.0012725759999999997] 
nWPr64 0 [0.999927424, 7.257599999999998e-05] 
nWPr65 0 [0.999927424, 7.257599999999998e-05] 
nWPr66 0 [0.995490304, 0.004509695999999999] 
nWPr67 0 [0.999927424, 7.257599999999998e-05] 
nWPr68 1 [0.0002903039999999999, 0.999709696] 
nWPr69 0 [0.999927424, 7.257599999999998e-05] 
nWPr70 0 [0.999927424, 7.257599999999998e-05] 
nWPr72 0 [0.999927424, 7.257599999999998e-05] 
nWPr73 0 [0.999927424, 7.257599999999998e-05] 
nWPr74 0 [0.999927424, 7.257599999999998e-05] 
nWPr75 1 [0.0002903039999999999, 0.999709696] 
nWPr76 1 [0.019927423999999992, 0.980072576] 
nWPr79 0 [0.999927424, 7.257599999999998e-05] 
nWPr80 0 [0.999927424, 7.257599999999998e-05] 
nWPr81 0 [0.999927424, 7.257599999999998e-05] 
nWPr82 0 [0.999927424, 7.257599999999998e-05] 
nWPr83 1 [0.0002903039999999999, 0.999709696] 
nWPr84 0 [0.999927424, 7.257599999999998e-05] 
nWIn04 0 [0.999090304, 0.0009096959999999999] 
nWIn05 0 [0.999927424, 7.257599999999998e-05] 
nWIn10 0 [0.999927424, 7.257599999999998e-05] 
nWIn11 1 [0.0023274239999999994, 0.997672576] 
nWIn12 0 [0.999927424, 7.257599999999998e-05] 
nWIn13 0 [0.999927424, 7.257599999999998e-05] 
nWIn17 0 [0.999927424, 7.257599999999998e-05] 
nWIn18 0 [0.999927424, 7.257599999999998e-05] 
nWIn19 1 [0.0002903039999999999, 0.999709696] 
nWIn20 0 [0.998727424, 0.0012725759999999997] 
nWIn24 0 [0.999927424, 7.257599999999998e-05] 
nWIn25 0 [0.999927424, 7.257599999999998e-05] 
nWIn26 0 [0.980290304, 0.019709695999999992] 
nWIn27 0 [0.999927424, 7.257599999999998e-05] 
nWIn29 0 [0.999927424, 7.257599999999998e-05] 
nWIn30 0 [0.999927424, 7.257599999999998e-05] 
nWIn31 0 [0.999927424, 7.257599999999998e-05] 
nWIn32 0 [0.999927424, 7.257599999999998e-05] 
nWIn33 0 [0.999927424, 7.257599999999998e-05] 
nWIn34 0 [0.999927424, 7.257599999999998e-05] 
nWIn35 0 [0.999927424, 7.257599999999998e-05] 
nWIn36 0 [0.999927424, 7.257599999999998e-05] 
nWIn38 0 [0.999927424, 7.257599999999998e-05] 
nWIn39 0 [0.999927424, 7.257599999999998e-05] 
nWIn40 0 [0.999927424, 7.257599999999998e-05] 
nWIn41 0 [0.999927424, 7.257599999999998e-05] 
nWIn43 0 [0.999927424, 7.257599999999998e-05] 
nWIn44 0 [0.999927424, 7.257599999999998e-05] 
nWIn45 1 [0.0011274239999999997, 0.998872576] 
nWIn46 0 [0.999927424, 7.257599999999998e-05] 
nWIn47 0 [0.999927424, 7.257599999999998e-05] 
nWIn48 0 [0.999927424, 7.257599999999998e-05] 
nWIn49 0 [0.999927424, 7.257599999999998e-05] 
nWIn50 1 [0.0002903039999999999, 0.999709696] 
nWIn51 1 [0.0002903039999999999, 0.999709696] 
nWIn52 0 [0.999927424, 7.257599999999998e-05] 
nWIn53 0 [0.999927424, 7.257599999999998e-05] 
nWIn54 0 [0.999927424, 7.257599999999998e-05] 
nWIn55 0 [0.999927424, 7.257599999999998e-05] 
nWIn56 0 [0.999927424, 7.257599999999998e-05] 
nWIn57 0 [0.999927424, 7.257599999999998e-05] 
nWIn58 0 [0.999927424, 7.257599999999998e-05] 
nWIn59 0 [0.999927424, 7.257599999999998e-05] 
nWIn60 0 [0.999927424, 7.257599999999998e-05] 
nWIn61 0 [0.999927424, 7.257599999999998e-05] 
nWIn62 0 [0.999927424, 7.257599999999998e-05] 
nWIn63 1 [0.0002903039999999999, 0.999709696] 
nWIn64 1 [0.0002903039999999999, 0.999709696] 
nWIn65 0 [0.999927424, 7.257599999999998e-05] 
nWIn66 0 [0.999927424, 7.257599999999998e-05] 
nWIn67 0 [0.999927424, 7.257599999999998e-05] 
nWIn68 0 [0.999927424, 7.257599999999998e-05] 
nWIn69 0 [0.999927424, 7.257599999999998e-05] 
nWIn71 0 [0.997890304, 0.002109696] 
nWIn72 0 [0.919927424, 0.08007257599999999] 
nWIn73 0 [0.999927424, 7.257599999999998e-05] 
nWIn80 0 [0.999927424, 7.257599999999998e-05] 
nWIn81 0 [0.999927424, 7.257599999999998e-05] 
nWIn82 0 [0.999927424, 7.257599999999998e-05] 
nWIn83 0 [0.999927424, 7.257599999999998e-05] 
nWIn84 0 [0.999927424, 7.257599999999998e-05] 
nWIn85 0 [0.999927424, 7.257599999999998e-05] 

Elite 2 OF_MAX_VPL 2796322272.18
nWWcat 0 [0.999927424, 7.257599999999998e-05] 
nWPr05 0 [0.999927424, 7.257599999999998e-05] 
nWPr11 0 [0.999927424, 7.257599999999998e-05] 
nWPr12 0 [0.999927424, 7.257599999999998e-05] 
nWPr13 0 [0.999927424, 7.257599999999998e-05] 
nWPr18 0 [0.999927424, 7.257599999999998e-05] 
nWPr19 0 [0.995490304, 0.004509695999999999] 
nWPr20 0 [0.997890304, 0.002109696] 
nWPr24 0 [0.999927424, 7.257599999999998e-05] 
nWPr25 0 [0.999927424, 7.257599999999998e-05] 
nWPr26 0 [0.999927424, 7.257599999999998e-05] 
nWPr27 0 [0.999927424, 7.257599999999998e-05] 
nWPr29 1 [0.0002903039999999999, 0.999709696] 
nWPr30 0 [0.999090304, 0.0009096959999999999] 
nWPr31 1 [0.0002903039999999999, 0.999709696] 
nWPr32 0 [0.999927424, 7.257599999999998e-05] 
nWPr33 0 [0.999927424, 7.257599999999998e-05] 
nWPr34 0 [0.999927424, 7.257599999999998e-05] 
nWPr35 0 [0.999927424, 7.257599999999998e-05] 
nWPr36 0 [0.999927424, 7.257599999999998e-05] 
nWPr37 0 [0.999927424, 7.257599999999998e-05] 
nWPr38 0 [0.999927424, 7.257599999999998e-05] 
nWPr39 1 [0.0002903039999999999, 0.999709696] 
nWPr40 0 [0.999927424, 7.257599999999998e-05] 
nWPr41 0 [0.999927424, 7.257599999999998e-05] 
nWPr42 0 [0.999927424, 7.257599999999998e-05] 
nWPr43 0 [0.999927424, 7.257599999999998e-05] 
nWPr44 0 [0.999927424, 7.257599999999998e-05] 
nWPr45 0 [0.999090304, 0.0009096959999999999] 
nWPr46 0 [0.999927424, 7.257599999999998e-05] 
nWPr47 0 [0.999927424, 7.257599999999998e-05] 
nWPr48 1 [0.0002903039999999999, 0.999709696] 
nWPr49 1 [0.0011274239999999997, 0.998872576] 
nWPr50 0 [0.999927424, 7.257599999999998e-05] 
nWPr51 0 [0.999090304, 0.0009096959999999999] 
nWPr52 0 [0.999927424, 7.257599999999998e-05] 
nWPr53 0 [0.999927424, 7.257599999999998e-05] 
nWPr54 0 [0.999927424, 7.257599999999998e-05] 
nWPr55 1 [0.0002903039999999999, 0.999709696] 
nWPr56 0 [0.999927424, 7.257599999999998e-05] 
nWPr57 0 [0.999927424, 7.257599999999998e-05] 
nWPr58 0 [0.999927424, 7.257599999999998e-05] 
nWPr59 0 [0.999927424, 7.257599999999998e-05] 
nWPr60 0 [0.9014903040000001, 0.09850969599999998] 
nWPr61 0 [0.999927424, 7.257599999999998e-05] 
nWPr62 0 [0.999927424, 7.257599999999998e-05] 
nWPr63 0 [0.998727424, 0.0012725759999999997] 
nWPr64 0 [0.999927424, 7.257599999999998e-05] 
nWPr65 0 [0.999927424, 7.257599999999998e-05] 
nWPr66 0 [0.995490304, 0.004509695999999999] 
nWPr67 0 [0.999927424, 7.257599999999998e-05] 
nWPr68 1 [0.0002903039999999999, 0.999709696] 
nWPr69 0 [0.999927424, 7.257599999999998e-05] 
nWPr70 0 [0.999927424, 7.257599999999998e-05] 
nWPr72 0 [0.999927424, 7.257599999999998e-05] 
nWPr73 0 [0.999927424, 7.257599999999998e-05] 
nWPr74 0 [0.999927424, 7.257599999999998e-05] 
nWPr75 1 [0.0002903039999999999, 0.999709696] 
nWPr76 1 [0.019927423999999992, 0.980072576] 
nWPr79 0 [0.999927424, 7.257599999999998e-05] 
nWPr80 0 [0.999927424, 7.257599999999998e-05] 
nWPr81 0 [0.999927424, 7.257599999999998e-05] 
nWPr82 0 [0.999927424, 7.257599999999998e-05] 
nWPr83 1 [0.0002903039999999999, 0.999709696] 
nWPr84 0 [0.999927424, 7.257599999999998e-05] 
nWIn04 0 [0.999090304, 0.0009096959999999999] 
nWIn05 0 [0.999927424, 7.257599999999998e-05] 
nWIn10 0 [0.999927424, 7.257599999999998e-05] 
nWIn11 1 [0.0023274239999999994, 0.997672576] 
nWIn12 0 [0.999927424, 7.257599999999998e-05] 
nWIn13 0 [0.999927424, 7.257599999999998e-05] 
nWIn17 0 [0.999927424, 7.257599999999998e-05] 
nWIn18 0 [0.999927424, 7.257599999999998e-05] 
nWIn19 1 [0.0002903039999999999, 0.999709696] 
nWIn20 0 [0.998727424, 0.0012725759999999997] 
nWIn24 0 [0.999927424, 7.257599999999998e-05] 
nWIn25 0 [0.999927424, 7.257599999999998e-05] 
nWIn26 0 [0.980290304, 0.019709695999999992] 
nWIn27 0 [0.999927424, 7.257599999999998e-05] 
nWIn29 0 [0.999927424, 7.257599999999998e-05] 
nWIn30 0 [0.999927424, 7.257599999999998e-05] 
nWIn31 0 [0.999927424, 7.257599999999998e-05] 
nWIn32 0 [0.999927424, 7.257599999999998e-05] 
nWIn33 0 [0.999927424, 7.257599999999998e-05] 
nWIn34 0 [0.999927424, 7.257599999999998e-05] 
nWIn35 0 [0.999927424, 7.257599999999998e-05] 
nWIn36 0 [0.999927424, 7.257599999999998e-05] 
nWIn38 0 [0.999927424, 7.257599999999998e-05] 
nWIn39 0 [0.999927424, 7.257599999999998e-05] 
nWIn40 0 [0.999927424, 7.257599999999998e-05] 
nWIn41 0 [0.999927424, 7.257599999999998e-05] 
nWIn43 0 [0.999927424, 7.257599999999998e-05] 
nWIn44 0 [0.999927424, 7.257599999999998e-05] 
nWIn45 1 [0.0011274239999999997, 0.998872576] 
nWIn46 0 [0.999927424, 7.257599999999998e-05] 
nWIn47 0 [0.999927424, 7.257599999999998e-05] 
nWIn48 0 [0.999927424, 7.257599999999998e-05] 
nWIn49 0 [0.999927424, 7.257599999999998e-05] 
nWIn50 1 [0.0002903039999999999, 0.999709696] 
nWIn51 1 [0.0002903039999999999, 0.999709696] 
nWIn52 0 [0.999927424, 7.257599999999998e-05] 
nWIn53 0 [0.999927424, 7.257599999999998e-05] 
nWIn54 0 [0.999927424, 7.257599999999998e-05] 
nWIn55 0 [0.999927424, 7.257599999999998e-05] 
nWIn56 0 [0.999927424, 7.257599999999998e-05] 
nWIn57 0 [0.999927424, 7.257599999999998e-05] 
nWIn58 0 [0.999927424, 7.257599999999998e-05] 
nWIn59 0 [0.999927424, 7.257599999999998e-05] 
nWIn60 0 [0.999927424, 7.257599999999998e-05] 
nWIn61 0 [0.999927424, 7.257599999999998e-05] 
nWIn62 0 [0.999927424, 7.257599999999998e-05] 
nWIn63 1 [0.0002903039999999999, 0.999709696] 
nWIn64 1 [0.0002903039999999999, 0.999709696] 
nWIn65 0 [0.999927424, 7.257599999999998e-05] 
nWIn66 0 [0.999927424, 7.257599999999998e-05] 
nWIn67 0 [0.999927424, 7.257599999999998e-05] 
nWIn68 0 [0.999927424, 7.257599999999998e-05] 
nWIn69 0 [0.999927424, 7.257599999999998e-05] 
nWIn71 0 [0.997890304, 0.002109696] 
nWIn72 0 [0.919927424, 0.08007257599999999] 
nWIn73 0 [0.999927424, 7.257599999999998e-05] 
nWIn80 0 [0.999927424, 7.257599999999998e-05] 
nWIn81 0 [0.999927424, 7.257599999999998e-05] 
nWIn82 0 [0.999927424, 7.257599999999998e-05] 
nWIn83 0 [0.999927424, 7.257599999999998e-05] 
nWIn84 0 [0.999927424, 7.257599999999998e-05] 
nWIn85 0 [0.999927424, 7.257599999999998e-05] 

Elite 3 OF_MAX_VPL 2796322272.18
nWWcat 0 [0.999927424, 7.257599999999998e-05] 
nWPr05 0 [0.999927424, 7.257599999999998e-05] 
nWPr11 0 [0.999927424, 7.257599999999998e-05] 
nWPr12 0 [0.999927424, 7.257599999999998e-05] 
nWPr13 0 [0.999927424, 7.257599999999998e-05] 
nWPr18 0 [0.999927424, 7.257599999999998e-05] 
nWPr19 0 [0.995490304, 0.004509695999999999] 
nWPr20 0 [0.997890304, 0.002109696] 
nWPr24 0 [0.999927424, 7.257599999999998e-05] 
nWPr25 0 [0.999927424, 7.257599999999998e-05] 
nWPr26 0 [0.999927424, 7.257599999999998e-05] 
nWPr27 0 [0.999927424, 7.257599999999998e-05] 
nWPr29 1 [0.0002903039999999999, 0.999709696] 
nWPr30 0 [0.999090304, 0.0009096959999999999] 
nWPr31 1 [0.0002903039999999999, 0.999709696] 
nWPr32 0 [0.999927424, 7.257599999999998e-05] 
nWPr33 0 [0.999927424, 7.257599999999998e-05] 
nWPr34 0 [0.999927424, 7.257599999999998e-05] 
nWPr35 0 [0.999927424, 7.257599999999998e-05] 
nWPr36 0 [0.999927424, 7.257599999999998e-05] 
nWPr37 0 [0.999927424, 7.257599999999998e-05] 
nWPr38 0 [0.999927424, 7.257599999999998e-05] 
nWPr39 1 [0.0002903039999999999, 0.999709696] 
nWPr40 0 [0.999927424, 7.257599999999998e-05] 
nWPr41 0 [0.999927424, 7.257599999999998e-05] 
nWPr42 0 [0.999927424, 7.257599999999998e-05] 
nWPr43 0 [0.999927424, 7.257599999999998e-05] 
nWPr44 0 [0.999927424, 7.257599999999998e-05] 
nWPr45 0 [0.999090304, 0.0009096959999999999] 
nWPr46 0 [0.999927424, 7.257599999999998e-05] 
nWPr47 0 [0.999927424, 7.257599999999998e-05] 
nWPr48 1 [0.0002903039999999999, 0.999709696] 
nWPr49 1 [0.0011274239999999997, 0.998872576] 
nWPr50 0 [0.999927424, 7.257599999999998e-05] 
nWPr51 0 [0.999090304, 0.0009096959999999999] 
nWPr52 0 [0.999927424, 7.257599999999998e-05] 
nWPr53 0 [0.999927424, 7.257599999999998e-05] 
nWPr54 0 [0.999927424, 7.257599999999998e-05] 
nWPr55 1 [0.0002903039999999999, 0.999709696] 
nWPr56 0 [0.999927424, 7.257599999999998e-05] 
nWPr57 0 [0.999927424, 7.257599999999998e-05] 
nWPr58 0 [0.999927424, 7.257599999999998e-05] 
nWPr59 0 [0.999927424, 7.257599999999998e-05] 
nWPr60 0 [0.9014903040000001, 0.09850969599999998] 
nWPr61 0 [0.999927424, 7.257599999999998e-05] 
nWPr62 0 [0.999927424, 7.257599999999998e-05] 
nWPr63 0 [0.998727424, 0.0012725759999999997] 
nWPr64 0 [0.999927424, 7.257599999999998e-05] 
nWPr65 0 [0.999927424, 7.257599999999998e-05] 
nWPr66 0 [0.995490304, 0.004509695999999999] 
nWPr67 0 [0.999927424, 7.257599999999998e-05] 
nWPr68 1 [0.0002903039999999999, 0.999709696] 
nWPr69 0 [0.999927424, 7.257599999999998e-05] 
nWPr70 0 [0.999927424, 7.257599999999998e-05] 
nWPr72 0 [0.999927424, 7.257599999999998e-05] 
nWPr73 0 [0.999927424, 7.257599999999998e-05] 
nWPr74 0 [0.999927424, 7.257599999999998e-05] 
nWPr75 1 [0.0002903039999999999, 0.999709696] 
nWPr76 1 [0.019927423999999992, 0.980072576] 
nWPr79 0 [0.999927424, 7.257599999999998e-05] 
nWPr80 0 [0.999927424, 7.257599999999998e-05] 
nWPr81 0 [0.999927424, 7.257599999999998e-05] 
nWPr82 0 [0.999927424, 7.257599999999998e-05] 
nWPr83 1 [0.0002903039999999999, 0.999709696] 
nWPr84 0 [0.999927424, 7.257599999999998e-05] 
nWIn04 0 [0.999090304, 0.0009096959999999999] 
nWIn05 0 [0.999927424, 7.257599999999998e-05] 
nWIn10 0 [0.999927424, 7.257599999999998e-05] 
nWIn11 1 [0.0023274239999999994, 0.997672576] 
nWIn12 0 [0.999927424, 7.257599999999998e-05] 
nWIn13 0 [0.999927424, 7.257599999999998e-05] 
nWIn17 0 [0.999927424, 7.257599999999998e-05] 
nWIn18 0 [0.999927424, 7.257599999999998e-05] 
nWIn19 1 [0.0002903039999999999, 0.999709696] 
nWIn20 0 [0.998727424, 0.0012725759999999997] 
nWIn24 0 [0.999927424, 7.257599999999998e-05] 
nWIn25 0 [0.999927424, 7.257599999999998e-05] 
nWIn26 0 [0.980290304, 0.019709695999999992] 
nWIn27 0 [0.999927424, 7.257599999999998e-05] 
nWIn29 0 [0.999927424, 7.257599999999998e-05] 
nWIn30 0 [0.999927424, 7.257599999999998e-05] 
nWIn31 0 [0.999927424, 7.257599999999998e-05] 
nWIn32 0 [0.999927424, 7.257599999999998e-05] 
nWIn33 0 [0.999927424, 7.257599999999998e-05] 
nWIn34 0 [0.999927424, 7.257599999999998e-05] 
nWIn35 0 [0.999927424, 7.257599999999998e-05] 
nWIn36 0 [0.999927424, 7.257599999999998e-05] 
nWIn38 0 [0.999927424, 7.257599999999998e-05] 
nWIn39 0 [0.999927424, 7.257599999999998e-05] 
nWIn40 0 [0.999927424, 7.257599999999998e-05] 
nWIn41 0 [0.999927424, 7.257599999999998e-05] 
nWIn43 0 [0.999927424, 7.257599999999998e-05] 
nWIn44 0 [0.999927424, 7.257599999999998e-05] 
nWIn45 1 [0.0011274239999999997, 0.998872576] 
nWIn46 0 [0.999927424, 7.257599999999998e-05] 
nWIn47 0 [0.999927424, 7.257599999999998e-05] 
nWIn48 0 [0.999927424, 7.257599999999998e-05] 
nWIn49 0 [0.999927424, 7.257599999999998e-05] 
nWIn50 1 [0.0002903039999999999, 0.999709696] 
nWIn51 1 [0.0002903039999999999, 0.999709696] 
nWIn52 0 [0.999927424, 7.257599999999998e-05] 
nWIn53 0 [0.999927424, 7.257599999999998e-05] 
nWIn54 0 [0.999927424, 7.257599999999998e-05] 
nWIn55 0 [0.999927424, 7.257599999999998e-05] 
nWIn56 0 [0.999927424, 7.257599999999998e-05] 
nWIn57 0 [0.999927424, 7.257599999999998e-05] 
nWIn58 0 [0.999927424, 7.257599999999998e-05] 
nWIn59 0 [0.999927424, 7.257599999999998e-05] 
nWIn60 0 [0.999927424, 7.257599999999998e-05] 
nWIn61 0 [0.999927424, 7.257599999999998e-05] 
nWIn62 0 [0.999927424, 7.257599999999998e-05] 
nWIn63 1 [0.0002903039999999999, 0.999709696] 
nWIn64 1 [0.0002903039999999999, 0.999709696] 
nWIn65 0 [0.999927424, 7.257599999999998e-05] 
nWIn66 0 [0.999927424, 7.257599999999998e-05] 
nWIn67 0 [0.999927424, 7.257599999999998e-05] 
nWIn68 0 [0.999927424, 7.257599999999998e-05] 
nWIn69 0 [0.999927424, 7.257599999999998e-05] 
nWIn71 0 [0.997890304, 0.002109696] 
nWIn72 0 [0.919927424, 0.08007257599999999] 
nWIn73 0 [0.999927424, 7.257599999999998e-05] 
nWIn80 0 [0.999927424, 7.257599999999998e-05] 
nWIn81 0 [0.999927424, 7.257599999999998e-05] 
nWIn82 0 [0.999927424, 7.257599999999998e-05] 
nWIn83 0 [0.999927424, 7.257599999999998e-05] 
nWIn84 0 [0.999927424, 7.257599999999998e-05] 
nWIn85 0 [0.999927424, 7.257599999999998e-05] 

Elite 4 OF_MAX_VPL 2796322272.18
nWWcat 0 [0.999927424, 7.257599999999998e-05] 
nWPr05 0 [0.999927424, 7.257599999999998e-05] 
nWPr11 0 [0.999927424, 7.257599999999998e-05] 
nWPr12 0 [0.999927424, 7.257599999999998e-05] 
nWPr13 0 [0.999927424, 7.257599999999998e-05] 
nWPr18 0 [0.999927424, 7.257599999999998e-05] 
nWPr19 0 [0.995490304, 0.004509695999999999] 
nWPr20 0 [0.997890304, 0.002109696] 
nWPr24 0 [0.999927424, 7.257599999999998e-05] 
nWPr25 0 [0.999927424, 7.257599999999998e-05] 
nWPr26 0 [0.999927424, 7.257599999999998e-05] 
nWPr27 0 [0.999927424, 7.257599999999998e-05] 
nWPr29 1 [0.0002903039999999999, 0.999709696] 
nWPr30 0 [0.999090304, 0.0009096959999999999] 
nWPr31 1 [0.0002903039999999999, 0.999709696] 
nWPr32 0 [0.999927424, 7.257599999999998e-05] 
nWPr33 0 [0.999927424, 7.257599999999998e-05] 
nWPr34 0 [0.999927424, 7.257599999999998e-05] 
nWPr35 0 [0.999927424, 7.257599999999998e-05] 
nWPr36 0 [0.999927424, 7.257599999999998e-05] 
nWPr37 0 [0.999927424, 7.257599999999998e-05] 
nWPr38 0 [0.999927424, 7.257599999999998e-05] 
nWPr39 1 [0.0002903039999999999, 0.999709696] 
nWPr40 0 [0.999927424, 7.257599999999998e-05] 
nWPr41 0 [0.999927424, 7.257599999999998e-05] 
nWPr42 0 [0.999927424, 7.257599999999998e-05] 
nWPr43 0 [0.999927424, 7.257599999999998e-05] 
nWPr44 0 [0.999927424, 7.257599999999998e-05] 
nWPr45 0 [0.999090304, 0.0009096959999999999] 
nWPr46 0 [0.999927424, 7.257599999999998e-05] 
nWPr47 0 [0.999927424, 7.257599999999998e-05] 
nWPr48 1 [0.0002903039999999999, 0.999709696] 
nWPr49 1 [0.0011274239999999997, 0.998872576] 
nWPr50 0 [0.999927424, 7.257599999999998e-05] 
nWPr51 0 [0.999090304, 0.0009096959999999999] 
nWPr52 0 [0.999927424, 7.257599999999998e-05] 
nWPr53 0 [0.999927424, 7.257599999999998e-05] 
nWPr54 0 [0.999927424, 7.257599999999998e-05] 
nWPr55 1 [0.0002903039999999999, 0.999709696] 
nWPr56 0 [0.999927424, 7.257599999999998e-05] 
nWPr57 0 [0.999927424, 7.257599999999998e-05] 
nWPr58 0 [0.999927424, 7.257599999999998e-05] 
nWPr59 0 [0.999927424, 7.257599999999998e-05] 
nWPr60 0 [0.9014903040000001, 0.09850969599999998] 
nWPr61 0 [0.999927424, 7.257599999999998e-05] 
nWPr62 0 [0.999927424, 7.257599999999998e-05] 
nWPr63 0 [0.998727424, 0.0012725759999999997] 
nWPr64 0 [0.999927424, 7.257599999999998e-05] 
nWPr65 0 [0.999927424, 7.257599999999998e-05] 
nWPr66 0 [0.995490304, 0.004509695999999999] 
nWPr67 0 [0.999927424, 7.257599999999998e-05] 
nWPr68 1 [0.0002903039999999999, 0.999709696] 
nWPr69 0 [0.999927424, 7.257599999999998e-05] 
nWPr70 0 [0.999927424, 7.257599999999998e-05] 
nWPr72 0 [0.999927424, 7.257599999999998e-05] 
nWPr73 0 [0.999927424, 7.257599999999998e-05] 
nWPr74 0 [0.999927424, 7.257599999999998e-05] 
nWPr75 1 [0.0002903039999999999, 0.999709696] 
nWPr76 1 [0.019927423999999992, 0.980072576] 
nWPr79 0 [0.999927424, 7.257599999999998e-05] 
nWPr80 0 [0.999927424, 7.257599999999998e-05] 
nWPr81 0 [0.999927424, 7.257599999999998e-05] 
nWPr82 0 [0.999927424, 7.257599999999998e-05] 
nWPr83 1 [0.0002903039999999999, 0.999709696] 
nWPr84 0 [0.999927424, 7.257599999999998e-05] 
nWIn04 0 [0.999090304, 0.0009096959999999999] 
nWIn05 0 [0.999927424, 7.257599999999998e-05] 
nWIn10 0 [0.999927424, 7.257599999999998e-05] 
nWIn11 1 [0.0023274239999999994, 0.997672576] 
nWIn12 0 [0.999927424, 7.257599999999998e-05] 
nWIn13 0 [0.999927424, 7.257599999999998e-05] 
nWIn17 0 [0.999927424, 7.257599999999998e-05] 
nWIn18 0 [0.999927424, 7.257599999999998e-05] 
nWIn19 1 [0.0002903039999999999, 0.999709696] 
nWIn20 0 [0.998727424, 0.0012725759999999997] 
nWIn24 0 [0.999927424, 7.257599999999998e-05] 
nWIn25 0 [0.999927424, 7.257599999999998e-05] 
nWIn26 0 [0.980290304, 0.019709695999999992] 
nWIn27 0 [0.999927424, 7.257599999999998e-05] 
nWIn29 0 [0.999927424, 7.257599999999998e-05] 
nWIn30 0 [0.999927424, 7.257599999999998e-05] 
nWIn31 0 [0.999927424, 7.257599999999998e-05] 
nWIn32 0 [0.999927424, 7.257599999999998e-05] 
nWIn33 0 [0.999927424, 7.257599999999998e-05] 
nWIn34 0 [0.999927424, 7.257599999999998e-05] 
nWIn35 0 [0.999927424, 7.257599999999998e-05] 
nWIn36 0 [0.999927424, 7.257599999999998e-05] 
nWIn38 0 [0.999927424, 7.257599999999998e-05] 
nWIn39 0 [0.999927424, 7.257599999999998e-05] 
nWIn40 0 [0.999927424, 7.257599999999998e-05] 
nWIn41 0 [0.999927424, 7.257599999999998e-05] 
nWIn43 0 [0.999927424, 7.257599999999998e-05] 
nWIn44 0 [0.999927424, 7.257599999999998e-05] 
nWIn45 1 [0.0011274239999999997, 0.998872576] 
nWIn46 0 [0.999927424, 7.257599999999998e-05] 
nWIn47 0 [0.999927424, 7.257599999999998e-05] 
nWIn48 0 [0.999927424, 7.257599999999998e-05] 
nWIn49 0 [0.999927424, 7.257599999999998e-05] 
nWIn50 1 [0.0002903039999999999, 0.999709696] 
nWIn51 1 [0.0002903039999999999, 0.999709696] 
nWIn52 0 [0.999927424, 7.257599999999998e-05] 
nWIn53 0 [0.999927424, 7.257599999999998e-05] 
nWIn54 0 [0.999927424, 7.257599999999998e-05] 
nWIn55 0 [0.999927424, 7.257599999999998e-05] 
nWIn56 0 [0.999927424, 7.257599999999998e-05] 
nWIn57 0 [0.999927424, 7.257599999999998e-05] 
nWIn58 0 [0.999927424, 7.257599999999998e-05] 
nWIn59 0 [0.999927424, 7.257599999999998e-05] 
nWIn60 0 [0.999927424, 7.257599999999998e-05] 
nWIn61 0 [0.999927424, 7.257599999999998e-05] 
nWIn62 0 [0.999927424, 7.257599999999998e-05] 
nWIn63 1 [0.0002903039999999999, 0.999709696] 
nWIn64 1 [0.0002903039999999999, 0.999709696] 
nWIn65 0 [0.999927424, 7.257599999999998e-05] 
nWIn66 0 [0.999927424, 7.257599999999998e-05] 
nWIn67 0 [0.999927424, 7.257599999999998e-05] 
nWIn68 0 [0.999927424, 7.257599999999998e-05] 
nWIn69 0 [0.999927424, 7.257599999999998e-05] 
nWIn71 0 [0.997890304, 0.002109696] 
nWIn72 0 [0.919927424, 0.08007257599999999] 
nWIn73 0 [0.999927424, 7.257599999999998e-05] 
nWIn80 0 [0.999927424, 7.257599999999998e-05] 
nWIn81 0 [0.999927424, 7.257599999999998e-05] 
nWIn82 0 [0.999927424, 7.257599999999998e-05] 
nWIn83 0 [0.999927424, 7.257599999999998e-05] 
nWIn84 0 [0.999927424, 7.257599999999998e-05] 
nWIn85 0 [0.999927424, 7.257599999999998e-05] 

Elite 5 OF_MAX_VPL 2796322272.18
nWWcat 0 [0.999927424, 7.257599999999998e-05] 
nWPr05 0 [0.999927424, 7.257599999999998e-05] 
nWPr11 0 [0.999927424, 7.257599999999998e-05] 
nWPr12 0 [0.999927424, 7.257599999999998e-05] 
nWPr13 0 [0.999927424, 7.257599999999998e-05] 
nWPr18 0 [0.999927424, 7.257599999999998e-05] 
nWPr19 0 [0.995490304, 0.004509695999999999] 
nWPr20 0 [0.997890304, 0.002109696] 
nWPr24 0 [0.999927424, 7.257599999999998e-05] 
nWPr25 0 [0.999927424, 7.257599999999998e-05] 
nWPr26 0 [0.999927424, 7.257599999999998e-05] 
nWPr27 0 [0.999927424, 7.257599999999998e-05] 
nWPr29 1 [0.0002903039999999999, 0.999709696] 
nWPr30 0 [0.999090304, 0.0009096959999999999] 
nWPr31 1 [0.0002903039999999999, 0.999709696] 
nWPr32 0 [0.999927424, 7.257599999999998e-05] 
nWPr33 0 [0.999927424, 7.257599999999998e-05] 
nWPr34 0 [0.999927424, 7.257599999999998e-05] 
nWPr35 0 [0.999927424, 7.257599999999998e-05] 
nWPr36 0 [0.999927424, 7.257599999999998e-05] 
nWPr37 0 [0.999927424, 7.257599999999998e-05] 
nWPr38 0 [0.999927424, 7.257599999999998e-05] 
nWPr39 1 [0.0002903039999999999, 0.999709696] 
nWPr40 0 [0.999927424, 7.257599999999998e-05] 
nWPr41 0 [0.999927424, 7.257599999999998e-05] 
nWPr42 0 [0.999927424, 7.257599999999998e-05] 
nWPr43 0 [0.999927424, 7.257599999999998e-05] 
nWPr44 0 [0.999927424, 7.257599999999998e-05] 
nWPr45 0 [0.999090304, 0.0009096959999999999] 
nWPr46 0 [0.999927424, 7.257599999999998e-05] 
nWPr47 0 [0.999927424, 7.257599999999998e-05] 
nWPr48 1 [0.0002903039999999999, 0.999709696] 
nWPr49 1 [0.0011274239999999997, 0.998872576] 
nWPr50 0 [0.999927424, 7.257599999999998e-05] 
nWPr51 0 [0.999090304, 0.0009096959999999999] 
nWPr52 0 [0.999927424, 7.257599999999998e-05] 
nWPr53 0 [0.999927424, 7.257599999999998e-05] 
nWPr54 0 [0.999927424, 7.257599999999998e-05] 
nWPr55 1 [0.0002903039999999999, 0.999709696] 
nWPr56 0 [0.999927424, 7.257599999999998e-05] 
nWPr57 0 [0.999927424, 7.257599999999998e-05] 
nWPr58 0 [0.999927424, 7.257599999999998e-05] 
nWPr59 0 [0.999927424, 7.257599999999998e-05] 
nWPr60 0 [0.9014903040000001, 0.09850969599999998] 
nWPr61 0 [0.999927424, 7.257599999999998e-05] 
nWPr62 0 [0.999927424, 7.257599999999998e-05] 
nWPr63 0 [0.998727424, 0.0012725759999999997] 
nWPr64 0 [0.999927424, 7.257599999999998e-05] 
nWPr65 0 [0.999927424, 7.257599999999998e-05] 
nWPr66 0 [0.995490304, 0.004509695999999999] 
nWPr67 0 [0.999927424, 7.257599999999998e-05] 
nWPr68 1 [0.0002903039999999999, 0.999709696] 
nWPr69 0 [0.999927424, 7.257599999999998e-05] 
nWPr70 0 [0.999927424, 7.257599999999998e-05] 
nWPr72 0 [0.999927424, 7.257599999999998e-05] 
nWPr73 0 [0.999927424, 7.257599999999998e-05] 
nWPr74 0 [0.999927424, 7.257599999999998e-05] 
nWPr75 1 [0.0002903039999999999, 0.999709696] 
nWPr76 1 [0.019927423999999992, 0.980072576] 
nWPr79 0 [0.999927424, 7.257599999999998e-05] 
nWPr80 0 [0.999927424, 7.257599999999998e-05] 
nWPr81 0 [0.999927424, 7.257599999999998e-05] 
nWPr82 0 [0.999927424, 7.257599999999998e-05] 
nWPr83 1 [0.0002903039999999999, 0.999709696] 
nWPr84 0 [0.999927424, 7.257599999999998e-05] 
nWIn04 0 [0.999090304, 0.0009096959999999999] 
nWIn05 0 [0.999927424, 7.257599999999998e-05] 
nWIn10 0 [0.999927424, 7.257599999999998e-05] 
nWIn11 1 [0.0023274239999999994, 0.997672576] 
nWIn12 0 [0.999927424, 7.257599999999998e-05] 
nWIn13 0 [0.999927424, 7.257599999999998e-05] 
nWIn17 0 [0.999927424, 7.257599999999998e-05] 
nWIn18 0 [0.999927424, 7.257599999999998e-05] 
nWIn19 1 [0.0002903039999999999, 0.999709696] 
nWIn20 0 [0.998727424, 0.0012725759999999997] 
nWIn24 0 [0.999927424, 7.257599999999998e-05] 
nWIn25 0 [0.999927424, 7.257599999999998e-05] 
nWIn26 0 [0.980290304, 0.019709695999999992] 
nWIn27 0 [0.999927424, 7.257599999999998e-05] 
nWIn29 0 [0.999927424, 7.257599999999998e-05] 
nWIn30 0 [0.999927424, 7.257599999999998e-05] 
nWIn31 0 [0.999927424, 7.257599999999998e-05] 
nWIn32 0 [0.999927424, 7.257599999999998e-05] 
nWIn33 0 [0.999927424, 7.257599999999998e-05] 
nWIn34 0 [0.999927424, 7.257599999999998e-05] 
nWIn35 0 [0.999927424, 7.257599999999998e-05] 
nWIn36 0 [0.999927424, 7.257599999999998e-05] 
nWIn38 0 [0.999927424, 7.257599999999998e-05] 
nWIn39 0 [0.999927424, 7.257599999999998e-05] 
nWIn40 0 [0.999927424, 7.257599999999998e-05] 
nWIn41 0 [0.999927424, 7.257599999999998e-05] 
nWIn43 0 [0.999927424, 7.257599999999998e-05] 
nWIn44 0 [0.999927424, 7.257599999999998e-05] 
nWIn45 1 [0.0011274239999999997, 0.998872576] 
nWIn46 0 [0.999927424, 7.257599999999998e-05] 
nWIn47 0 [0.999927424, 7.257599999999998e-05] 
nWIn48 0 [0.999927424, 7.257599999999998e-05] 
nWIn49 0 [0.999927424, 7.257599999999998e-05] 
nWIn50 1 [0.0002903039999999999, 0.999709696] 
nWIn51 1 [0.0002903039999999999, 0.999709696] 
nWIn52 0 [0.999927424, 7.257599999999998e-05] 
nWIn53 0 [0.999927424, 7.257599999999998e-05] 
nWIn54 0 [0.999927424, 7.257599999999998e-05] 
nWIn55 0 [0.999927424, 7.257599999999998e-05] 
nWIn56 0 [0.999927424, 7.257599999999998e-05] 
nWIn57 0 [0.999927424, 7.257599999999998e-05] 
nWIn58 0 [0.999927424, 7.257599999999998e-05] 
nWIn59 0 [0.999927424, 7.257599999999998e-05] 
nWIn60 0 [0.999927424, 7.257599999999998e-05] 
nWIn61 0 [0.999927424, 7.257599999999998e-05] 
nWIn62 0 [0.999927424, 7.257599999999998e-05] 
nWIn63 1 [0.0002903039999999999, 0.999709696] 
nWIn64 1 [0.0002903039999999999, 0.999709696] 
nWIn65 0 [0.999927424, 7.257599999999998e-05] 
nWIn66 0 [0.999927424, 7.257599999999998e-05] 
nWIn67 0 [0.999927424, 7.257599999999998e-05] 
nWIn68 0 [0.999927424, 7.257599999999998e-05] 
nWIn69 0 [0.999927424, 7.257599999999998e-05] 
nWIn71 0 [0.997890304, 0.002109696] 
nWIn72 0 [0.919927424, 0.08007257599999999] 
nWIn73 0 [0.999927424, 7.257599999999998e-05] 
nWIn80 0 [0.999927424, 7.257599999999998e-05] 
nWIn81 0 [0.999927424, 7.257599999999998e-05] 
nWIn82 0 [0.999927424, 7.257599999999998e-05] 
nWIn83 0 [0.999927424, 7.257599999999998e-05] 
nWIn84 0 [0.999927424, 7.257599999999998e-05] 
nWIn85 0 [0.999927424, 7.257599999999998e-05] 

