Elite 1 OF_MAX_VPL 2915300001.91
nWWcat 1 [0.0002903039999999999, 0.999709696] 
nWPr05 0 [0.999927424, 7.257599999999998e-05] 
nWPr11 0 [0.999927424, 7.257599999999998e-05] 
nWPr12 0 [0.999927424, 7.257599999999998e-05] 
nWPr13 0 [0.999927424, 7.257599999999998e-05] 
nWPr18 0 [0.999927424, 7.257599999999998e-05] 
nWPr19 0 [0.905887104, 0.09411289599999997] 
nWPr20 0 [0.999927424, 7.257599999999998e-05] 
nWPr24 0 [0.999927424, 7.257599999999998e-05] 
nWPr25 1 [0.000330624, 0.9996693759999999] 
nWPr26 0 [0.999927424, 7.257599999999998e-05] 
nWPr27 0 [0.999927424, 7.257599999999998e-05] 
nWPr29 0 [0.999887104, 0.00011289599999999998] 
nWPr30 0 [0.999927424, 7.257599999999998e-05] 
nWPr31 1 [0.000330624, 0.9996693759999999] 
nWPr32 0 [0.999927424, 7.257599999999998e-05] 
nWPr33 0 [0.999927424, 7.257599999999998e-05] 
nWPr34 0 [0.999927424, 7.257599999999998e-05] 
nWPr35 0 [0.999927424, 7.257599999999998e-05] 
nWPr36 0 [0.999927424, 7.257599999999998e-05] 
nWPr37 0 [0.999927424, 7.257599999999998e-05] 
nWPr38 0 [0.999927424, 7.257599999999998e-05] 
nWPr39 1 [0.0002903039999999999, 0.999709696] 
nWPr40 1 [0.000330624, 0.9996693759999999] 
nWPr41 0 [0.999927424, 7.257599999999998e-05] 
nWPr42 0 [0.999927424, 7.257599999999998e-05] 
nWPr43 0 [0.999927424, 7.257599999999998e-05] 
nWPr44 0 [0.994330624, 0.005669375999999998] 
nWPr45 0 [0.999927424, 7.257599999999998e-05] 
nWPr46 0 [0.999927424, 7.257599999999998e-05] 
nWPr47 0 [0.999927424, 7.257599999999998e-05] 
nWPr48 0 [0.999927424, 7.257599999999998e-05] 
nWPr49 0 [0.999927424, 7.257599999999998e-05] 
nWPr50 0 [0.999927424, 7.257599999999998e-05] 
nWPr51 1 [0.000330624, 0.9996693759999999] 
nWPr52 0 [0.999927424, 7.257599999999998e-05] 
nWPr53 0 [0.999887104, 0.00011289599999999998] 
nWPr54 0 [0.999887104, 0.00011289599999999998] 
nWPr55 0 [0.999927424, 7.257599999999998e-05] 
nWPr56 0 [0.999927424, 7.257599999999998e-05] 
nWPr57 0 [0.999887104, 0.00011289599999999998] 
nWPr58 0 [0.999927424, 7.257599999999998e-05] 
nWPr59 1 [0.0002903039999999999, 0.999709696] 
nWPr60 0 [0.999927424, 7.257599999999998e-05] 
nWPr61 0 [0.999927424, 7.257599999999998e-05] 
nWPr62 0 [0.999927424, 7.257599999999998e-05] 
nWPr63 1 [0.016327423999999993, 0.983672576] 
nWPr64 0 [0.999887104, 0.00011289599999999998] 
nWPr65 0 [0.999927424, 7.257599999999998e-05] 
nWPr66 0 [0.999927424, 7.257599999999998e-05] 
nWPr67 0 [0.999887104, 0.00011289599999999998] 
nWPr68 0 [0.999927424, 7.257599999999998e-05] 
nWPr69 0 [0.999927424, 7.257599999999998e-05] 
nWPr70 0 [0.999927424, 7.257599999999998e-05] 
nWPr72 0 [0.999927424, 7.257599999999998e-05] 
nWPr73 0 [0.999927424, 7.257599999999998e-05] 
nWPr74 0 [0.999927424, 7.257599999999998e-05] 
nWPr75 0 [0.999927424, 7.257599999999998e-05] 
nWPr76 0 [0.994290304, 0.0057096959999999985] 
nWPr79 0 [0.980290304, 0.019709695999999992] 
nWPr80 0 [0.999927424, 7.257599999999998e-05] 
nWPr81 1 [0.000330624, 0.9996693759999999] 
nWPr82 0 [0.999927424, 7.257599999999998e-05] 
nWPr83 0 [0.999887104, 0.00011289599999999998] 
nWPr84 0 [0.999927424, 7.257599999999998e-05] 
nWIn04 0 [0.999887104, 0.00011289599999999998] 
nWIn05 1 [0.003890303999999999, 0.996109696] 
nWIn10 0 [0.999927424, 7.257599999999998e-05] 
nWIn11 0 [0.999887104, 0.00011289599999999998] 
nWIn12 0 [0.999927424, 7.257599999999998e-05] 
nWIn13 0 [0.999927424, 7.257599999999998e-05] 
nWIn17 0 [0.999887104, 0.00011289599999999998] 
nWIn18 0 [0.999927424, 7.257599999999998e-05] 
nWIn19 0 [0.999927424, 7.257599999999998e-05] 
nWIn20 0 [0.999927424, 7.257599999999998e-05] 
nWIn24 0 [0.999927424, 7.257599999999998e-05] 
nWIn25 0 [0.999927424, 7.257599999999998e-05] 
nWIn26 0 [0.999927424, 7.257599999999998e-05] 
nWIn27 0 [0.999927424, 7.257599999999998e-05] 
nWIn29 0 [0.999927424, 7.257599999999998e-05] 
nWIn30 0 [0.999927424, 7.257599999999998e-05] 
nWIn31 0 [0.999927424, 7.257599999999998e-05] 
nWIn32 0 [0.999927424, 7.257599999999998e-05] 
nWIn33 0 [0.999887104, 0.00011289599999999998] 
nWIn34 0 [0.999887104, 0.00011289599999999998] 
nWIn35 0 [0.999927424, 7.257599999999998e-05] 
nWIn36 0 [0.999927424, 7.257599999999998e-05] 
nWIn38 0 [0.999927424, 7.257599999999998e-05] 
nWIn39 0 [0.999927424, 7.257599999999998e-05] 
nWIn40 0 [0.999927424, 7.257599999999998e-05] 
nWIn41 0 [0.999887104, 0.00011289599999999998] 
nWIn43 0 [0.999887104, 0.00011289599999999998] 
nWIn44 0 [0.997930624, 0.002069376] 
nWIn45 0 [0.999927424, 7.257599999999998e-05] 
nWIn46 0 [0.999927424, 7.257599999999998e-05] 
nWIn47 0 [0.999927424, 7.257599999999998e-05] 
nWIn48 0 [0.999927424, 7.257599999999998e-05] 
nWIn49 0 [0.999927424, 7.257599999999998e-05] 
nWIn50 0 [0.999927424, 7.257599999999998e-05] 
nWIn51 0 [0.999927424, 7.257599999999998e-05] 
nWIn52 0 [0.999927424, 7.257599999999998e-05] 
nWIn53 0 [0.999927424, 7.257599999999998e-05] 
nWIn54 1 [0.000330624, 0.9996693759999999] 
nWIn55 0 [0.996327424, 0.003672575999999999] 
nWIn56 0 [0.999927424, 7.257599999999998e-05] 
nWIn57 0 [0.999927424, 7.257599999999998e-05] 
nWIn58 0 [0.999927424, 7.257599999999998e-05] 
nWIn59 0 [0.999927424, 7.257599999999998e-05] 
nWIn60 1 [0.0002903039999999999, 0.999709696] 
nWIn61 1 [0.000330624, 0.9996693759999999] 
nWIn62 0 [0.999887104, 0.00011289599999999998] 
nWIn63 0 [0.999927424, 7.257599999999998e-05] 
nWIn64 0 [0.999927424, 7.257599999999998e-05] 
nWIn65 0 [0.999927424, 7.257599999999998e-05] 
nWIn66 0 [0.999927424, 7.257599999999998e-05] 
nWIn67 1 [0.000330624, 0.9996693759999999] 
nWIn68 1 [0.0002903039999999999, 0.999709696] 
nWIn69 0 [0.999927424, 7.257599999999998e-05] 
nWIn71 0 [0.999927424, 7.257599999999998e-05] 
nWIn72 0 [0.999927424, 7.257599999999998e-05] 
nWIn73 0 [0.999927424, 7.257599999999998e-05] 
nWIn80 1 [0.000330624, 0.9996693759999999] 
nWIn81 0 [0.999927424, 7.257599999999998e-05] 
nWIn82 0 [0.999927424, 7.257599999999998e-05] 
nWIn83 0 [0.999927424, 7.257599999999998e-05] 
nWIn84 0 [0.999927424, 7.257599999999998e-05] 
nWIn85 1 [0.000330624, 0.9996693759999999] 

Elite 2 OF_MAX_VPL 2915300001.91
nWWcat 1 [0.0002903039999999999, 0.999709696] 
nWPr05 0 [0.999927424, 7.257599999999998e-05] 
nWPr11 0 [0.999927424, 7.257599999999998e-05] 
nWPr12 0 [0.999927424, 7.257599999999998e-05] 
nWPr13 0 [0.999927424, 7.257599999999998e-05] 
nWPr18 0 [0.999927424, 7.257599999999998e-05] 
nWPr19 0 [0.905887104, 0.09411289599999997] 
nWPr20 0 [0.999927424, 7.257599999999998e-05] 
nWPr24 0 [0.999927424, 7.257599999999998e-05] 
nWPr25 1 [0.000330624, 0.9996693759999999] 
nWPr26 0 [0.999927424, 7.257599999999998e-05] 
nWPr27 0 [0.999927424, 7.257599999999998e-05] 
nWPr29 0 [0.999887104, 0.00011289599999999998] 
nWPr30 0 [0.999927424, 7.257599999999998e-05] 
nWPr31 1 [0.000330624, 0.9996693759999999] 
nWPr32 0 [0.999927424, 7.257599999999998e-05] 
nWPr33 0 [0.999927424, 7.257599999999998e-05] 
nWPr34 0 [0.999927424, 7.257599999999998e-05] 
nWPr35 0 [0.999927424, 7.257599999999998e-05] 
nWPr36 0 [0.999927424, 7.257599999999998e-05] 
nWPr37 0 [0.999927424, 7.257599999999998e-05] 
nWPr38 0 [0.999927424, 7.257599999999998e-05] 
nWPr39 1 [0.0002903039999999999, 0.999709696] 
nWPr40 1 [0.000330624, 0.9996693759999999] 
nWPr41 0 [0.999927424, 7.257599999999998e-05] 
nWPr42 0 [0.999927424, 7.257599999999998e-05] 
nWPr43 0 [0.999927424, 7.257599999999998e-05] 
nWPr44 0 [0.994330624, 0.005669375999999998] 
nWPr45 0 [0.999927424, 7.257599999999998e-05] 
nWPr46 0 [0.999927424, 7.257599999999998e-05] 
nWPr47 0 [0.999927424, 7.257599999999998e-05] 
nWPr48 0 [0.999927424, 7.257599999999998e-05] 
nWPr49 0 [0.999927424, 7.257599999999998e-05] 
nWPr50 0 [0.999927424, 7.257599999999998e-05] 
nWPr51 1 [0.000330624, 0.9996693759999999] 
nWPr52 0 [0.999927424, 7.257599999999998e-05] 
nWPr53 0 [0.999887104, 0.00011289599999999998] 
nWPr54 0 [0.999887104, 0.00011289599999999998] 
nWPr55 0 [0.999927424, 7.257599999999998e-05] 
nWPr56 0 [0.999927424, 7.257599999999998e-05] 
nWPr57 0 [0.999887104, 0.00011289599999999998] 
nWPr58 0 [0.999927424, 7.257599999999998e-05] 
nWPr59 1 [0.0002903039999999999, 0.999709696] 
nWPr60 0 [0.999927424, 7.257599999999998e-05] 
nWPr61 0 [0.999927424, 7.257599999999998e-05] 
nWPr62 0 [0.999927424, 7.257599999999998e-05] 
nWPr63 1 [0.016327423999999993, 0.983672576] 
nWPr64 0 [0.999887104, 0.00011289599999999998] 
nWPr65 0 [0.999927424, 7.257599999999998e-05] 
nWPr66 0 [0.999927424, 7.257599999999998e-05] 
nWPr67 0 [0.999887104, 0.00011289599999999998] 
nWPr68 0 [0.999927424, 7.257599999999998e-05] 
nWPr69 0 [0.999927424, 7.257599999999998e-05] 
nWPr70 0 [0.999927424, 7.257599999999998e-05] 
nWPr72 0 [0.999927424, 7.257599999999998e-05] 
nWPr73 0 [0.999927424, 7.257599999999998e-05] 
nWPr74 0 [0.999927424, 7.257599999999998e-05] 
nWPr75 0 [0.999927424, 7.257599999999998e-05] 
nWPr76 0 [0.994290304, 0.0057096959999999985] 
nWPr79 0 [0.980290304, 0.019709695999999992] 
nWPr80 0 [0.999927424, 7.257599999999998e-05] 
nWPr81 1 [0.000330624, 0.9996693759999999] 
nWPr82 0 [0.999927424, 7.257599999999998e-05] 
nWPr83 0 [0.999887104, 0.00011289599999999998] 
nWPr84 0 [0.999927424, 7.257599999999998e-05] 
nWIn04 0 [0.999887104, 0.00011289599999999998] 
nWIn05 1 [0.003890303999999999, 0.996109696] 
nWIn10 0 [0.999927424, 7.257599999999998e-05] 
nWIn11 0 [0.999887104, 0.00011289599999999998] 
nWIn12 0 [0.999927424, 7.257599999999998e-05] 
nWIn13 0 [0.999927424, 7.257599999999998e-05] 
nWIn17 0 [0.999887104, 0.00011289599999999998] 
nWIn18 0 [0.999927424, 7.257599999999998e-05] 
nWIn19 0 [0.999927424, 7.257599999999998e-05] 
nWIn20 0 [0.999927424, 7.257599999999998e-05] 
nWIn24 0 [0.999927424, 7.257599999999998e-05] 
nWIn25 0 [0.999927424, 7.257599999999998e-05] 
nWIn26 0 [0.999927424, 7.257599999999998e-05] 
nWIn27 0 [0.999927424, 7.257599999999998e-05] 
nWIn29 0 [0.999927424, 7.257599999999998e-05] 
nWIn30 0 [0.999927424, 7.257599999999998e-05] 
nWIn31 0 [0.999927424, 7.257599999999998e-05] 
nWIn32 0 [0.999927424, 7.257599999999998e-05] 
nWIn33 0 [0.999887104, 0.00011289599999999998] 
nWIn34 0 [0.999887104, 0.00011289599999999998] 
nWIn35 0 [0.999927424, 7.257599999999998e-05] 
nWIn36 0 [0.999927424, 7.257599999999998e-05] 
nWIn38 0 [0.999927424, 7.257599999999998e-05] 
nWIn39 0 [0.999927424, 7.257599999999998e-05] 
nWIn40 0 [0.999927424, 7.257599999999998e-05] 
nWIn41 0 [0.999887104, 0.00011289599999999998] 
nWIn43 0 [0.999887104, 0.00011289599999999998] 
nWIn44 0 [0.997930624, 0.002069376] 
nWIn45 0 [0.999927424, 7.257599999999998e-05] 
nWIn46 0 [0.999927424, 7.257599999999998e-05] 
nWIn47 0 [0.999927424, 7.257599999999998e-05] 
nWIn48 0 [0.999927424, 7.257599999999998e-05] 
nWIn49 0 [0.999927424, 7.257599999999998e-05] 
nWIn50 0 [0.999927424, 7.257599999999998e-05] 
nWIn51 0 [0.999927424, 7.257599999999998e-05] 
nWIn52 0 [0.999927424, 7.257599999999998e-05] 
nWIn53 0 [0.999927424, 7.257599999999998e-05] 
nWIn54 1 [0.000330624, 0.9996693759999999] 
nWIn55 0 [0.996327424, 0.003672575999999999] 
nWIn56 0 [0.999927424, 7.257599999999998e-05] 
nWIn57 0 [0.999927424, 7.257599999999998e-05] 
nWIn58 0 [0.999927424, 7.257599999999998e-05] 
nWIn59 0 [0.999927424, 7.257599999999998e-05] 
nWIn60 1 [0.0002903039999999999, 0.999709696] 
nWIn61 1 [0.000330624, 0.9996693759999999] 
nWIn62 0 [0.999887104, 0.00011289599999999998] 
nWIn63 0 [0.999927424, 7.257599999999998e-05] 
nWIn64 0 [0.999927424, 7.257599999999998e-05] 
nWIn65 0 [0.999927424, 7.257599999999998e-05] 
nWIn66 0 [0.999927424, 7.257599999999998e-05] 
nWIn67 1 [0.000330624, 0.9996693759999999] 
nWIn68 1 [0.0002903039999999999, 0.999709696] 
nWIn69 0 [0.999927424, 7.257599999999998e-05] 
nWIn71 0 [0.999927424, 7.257599999999998e-05] 
nWIn72 0 [0.999927424, 7.257599999999998e-05] 
nWIn73 0 [0.999927424, 7.257599999999998e-05] 
nWIn80 1 [0.000330624, 0.9996693759999999] 
nWIn81 0 [0.999927424, 7.257599999999998e-05] 
nWIn82 0 [0.999927424, 7.257599999999998e-05] 
nWIn83 0 [0.999927424, 7.257599999999998e-05] 
nWIn84 0 [0.999927424, 7.257599999999998e-05] 
nWIn85 1 [0.000330624, 0.9996693759999999] 

Elite 3 OF_MAX_VPL 2915300001.91
nWWcat 1 [0.0002903039999999999, 0.999709696] 
nWPr05 0 [0.999927424, 7.257599999999998e-05] 
nWPr11 0 [0.999927424, 7.257599999999998e-05] 
nWPr12 0 [0.999927424, 7.257599999999998e-05] 
nWPr13 0 [0.999927424, 7.257599999999998e-05] 
nWPr18 0 [0.999927424, 7.257599999999998e-05] 
nWPr19 0 [0.905887104, 0.09411289599999997] 
nWPr20 0 [0.999927424, 7.257599999999998e-05] 
nWPr24 0 [0.999927424, 7.257599999999998e-05] 
nWPr25 1 [0.000330624, 0.9996693759999999] 
nWPr26 0 [0.999927424, 7.257599999999998e-05] 
nWPr27 0 [0.999927424, 7.257599999999998e-05] 
nWPr29 0 [0.999887104, 0.00011289599999999998] 
nWPr30 0 [0.999927424, 7.257599999999998e-05] 
nWPr31 1 [0.000330624, 0.9996693759999999] 
nWPr32 0 [0.999927424, 7.257599999999998e-05] 
nWPr33 0 [0.999927424, 7.257599999999998e-05] 
nWPr34 0 [0.999927424, 7.257599999999998e-05] 
nWPr35 0 [0.999927424, 7.257599999999998e-05] 
nWPr36 0 [0.999927424, 7.257599999999998e-05] 
nWPr37 0 [0.999927424, 7.257599999999998e-05] 
nWPr38 0 [0.999927424, 7.257599999999998e-05] 
nWPr39 1 [0.0002903039999999999, 0.999709696] 
nWPr40 1 [0.000330624, 0.9996693759999999] 
nWPr41 0 [0.999927424, 7.257599999999998e-05] 
nWPr42 0 [0.999927424, 7.257599999999998e-05] 
nWPr43 0 [0.999927424, 7.257599999999998e-05] 
nWPr44 0 [0.994330624, 0.005669375999999998] 
nWPr45 0 [0.999927424, 7.257599999999998e-05] 
nWPr46 0 [0.999927424, 7.257599999999998e-05] 
nWPr47 0 [0.999927424, 7.257599999999998e-05] 
nWPr48 0 [0.999927424, 7.257599999999998e-05] 
nWPr49 0 [0.999927424, 7.257599999999998e-05] 
nWPr50 0 [0.999927424, 7.257599999999998e-05] 
nWPr51 1 [0.000330624, 0.9996693759999999] 
nWPr52 0 [0.999927424, 7.257599999999998e-05] 
nWPr53 0 [0.999887104, 0.00011289599999999998] 
nWPr54 0 [0.999887104, 0.00011289599999999998] 
nWPr55 0 [0.999927424, 7.257599999999998e-05] 
nWPr56 0 [0.999927424, 7.257599999999998e-05] 
nWPr57 0 [0.999887104, 0.00011289599999999998] 
nWPr58 0 [0.999927424, 7.257599999999998e-05] 
nWPr59 1 [0.0002903039999999999, 0.999709696] 
nWPr60 0 [0.999927424, 7.257599999999998e-05] 
nWPr61 0 [0.999927424, 7.257599999999998e-05] 
nWPr62 0 [0.999927424, 7.257599999999998e-05] 
nWPr63 1 [0.016327423999999993, 0.983672576] 
nWPr64 0 [0.999887104, 0.00011289599999999998] 
nWPr65 0 [0.999927424, 7.257599999999998e-05] 
nWPr66 0 [0.999927424, 7.257599999999998e-05] 
nWPr67 0 [0.999887104, 0.00011289599999999998] 
nWPr68 0 [0.999927424, 7.257599999999998e-05] 
nWPr69 0 [0.999927424, 7.257599999999998e-05] 
nWPr70 0 [0.999927424, 7.257599999999998e-05] 
nWPr72 0 [0.999927424, 7.257599999999998e-05] 
nWPr73 0 [0.999927424, 7.257599999999998e-05] 
nWPr74 0 [0.999927424, 7.257599999999998e-05] 
nWPr75 0 [0.999927424, 7.257599999999998e-05] 
nWPr76 0 [0.994290304, 0.0057096959999999985] 
nWPr79 0 [0.980290304, 0.019709695999999992] 
nWPr80 0 [0.999927424, 7.257599999999998e-05] 
nWPr81 1 [0.000330624, 0.9996693759999999] 
nWPr82 0 [0.999927424, 7.257599999999998e-05] 
nWPr83 0 [0.999887104, 0.00011289599999999998] 
nWPr84 0 [0.999927424, 7.257599999999998e-05] 
nWIn04 0 [0.999887104, 0.00011289599999999998] 
nWIn05 1 [0.003890303999999999, 0.996109696] 
nWIn10 0 [0.999927424, 7.257599999999998e-05] 
nWIn11 0 [0.999887104, 0.00011289599999999998] 
nWIn12 0 [0.999927424, 7.257599999999998e-05] 
nWIn13 0 [0.999927424, 7.257599999999998e-05] 
nWIn17 0 [0.999887104, 0.00011289599999999998] 
nWIn18 0 [0.999927424, 7.257599999999998e-05] 
nWIn19 0 [0.999927424, 7.257599999999998e-05] 
nWIn20 0 [0.999927424, 7.257599999999998e-05] 
nWIn24 0 [0.999927424, 7.257599999999998e-05] 
nWIn25 0 [0.999927424, 7.257599999999998e-05] 
nWIn26 0 [0.999927424, 7.257599999999998e-05] 
nWIn27 0 [0.999927424, 7.257599999999998e-05] 
nWIn29 0 [0.999927424, 7.257599999999998e-05] 
nWIn30 0 [0.999927424, 7.257599999999998e-05] 
nWIn31 0 [0.999927424, 7.257599999999998e-05] 
nWIn32 0 [0.999927424, 7.257599999999998e-05] 
nWIn33 0 [0.999887104, 0.00011289599999999998] 
nWIn34 0 [0.999887104, 0.00011289599999999998] 
nWIn35 0 [0.999927424, 7.257599999999998e-05] 
nWIn36 0 [0.999927424, 7.257599999999998e-05] 
nWIn38 0 [0.999927424, 7.257599999999998e-05] 
nWIn39 0 [0.999927424, 7.257599999999998e-05] 
nWIn40 0 [0.999927424, 7.257599999999998e-05] 
nWIn41 0 [0.999887104, 0.00011289599999999998] 
nWIn43 0 [0.999887104, 0.00011289599999999998] 
nWIn44 0 [0.997930624, 0.002069376] 
nWIn45 0 [0.999927424, 7.257599999999998e-05] 
nWIn46 0 [0.999927424, 7.257599999999998e-05] 
nWIn47 0 [0.999927424, 7.257599999999998e-05] 
nWIn48 0 [0.999927424, 7.257599999999998e-05] 
nWIn49 0 [0.999927424, 7.257599999999998e-05] 
nWIn50 0 [0.999927424, 7.257599999999998e-05] 
nWIn51 0 [0.999927424, 7.257599999999998e-05] 
nWIn52 0 [0.999927424, 7.257599999999998e-05] 
nWIn53 0 [0.999927424, 7.257599999999998e-05] 
nWIn54 1 [0.000330624, 0.9996693759999999] 
nWIn55 0 [0.996327424, 0.003672575999999999] 
nWIn56 0 [0.999927424, 7.257599999999998e-05] 
nWIn57 0 [0.999927424, 7.257599999999998e-05] 
nWIn58 0 [0.999927424, 7.257599999999998e-05] 
nWIn59 0 [0.999927424, 7.257599999999998e-05] 
nWIn60 1 [0.0002903039999999999, 0.999709696] 
nWIn61 1 [0.000330624, 0.9996693759999999] 
nWIn62 0 [0.999887104, 0.00011289599999999998] 
nWIn63 0 [0.999927424, 7.257599999999998e-05] 
nWIn64 0 [0.999927424, 7.257599999999998e-05] 
nWIn65 0 [0.999927424, 7.257599999999998e-05] 
nWIn66 0 [0.999927424, 7.257599999999998e-05] 
nWIn67 1 [0.000330624, 0.9996693759999999] 
nWIn68 1 [0.0002903039999999999, 0.999709696] 
nWIn69 0 [0.999927424, 7.257599999999998e-05] 
nWIn71 0 [0.999927424, 7.257599999999998e-05] 
nWIn72 0 [0.999927424, 7.257599999999998e-05] 
nWIn73 0 [0.999927424, 7.257599999999998e-05] 
nWIn80 1 [0.000330624, 0.9996693759999999] 
nWIn81 0 [0.999927424, 7.257599999999998e-05] 
nWIn82 0 [0.999927424, 7.257599999999998e-05] 
nWIn83 0 [0.999927424, 7.257599999999998e-05] 
nWIn84 0 [0.999927424, 7.257599999999998e-05] 
nWIn85 1 [0.000330624, 0.9996693759999999] 

Elite 4 OF_MAX_VPL 2915300001.91
nWWcat 1 [0.0002903039999999999, 0.999709696] 
nWPr05 0 [0.999927424, 7.257599999999998e-05] 
nWPr11 0 [0.999927424, 7.257599999999998e-05] 
nWPr12 0 [0.999927424, 7.257599999999998e-05] 
nWPr13 0 [0.999927424, 7.257599999999998e-05] 
nWPr18 0 [0.999927424, 7.257599999999998e-05] 
nWPr19 0 [0.905887104, 0.09411289599999997] 
nWPr20 0 [0.999927424, 7.257599999999998e-05] 
nWPr24 0 [0.999927424, 7.257599999999998e-05] 
nWPr25 1 [0.000330624, 0.9996693759999999] 
nWPr26 0 [0.999927424, 7.257599999999998e-05] 
nWPr27 0 [0.999927424, 7.257599999999998e-05] 
nWPr29 0 [0.999887104, 0.00011289599999999998] 
nWPr30 0 [0.999927424, 7.257599999999998e-05] 
nWPr31 1 [0.000330624, 0.9996693759999999] 
nWPr32 0 [0.999927424, 7.257599999999998e-05] 
nWPr33 0 [0.999927424, 7.257599999999998e-05] 
nWPr34 0 [0.999927424, 7.257599999999998e-05] 
nWPr35 0 [0.999927424, 7.257599999999998e-05] 
nWPr36 0 [0.999927424, 7.257599999999998e-05] 
nWPr37 0 [0.999927424, 7.257599999999998e-05] 
nWPr38 0 [0.999927424, 7.257599999999998e-05] 
nWPr39 1 [0.0002903039999999999, 0.999709696] 
nWPr40 1 [0.000330624, 0.9996693759999999] 
nWPr41 0 [0.999927424, 7.257599999999998e-05] 
nWPr42 0 [0.999927424, 7.257599999999998e-05] 
nWPr43 0 [0.999927424, 7.257599999999998e-05] 
nWPr44 0 [0.994330624, 0.005669375999999998] 
nWPr45 0 [0.999927424, 7.257599999999998e-05] 
nWPr46 0 [0.999927424, 7.257599999999998e-05] 
nWPr47 0 [0.999927424, 7.257599999999998e-05] 
nWPr48 0 [0.999927424, 7.257599999999998e-05] 
nWPr49 0 [0.999927424, 7.257599999999998e-05] 
nWPr50 0 [0.999927424, 7.257599999999998e-05] 
nWPr51 1 [0.000330624, 0.9996693759999999] 
nWPr52 0 [0.999927424, 7.257599999999998e-05] 
nWPr53 0 [0.999887104, 0.00011289599999999998] 
nWPr54 0 [0.999887104, 0.00011289599999999998] 
nWPr55 0 [0.999927424, 7.257599999999998e-05] 
nWPr56 0 [0.999927424, 7.257599999999998e-05] 
nWPr57 0 [0.999887104, 0.00011289599999999998] 
nWPr58 0 [0.999927424, 7.257599999999998e-05] 
nWPr59 1 [0.0002903039999999999, 0.999709696] 
nWPr60 0 [0.999927424, 7.257599999999998e-05] 
nWPr61 0 [0.999927424, 7.257599999999998e-05] 
nWPr62 0 [0.999927424, 7.257599999999998e-05] 
nWPr63 1 [0.016327423999999993, 0.983672576] 
nWPr64 0 [0.999887104, 0.00011289599999999998] 
nWPr65 0 [0.999927424, 7.257599999999998e-05] 
nWPr66 0 [0.999927424, 7.257599999999998e-05] 
nWPr67 0 [0.999887104, 0.00011289599999999998] 
nWPr68 0 [0.999927424, 7.257599999999998e-05] 
nWPr69 0 [0.999927424, 7.257599999999998e-05] 
nWPr70 0 [0.999927424, 7.257599999999998e-05] 
nWPr72 0 [0.999927424, 7.257599999999998e-05] 
nWPr73 0 [0.999927424, 7.257599999999998e-05] 
nWPr74 0 [0.999927424, 7.257599999999998e-05] 
nWPr75 0 [0.999927424, 7.257599999999998e-05] 
nWPr76 0 [0.994290304, 0.0057096959999999985] 
nWPr79 0 [0.980290304, 0.019709695999999992] 
nWPr80 0 [0.999927424, 7.257599999999998e-05] 
nWPr81 1 [0.000330624, 0.9996693759999999] 
nWPr82 0 [0.999927424, 7.257599999999998e-05] 
nWPr83 0 [0.999887104, 0.00011289599999999998] 
nWPr84 0 [0.999927424, 7.257599999999998e-05] 
nWIn04 0 [0.999887104, 0.00011289599999999998] 
nWIn05 1 [0.003890303999999999, 0.996109696] 
nWIn10 0 [0.999927424, 7.257599999999998e-05] 
nWIn11 0 [0.999887104, 0.00011289599999999998] 
nWIn12 0 [0.999927424, 7.257599999999998e-05] 
nWIn13 0 [0.999927424, 7.257599999999998e-05] 
nWIn17 0 [0.999887104, 0.00011289599999999998] 
nWIn18 0 [0.999927424, 7.257599999999998e-05] 
nWIn19 0 [0.999927424, 7.257599999999998e-05] 
nWIn20 0 [0.999927424, 7.257599999999998e-05] 
nWIn24 0 [0.999927424, 7.257599999999998e-05] 
nWIn25 0 [0.999927424, 7.257599999999998e-05] 
nWIn26 0 [0.999927424, 7.257599999999998e-05] 
nWIn27 0 [0.999927424, 7.257599999999998e-05] 
nWIn29 0 [0.999927424, 7.257599999999998e-05] 
nWIn30 0 [0.999927424, 7.257599999999998e-05] 
nWIn31 0 [0.999927424, 7.257599999999998e-05] 
nWIn32 0 [0.999927424, 7.257599999999998e-05] 
nWIn33 0 [0.999887104, 0.00011289599999999998] 
nWIn34 0 [0.999887104, 0.00011289599999999998] 
nWIn35 0 [0.999927424, 7.257599999999998e-05] 
nWIn36 0 [0.999927424, 7.257599999999998e-05] 
nWIn38 0 [0.999927424, 7.257599999999998e-05] 
nWIn39 0 [0.999927424, 7.257599999999998e-05] 
nWIn40 0 [0.999927424, 7.257599999999998e-05] 
nWIn41 0 [0.999887104, 0.00011289599999999998] 
nWIn43 0 [0.999887104, 0.00011289599999999998] 
nWIn44 0 [0.997930624, 0.002069376] 
nWIn45 0 [0.999927424, 7.257599999999998e-05] 
nWIn46 0 [0.999927424, 7.257599999999998e-05] 
nWIn47 0 [0.999927424, 7.257599999999998e-05] 
nWIn48 0 [0.999927424, 7.257599999999998e-05] 
nWIn49 0 [0.999927424, 7.257599999999998e-05] 
nWIn50 0 [0.999927424, 7.257599999999998e-05] 
nWIn51 0 [0.999927424, 7.257599999999998e-05] 
nWIn52 0 [0.999927424, 7.257599999999998e-05] 
nWIn53 0 [0.999927424, 7.257599999999998e-05] 
nWIn54 1 [0.000330624, 0.9996693759999999] 
nWIn55 0 [0.996327424, 0.003672575999999999] 
nWIn56 0 [0.999927424, 7.257599999999998e-05] 
nWIn57 0 [0.999927424, 7.257599999999998e-05] 
nWIn58 0 [0.999927424, 7.257599999999998e-05] 
nWIn59 0 [0.999927424, 7.257599999999998e-05] 
nWIn60 1 [0.0002903039999999999, 0.999709696] 
nWIn61 1 [0.000330624, 0.9996693759999999] 
nWIn62 0 [0.999887104, 0.00011289599999999998] 
nWIn63 0 [0.999927424, 7.257599999999998e-05] 
nWIn64 0 [0.999927424, 7.257599999999998e-05] 
nWIn65 0 [0.999927424, 7.257599999999998e-05] 
nWIn66 0 [0.999927424, 7.257599999999998e-05] 
nWIn67 1 [0.000330624, 0.9996693759999999] 
nWIn68 1 [0.0002903039999999999, 0.999709696] 
nWIn69 0 [0.999927424, 7.257599999999998e-05] 
nWIn71 0 [0.999927424, 7.257599999999998e-05] 
nWIn72 0 [0.999927424, 7.257599999999998e-05] 
nWIn73 0 [0.999927424, 7.257599999999998e-05] 
nWIn80 1 [0.000330624, 0.9996693759999999] 
nWIn81 0 [0.999927424, 7.257599999999998e-05] 
nWIn82 0 [0.999927424, 7.257599999999998e-05] 
nWIn83 0 [0.999927424, 7.257599999999998e-05] 
nWIn84 0 [0.999927424, 7.257599999999998e-05] 
nWIn85 1 [0.000330624, 0.9996693759999999] 

Elite 5 OF_MAX_VPL 2915300001.91
nWWcat 1 [0.0002903039999999999, 0.999709696] 
nWPr05 0 [0.999927424, 7.257599999999998e-05] 
nWPr11 0 [0.999927424, 7.257599999999998e-05] 
nWPr12 0 [0.999927424, 7.257599999999998e-05] 
nWPr13 0 [0.999927424, 7.257599999999998e-05] 
nWPr18 0 [0.999927424, 7.257599999999998e-05] 
nWPr19 0 [0.905887104, 0.09411289599999997] 
nWPr20 0 [0.999927424, 7.257599999999998e-05] 
nWPr24 0 [0.999927424, 7.257599999999998e-05] 
nWPr25 1 [0.000330624, 0.9996693759999999] 
nWPr26 0 [0.999927424, 7.257599999999998e-05] 
nWPr27 0 [0.999927424, 7.257599999999998e-05] 
nWPr29 0 [0.999887104, 0.00011289599999999998] 
nWPr30 0 [0.999927424, 7.257599999999998e-05] 
nWPr31 1 [0.000330624, 0.9996693759999999] 
nWPr32 0 [0.999927424, 7.257599999999998e-05] 
nWPr33 0 [0.999927424, 7.257599999999998e-05] 
nWPr34 0 [0.999927424, 7.257599999999998e-05] 
nWPr35 0 [0.999927424, 7.257599999999998e-05] 
nWPr36 0 [0.999927424, 7.257599999999998e-05] 
nWPr37 0 [0.999927424, 7.257599999999998e-05] 
nWPr38 0 [0.999927424, 7.257599999999998e-05] 
nWPr39 1 [0.0002903039999999999, 0.999709696] 
nWPr40 1 [0.000330624, 0.9996693759999999] 
nWPr41 0 [0.999927424, 7.257599999999998e-05] 
nWPr42 0 [0.999927424, 7.257599999999998e-05] 
nWPr43 0 [0.999927424, 7.257599999999998e-05] 
nWPr44 0 [0.994330624, 0.005669375999999998] 
nWPr45 0 [0.999927424, 7.257599999999998e-05] 
nWPr46 0 [0.999927424, 7.257599999999998e-05] 
nWPr47 0 [0.999927424, 7.257599999999998e-05] 
nWPr48 0 [0.999927424, 7.257599999999998e-05] 
nWPr49 0 [0.999927424, 7.257599999999998e-05] 
nWPr50 0 [0.999927424, 7.257599999999998e-05] 
nWPr51 1 [0.000330624, 0.9996693759999999] 
nWPr52 0 [0.999927424, 7.257599999999998e-05] 
nWPr53 0 [0.999887104, 0.00011289599999999998] 
nWPr54 0 [0.999887104, 0.00011289599999999998] 
nWPr55 0 [0.999927424, 7.257599999999998e-05] 
nWPr56 0 [0.999927424, 7.257599999999998e-05] 
nWPr57 0 [0.999887104, 0.00011289599999999998] 
nWPr58 0 [0.999927424, 7.257599999999998e-05] 
nWPr59 1 [0.0002903039999999999, 0.999709696] 
nWPr60 0 [0.999927424, 7.257599999999998e-05] 
nWPr61 0 [0.999927424, 7.257599999999998e-05] 
nWPr62 0 [0.999927424, 7.257599999999998e-05] 
nWPr63 1 [0.016327423999999993, 0.983672576] 
nWPr64 0 [0.999887104, 0.00011289599999999998] 
nWPr65 0 [0.999927424, 7.257599999999998e-05] 
nWPr66 0 [0.999927424, 7.257599999999998e-05] 
nWPr67 0 [0.999887104, 0.00011289599999999998] 
nWPr68 0 [0.999927424, 7.257599999999998e-05] 
nWPr69 0 [0.999927424, 7.257599999999998e-05] 
nWPr70 0 [0.999927424, 7.257599999999998e-05] 
nWPr72 0 [0.999927424, 7.257599999999998e-05] 
nWPr73 0 [0.999927424, 7.257599999999998e-05] 
nWPr74 0 [0.999927424, 7.257599999999998e-05] 
nWPr75 0 [0.999927424, 7.257599999999998e-05] 
nWPr76 0 [0.994290304, 0.0057096959999999985] 
nWPr79 0 [0.980290304, 0.019709695999999992] 
nWPr80 0 [0.999927424, 7.257599999999998e-05] 
nWPr81 1 [0.000330624, 0.9996693759999999] 
nWPr82 0 [0.999927424, 7.257599999999998e-05] 
nWPr83 0 [0.999887104, 0.00011289599999999998] 
nWPr84 0 [0.999927424, 7.257599999999998e-05] 
nWIn04 0 [0.999887104, 0.00011289599999999998] 
nWIn05 1 [0.003890303999999999, 0.996109696] 
nWIn10 0 [0.999927424, 7.257599999999998e-05] 
nWIn11 0 [0.999887104, 0.00011289599999999998] 
nWIn12 0 [0.999927424, 7.257599999999998e-05] 
nWIn13 0 [0.999927424, 7.257599999999998e-05] 
nWIn17 0 [0.999887104, 0.00011289599999999998] 
nWIn18 0 [0.999927424, 7.257599999999998e-05] 
nWIn19 0 [0.999927424, 7.257599999999998e-05] 
nWIn20 0 [0.999927424, 7.257599999999998e-05] 
nWIn24 0 [0.999927424, 7.257599999999998e-05] 
nWIn25 0 [0.999927424, 7.257599999999998e-05] 
nWIn26 0 [0.999927424, 7.257599999999998e-05] 
nWIn27 0 [0.999927424, 7.257599999999998e-05] 
nWIn29 0 [0.999927424, 7.257599999999998e-05] 
nWIn30 0 [0.999927424, 7.257599999999998e-05] 
nWIn31 0 [0.999927424, 7.257599999999998e-05] 
nWIn32 0 [0.999927424, 7.257599999999998e-05] 
nWIn33 0 [0.999887104, 0.00011289599999999998] 
nWIn34 0 [0.999887104, 0.00011289599999999998] 
nWIn35 0 [0.999927424, 7.257599999999998e-05] 
nWIn36 0 [0.999927424, 7.257599999999998e-05] 
nWIn38 0 [0.999927424, 7.257599999999998e-05] 
nWIn39 0 [0.999927424, 7.257599999999998e-05] 
nWIn40 0 [0.999927424, 7.257599999999998e-05] 
nWIn41 0 [0.999887104, 0.00011289599999999998] 
nWIn43 0 [0.999887104, 0.00011289599999999998] 
nWIn44 0 [0.997930624, 0.002069376] 
nWIn45 0 [0.999927424, 7.257599999999998e-05] 
nWIn46 0 [0.999927424, 7.257599999999998e-05] 
nWIn47 0 [0.999927424, 7.257599999999998e-05] 
nWIn48 0 [0.999927424, 7.257599999999998e-05] 
nWIn49 0 [0.999927424, 7.257599999999998e-05] 
nWIn50 0 [0.999927424, 7.257599999999998e-05] 
nWIn51 0 [0.999927424, 7.257599999999998e-05] 
nWIn52 0 [0.999927424, 7.257599999999998e-05] 
nWIn53 0 [0.999927424, 7.257599999999998e-05] 
nWIn54 1 [0.000330624, 0.9996693759999999] 
nWIn55 0 [0.996327424, 0.003672575999999999] 
nWIn56 0 [0.999927424, 7.257599999999998e-05] 
nWIn57 0 [0.999927424, 7.257599999999998e-05] 
nWIn58 0 [0.999927424, 7.257599999999998e-05] 
nWIn59 0 [0.999927424, 7.257599999999998e-05] 
nWIn60 1 [0.0002903039999999999, 0.999709696] 
nWIn61 1 [0.000330624, 0.9996693759999999] 
nWIn62 0 [0.999887104, 0.00011289599999999998] 
nWIn63 0 [0.999927424, 7.257599999999998e-05] 
nWIn64 0 [0.999927424, 7.257599999999998e-05] 
nWIn65 0 [0.999927424, 7.257599999999998e-05] 
nWIn66 0 [0.999927424, 7.257599999999998e-05] 
nWIn67 1 [0.000330624, 0.9996693759999999] 
nWIn68 1 [0.0002903039999999999, 0.999709696] 
nWIn69 0 [0.999927424, 7.257599999999998e-05] 
nWIn71 0 [0.999927424, 7.257599999999998e-05] 
nWIn72 0 [0.999927424, 7.257599999999998e-05] 
nWIn73 0 [0.999927424, 7.257599999999998e-05] 
nWIn80 1 [0.000330624, 0.9996693759999999] 
nWIn81 0 [0.999927424, 7.257599999999998e-05] 
nWIn82 0 [0.999927424, 7.257599999999998e-05] 
nWIn83 0 [0.999927424, 7.257599999999998e-05] 
nWIn84 0 [0.999927424, 7.257599999999998e-05] 
nWIn85 1 [0.000330624, 0.9996693759999999] 

