Elite 1 OF_MAX_VPL 2923847141.99
NA2_CONSIDER 0 [0.9017010782509375, 0.09829892174906245] 
NA3D_CONSIDER 0 [0.89602415862317, 0.10397584137683012] 
PltPRDSTL_PltPRDSTO 23250 [0.513990526222008, 0.05433077808450798, 0.053959836961685534, 0.053959836961685534, 0.053959836961685534, 0.053959836961685534, 0.053959836961685534, 0.053959836961685534, 0.053959836961685534, 0.053959836961685534] 
PltPRDSTW 11160 [0.06941128421262667, 0.6528694937839754, 0.06941128421262667, 0.06948536936551779, 0.06941128421262667, 0.06941128421262667] 
PltINJSTW 31465 [0.048624928266747657, 0.4650871980809383, 0.048624928266747657, 0.048624928266747657, 0.04866351925158506, 0.048624928266747657, 0.048624928266747657, 0.048624928266747657, 0.048624928266747657, 0.048624928266747657, 0.048624928266747657, 0.048624928266747657] 
PROD005_DIRECTION J [0.10385897291059835, 0.8961410270894016] 
PROD005_I 29 [0.08051045039918127, 0.08551392661932503, 0.08051045039918127, 0.7534651725823125] 
PROD005_J 17 [0.06140379499836932, 0.5747275243396976, 0.060644780110322205, 0.060644780110322205, 0.060644780110322205, 0.060644780110322205, 0.060644780110322205, 0.060644780110322205] 
PROD005_K 2 [0.13612237658006585, 0.778762519769595, 0.08511510365033917] 
PROD006_I 52 [0.08090463911059277, 0.7552286246957255, 0.08208437418656539, 0.0817823620071164] 
PROD006_J 3 [0.09918472826290448, 0.9008152717370956] 
PROD007_I 61 [0.07639100260430706, 0.07460579862721203, 0.6997916015140567, 0.07460579862721203, 0.07460579862721203] 
PROD007_J 12 [0.08880245807323382, 0.08880245807323382, 0.8223950838535323] 
PROD009_DIRECTION I [0.887785385464143, 0.11221461453585704] 
PROD009_I 5 [0.7003701286670322, 0.07474023047264504, 0.07474023047264504, 0.07474023047264504, 0.07540917991503285] 
PROD009_J 42 [0.06476726458665197, 0.06476726458665197, 0.06476726458665197, 0.06476726458665197, 0.611396412480088, 0.06476726458665197, 0.06476726458665197] 
PROD009_K 3 [0.09006403226747098, 0.08857947665723247, 0.8213564910752966] 
PROD010_DIRECTION J [0.09907168328698238, 0.9009283167130178] 
PROD010_I 31 [0.06060134811300703, 0.06066063015967559, 0.5745597550019269, 0.06060134811300703, 0.06060134811300703, 0.06060134811300703, 0.061772874273362186, 0.06060134811300703] 
PROD010_J 34 [0.0648260988307222, 0.06476072695422613, 0.06476072695422613, 0.06476072695422613, 0.611370266398147, 0.06476072695422613, 0.06476072695422613] 
PROD010_K 3 [0.08419418819084586, 0.12733024588723837, 0.7884755659219158] 
PROD012_DIRECTION J [0.09818657671793085, 0.9018134232820691] 
PROD012_I 42 [0.5427814779050163, 0.05714581140080477, 0.05714581140080477, 0.05719784228935012, 0.05714581140080477, 0.05714581140080477, 0.05714581140080477, 0.05714581140080477, 0.05714581140080477] 
PROD012_J 34 [0.05116258304262158, 0.05120500331298359, 0.05116258304262158, 0.05116258304262158, 0.48833174930342227, 0.05116258304262158, 0.05116258304262158, 0.05116258304262158, 0.05116258304262158, 0.05116258304262158, 0.05116258304262158] 
PROD012_K 2 [0.08883397940420279, 0.8182443666442462, 0.09292165395155105] 
PROD014_DIRECTION J [0.09829892174906245, 0.9017010782509375] 
PROD014_I 48 [0.06476072695422613, 0.06476072695422613, 0.611370266398147, 0.0648260988307222, 0.06476072695422613, 0.06476072695422613, 0.06476072695422613] 
PROD014_J 40 [0.05398552557677283, 0.05398552557677283, 0.05398552557677283, 0.05398552557677283, 0.05398552557677283, 0.05398552557677283, 0.5140834149215601, 0.05403238046425729, 0.05398552557677283, 0.05398552557677283] 
PROD014_K 1 [0.8216838068049666, 0.08864974994086273, 0.08966644325417082] 
PROD021_DIRECTION I [0.9003567928133371, 0.09964320718666282] 
PROD021_I 17 [0.04955442592518724, 0.04817881431128084, 0.04817881431128084, 0.4635709694584242, 0.053219055264633906, 0.048225034861508094, 0.04817881431128084, 0.04817881431128084, 0.04817881431128084, 0.04817881431128084, 0.04817881431128084, 0.04817881431128084] 
PROD021_J 42 [0.0648260988307222, 0.06476072695422613, 0.06476072695422613, 0.06476072695422613, 0.06476072695422613, 0.611370266398147, 0.06476072695422613] 
PROD021_K 3 [0.08889959271335658, 0.08878528966594057, 0.822315117620703] 
PROD023A_DIRECTION I [0.9017010782509375, 0.09829892174906245] 
PROD023A_I 60 [0.07570543782219472, 0.07477343210056021, 0.07468796432696055, 0.07468796432696055, 0.700145201423324] 
PROD023A_J 18 [0.06913794115805026, 0.0690611520046333, 0.0690611520046333, 0.07226070006367345, 0.0690611520046333, 0.6514179027643765] 
PROD023A_K 2 [0.08955165529944248, 0.8216838068049663, 0.08876453789559105] 
PROD024A_I 56 [0.6108435083434817, 0.06462901503859327, 0.06515217154115784, 0.06542167640611536, 0.06469559859346512, 0.06462901503859327, 0.06462901503859327] 
PROD024A_J 36 [0.0817823620071164, 0.08208437418656539, 0.08090463911059277, 0.7552286246957255] 
PROD024A_K 3 [0.08956848294151468, 0.08866706428458328, 0.8217644527739021] 
PROD025A_DIRECTION J [0.10168360450512101, 0.8983163954948791] 
PROD025A_I 54 [0.6526036387451918, 0.0693471584289323, 0.0693471584289323, 0.07000772753907916, 0.0693471584289323, 0.0693471584289323] 
PROD025A_J 21 [0.0820350549754559, 0.6964659118705043, 0.07383301105134665, 0.07383301105134665, 0.07383301105134665] 
PROD025A_K 2 [0.0871931774729134, 0.8148994492862224, 0.09790737324086428] 
PROD026_DIRECTION I [0.09818657671793085, 0.9018134232820691] 
PROD026_I 49 [0.07482079284013869, 0.07482079284013869, 0.07482079284013869, 0.07482079284013869, 0.7007168286394453] 
PROD026_J 8 [0.0648260988307222, 0.06476072695422613, 0.06476072695422613, 0.06476072695422613, 0.611370266398147, 0.06476072695422613, 0.06476072695422613] 
PROD026_K 1 [0.7788122747813493, 0.13692679435384564, 0.08426093086480518] 
INJ006_I 51 [0.06690654557617683, 0.09641306026491325, 0.6348641267358907, 0.06800317627066564, 0.06690654557617683, 0.06690654557617683] 
INJ006_J 24 [0.06066688910821312, 0.06066688910821312, 0.06112715851947143, 0.5748129270879989, 0.06066688910821312, 0.06066688910821312, 0.06066688910821312, 0.060725468851464175] 
INJ006_K 13 [0.089136367236052, 0.07991241336560789, 0.7503223824311444, 0.08062883696719579] 
INJ010_DIRECTION I [0.9018134232820691, 0.09818657671793085] 
INJ010_I 72 [0.07437334304331042, 0.0742853427832587, 0.0742853427832587, 0.07864345090010573, 0.6984125204900664] 
INJ010_J 32 [0.07472990782178267, 0.7003257051616095, 0.07539936742370675, 0.07481511177111846, 0.07472990782178267] 
INJ010_K 8 [0.0812646587553313, 0.7564016463117725, 0.081166847466448, 0.081166847466448] 
INJ017_DIRECTION I [0.9018134232820691, 0.09818657671793085] 
INJ017_I 38 [0.06899224298781353, 0.06899224298781353, 0.06899224298781353, 0.07289881082743392, 0.06899224298781353, 0.6511322172213119] 
INJ017_J 22 [0.06601141646355181, 0.06462901503859328, 0.06462901503859328, 0.06462901503859328, 0.6108435083434818, 0.06462901503859328, 0.06462901503859328] 
INJ017_K 15 [0.07481059274812236, 0.07481059274812236, 0.07489528918988426, 0.7006729325657487, 0.07481059274812236] 
INJ019_DIRECTION I [0.8995767074803325, 0.10042329251966754] 
INJ019_I 28 [0.06941128421262668, 0.06941128421262668, 0.06941128421262668, 0.06948536936551779, 0.06941128421262668, 0.6528694937839754] 
INJ019_J 47 [0.08116684746644803, 0.08116684746644803, 0.7564016463117726, 0.08126465875533133] 
INJ019_K 17 [0.07757054121723718, 0.07746384401157072, 0.11768699694138857, 0.7272786178298035] 
INJ021_DIRECTION J [0.09829892174906245, 0.9017010782509375] 
INJ021_I 21 [0.5419339914203439, 0.05963352823646313, 0.05691892576331333, 0.05691892576331333, 0.05691892576331333, 0.05691892576331333, 0.05691892576331333, 0.05691892576331333, 0.05691892576331333] 
INJ021_J 27 [0.06935536746453724, 0.0699408580741265, 0.6526376720677244, 0.06935536746453724, 0.06935536746453724, 0.06935536746453724] 
INJ021_K 12 [0.08116684746644803, 0.08116684746644803, 0.7564016463117726, 0.08126465875533133] 
INJ022_DIRECTION J [0.10053741054774219, 0.8994625894522577] 
INJ022_I 67 [0.07472990782178267, 0.7003257051616095, 0.07472990782178267, 0.07472990782178267, 0.07548457137304254] 
INJ022_J 26 [0.08116684746644803, 0.08116684746644803, 0.08126465875533133, 0.7564016463117726] 
INJ022_K 15 [0.07639100260430708, 0.07460579862721203, 0.07460579862721203, 0.07460579862721203, 0.6997916015140568] 
INJ023_DIRECTION J [0.1556665886744405, 0.8443334113255595] 
INJ023_I 44 [0.06935536746453726, 0.06935536746453726, 0.06935536746453726, 0.06994085807412652, 0.6526376720677245, 0.06935536746453726] 
INJ023_J 13 [0.0694112842126267, 0.0694112842126267, 0.6528694937839755, 0.0694853693655178, 0.0694112842126267, 0.0694112842126267] 
INJ023_K 7 [0.9009283167130178, 0.09907168328698238] 
NA1A_CONSIDER 1 [0.09918472826290448, 0.9008152717370956] 

Elite 2 OF_MAX_VPL 2899824571.28
NA2_CONSIDER 0 [0.9017010782509375, 0.09829892174906245] 
NA3D_CONSIDER 0 [0.89602415862317, 0.10397584137683012] 
PltPRDSTL_PltPRDSTO 23250 [0.513990526222008, 0.05433077808450798, 0.053959836961685534, 0.053959836961685534, 0.053959836961685534, 0.053959836961685534, 0.053959836961685534, 0.053959836961685534, 0.053959836961685534, 0.053959836961685534] 
PltPRDSTW 11160 [0.06941128421262667, 0.6528694937839754, 0.06941128421262667, 0.06948536936551779, 0.06941128421262667, 0.06941128421262667] 
PltINJSTW 31465 [0.048624928266747657, 0.4650871980809383, 0.048624928266747657, 0.048624928266747657, 0.04866351925158506, 0.048624928266747657, 0.048624928266747657, 0.048624928266747657, 0.048624928266747657, 0.048624928266747657, 0.048624928266747657, 0.048624928266747657] 
PROD005_DIRECTION J [0.10385897291059835, 0.8961410270894016] 
PROD005_I 29 [0.08051045039918127, 0.08551392661932503, 0.08051045039918127, 0.7534651725823125] 
PROD005_J 17 [0.06140379499836932, 0.5747275243396976, 0.060644780110322205, 0.060644780110322205, 0.060644780110322205, 0.060644780110322205, 0.060644780110322205, 0.060644780110322205] 
PROD005_K 2 [0.13612237658006585, 0.778762519769595, 0.08511510365033917] 
PROD006_I 52 [0.08090463911059277, 0.7552286246957255, 0.08208437418656539, 0.0817823620071164] 
PROD006_J 3 [0.09918472826290448, 0.9008152717370956] 
PROD007_I 61 [0.07639100260430706, 0.07460579862721203, 0.6997916015140567, 0.07460579862721203, 0.07460579862721203] 
PROD007_J 12 [0.08880245807323382, 0.08880245807323382, 0.8223950838535323] 
PROD009_DIRECTION I [0.887785385464143, 0.11221461453585704] 
PROD009_I 5 [0.7003701286670322, 0.07474023047264504, 0.07474023047264504, 0.07474023047264504, 0.07540917991503285] 
PROD009_J 42 [0.06476726458665197, 0.06476726458665197, 0.06476726458665197, 0.06476726458665197, 0.611396412480088, 0.06476726458665197, 0.06476726458665197] 
PROD009_K 3 [0.09006403226747098, 0.08857947665723247, 0.8213564910752966] 
PROD010_DIRECTION J [0.09907168328698238, 0.9009283167130178] 
PROD010_I 31 [0.06060134811300703, 0.06066063015967559, 0.5745597550019269, 0.06060134811300703, 0.06060134811300703, 0.06060134811300703, 0.061772874273362186, 0.06060134811300703] 
PROD010_J 34 [0.0648260988307222, 0.06476072695422613, 0.06476072695422613, 0.06476072695422613, 0.611370266398147, 0.06476072695422613, 0.06476072695422613] 
PROD010_K 3 [0.08419418819084586, 0.12733024588723837, 0.7884755659219158] 
PROD012_DIRECTION J [0.09818657671793085, 0.9018134232820691] 
PROD012_I 37 [0.5427814779050163, 0.05714581140080477, 0.05714581140080477, 0.05719784228935012, 0.05714581140080477, 0.05714581140080477, 0.05714581140080477, 0.05714581140080477, 0.05714581140080477] 
PROD012_J 34 [0.05116258304262158, 0.05120500331298359, 0.05116258304262158, 0.05116258304262158, 0.48833174930342227, 0.05116258304262158, 0.05116258304262158, 0.05116258304262158, 0.05116258304262158, 0.05116258304262158, 0.05116258304262158] 
PROD012_K 2 [0.08883397940420279, 0.8182443666442462, 0.09292165395155105] 
PROD014_DIRECTION J [0.09829892174906245, 0.9017010782509375] 
PROD014_I 48 [0.06476072695422613, 0.06476072695422613, 0.611370266398147, 0.0648260988307222, 0.06476072695422613, 0.06476072695422613, 0.06476072695422613] 
PROD014_J 40 [0.05398552557677283, 0.05398552557677283, 0.05398552557677283, 0.05398552557677283, 0.05398552557677283, 0.05398552557677283, 0.5140834149215601, 0.05403238046425729, 0.05398552557677283, 0.05398552557677283] 
PROD014_K 1 [0.8216838068049666, 0.08864974994086273, 0.08966644325417082] 
PROD021_DIRECTION I [0.9003567928133371, 0.09964320718666282] 
PROD021_I 17 [0.04955442592518724, 0.04817881431128084, 0.04817881431128084, 0.4635709694584242, 0.053219055264633906, 0.048225034861508094, 0.04817881431128084, 0.04817881431128084, 0.04817881431128084, 0.04817881431128084, 0.04817881431128084, 0.04817881431128084] 
PROD021_J 42 [0.0648260988307222, 0.06476072695422613, 0.06476072695422613, 0.06476072695422613, 0.06476072695422613, 0.611370266398147, 0.06476072695422613] 
PROD021_K 3 [0.08889959271335658, 0.08878528966594057, 0.822315117620703] 
PROD023A_DIRECTION I [0.9017010782509375, 0.09829892174906245] 
PROD023A_I 60 [0.07570543782219472, 0.07477343210056021, 0.07468796432696055, 0.07468796432696055, 0.700145201423324] 
PROD023A_J 18 [0.06913794115805026, 0.0690611520046333, 0.0690611520046333, 0.07226070006367345, 0.0690611520046333, 0.6514179027643765] 
PROD023A_K 2 [0.08955165529944248, 0.8216838068049663, 0.08876453789559105] 
PROD024A_I 56 [0.6108435083434817, 0.06462901503859327, 0.06515217154115784, 0.06542167640611536, 0.06469559859346512, 0.06462901503859327, 0.06462901503859327] 
PROD024A_J 36 [0.0817823620071164, 0.08208437418656539, 0.08090463911059277, 0.7552286246957255] 
PROD024A_K 3 [0.08956848294151468, 0.08866706428458328, 0.8217644527739021] 
PROD025A_DIRECTION J [0.10168360450512101, 0.8983163954948791] 
PROD025A_I 54 [0.6526036387451918, 0.0693471584289323, 0.0693471584289323, 0.07000772753907916, 0.0693471584289323, 0.0693471584289323] 
PROD025A_J 22 [0.0820350549754559, 0.6964659118705043, 0.07383301105134665, 0.07383301105134665, 0.07383301105134665] 
PROD025A_K 2 [0.0871931774729134, 0.8148994492862224, 0.09790737324086428] 
PROD026_DIRECTION J [0.09818657671793085, 0.9018134232820691] 
PROD026_I 49 [0.07482079284013869, 0.07482079284013869, 0.07482079284013869, 0.07482079284013869, 0.7007168286394453] 
PROD026_J 7 [0.0648260988307222, 0.06476072695422613, 0.06476072695422613, 0.06476072695422613, 0.611370266398147, 0.06476072695422613, 0.06476072695422613] 
PROD026_K 2 [0.7788122747813493, 0.13692679435384564, 0.08426093086480518] 
INJ006_I 51 [0.06690654557617683, 0.09641306026491325, 0.6348641267358907, 0.06800317627066564, 0.06690654557617683, 0.06690654557617683] 
INJ006_J 24 [0.06066688910821312, 0.06066688910821312, 0.06112715851947143, 0.5748129270879989, 0.06066688910821312, 0.06066688910821312, 0.06066688910821312, 0.060725468851464175] 
INJ006_K 13 [0.089136367236052, 0.07991241336560789, 0.7503223824311444, 0.08062883696719579] 
INJ010_DIRECTION I [0.9018134232820691, 0.09818657671793085] 
INJ010_I 72 [0.07437334304331042, 0.0742853427832587, 0.0742853427832587, 0.07864345090010573, 0.6984125204900664] 
INJ010_J 32 [0.07472990782178267, 0.7003257051616095, 0.07539936742370675, 0.07481511177111846, 0.07472990782178267] 
INJ010_K 8 [0.0812646587553313, 0.7564016463117725, 0.081166847466448, 0.081166847466448] 
INJ017_DIRECTION I [0.9018134232820691, 0.09818657671793085] 
INJ017_I 38 [0.06899224298781353, 0.06899224298781353, 0.06899224298781353, 0.07289881082743392, 0.06899224298781353, 0.6511322172213119] 
INJ017_J 22 [0.06601141646355181, 0.06462901503859328, 0.06462901503859328, 0.06462901503859328, 0.6108435083434818, 0.06462901503859328, 0.06462901503859328] 
INJ017_K 15 [0.07481059274812236, 0.07481059274812236, 0.07489528918988426, 0.7006729325657487, 0.07481059274812236] 
INJ019_DIRECTION I [0.8995767074803325, 0.10042329251966754] 
INJ019_I 34 [0.06941128421262668, 0.06941128421262668, 0.06941128421262668, 0.06948536936551779, 0.06941128421262668, 0.6528694937839754] 
INJ019_J 47 [0.08116684746644803, 0.08116684746644803, 0.7564016463117726, 0.08126465875533133] 
INJ019_K 17 [0.07757054121723718, 0.07746384401157072, 0.11768699694138857, 0.7272786178298035] 
INJ021_DIRECTION J [0.09829892174906245, 0.9017010782509375] 
INJ021_I 21 [0.5419339914203439, 0.05963352823646313, 0.05691892576331333, 0.05691892576331333, 0.05691892576331333, 0.05691892576331333, 0.05691892576331333, 0.05691892576331333, 0.05691892576331333] 
INJ021_J 27 [0.06935536746453724, 0.0699408580741265, 0.6526376720677244, 0.06935536746453724, 0.06935536746453724, 0.06935536746453724] 
INJ021_K 12 [0.08116684746644803, 0.08116684746644803, 0.7564016463117726, 0.08126465875533133] 
INJ022_DIRECTION J [0.10053741054774219, 0.8994625894522577] 
INJ022_I 67 [0.07472990782178267, 0.7003257051616095, 0.07472990782178267, 0.07472990782178267, 0.07548457137304254] 
INJ022_J 26 [0.08116684746644803, 0.08116684746644803, 0.08126465875533133, 0.7564016463117726] 
INJ022_K 15 [0.07639100260430708, 0.07460579862721203, 0.07460579862721203, 0.07460579862721203, 0.6997916015140568] 
INJ023_DIRECTION J [0.1556665886744405, 0.8443334113255595] 
INJ023_I 44 [0.06935536746453726, 0.06935536746453726, 0.06935536746453726, 0.06994085807412652, 0.6526376720677245, 0.06935536746453726] 
INJ023_J 13 [0.0694112842126267, 0.0694112842126267, 0.6528694937839755, 0.0694853693655178, 0.0694112842126267, 0.0694112842126267] 
INJ023_K 7 [0.9009283167130178, 0.09907168328698238] 
NA1A_CONSIDER 1 [0.09918472826290448, 0.9008152717370956] 

Elite 3 OF_MAX_VPL 2899211989.04
NA2_CONSIDER 0 [0.9017010782509375, 0.09829892174906245] 
NA3D_CONSIDER 0 [0.89602415862317, 0.10397584137683012] 
PltPRDSTL_PltPRDSTO 23250 [0.513990526222008, 0.05433077808450798, 0.053959836961685534, 0.053959836961685534, 0.053959836961685534, 0.053959836961685534, 0.053959836961685534, 0.053959836961685534, 0.053959836961685534, 0.053959836961685534] 
PltPRDSTW 11160 [0.06941128421262667, 0.6528694937839754, 0.06941128421262667, 0.06948536936551779, 0.06941128421262667, 0.06941128421262667] 
PltINJSTW 31465 [0.048624928266747657, 0.4650871980809383, 0.048624928266747657, 0.048624928266747657, 0.04866351925158506, 0.048624928266747657, 0.048624928266747657, 0.048624928266747657, 0.048624928266747657, 0.048624928266747657, 0.048624928266747657, 0.048624928266747657] 
PROD005_DIRECTION J [0.10385897291059835, 0.8961410270894016] 
PROD005_I 29 [0.08051045039918127, 0.08551392661932503, 0.08051045039918127, 0.7534651725823125] 
PROD005_J 17 [0.06140379499836932, 0.5747275243396976, 0.060644780110322205, 0.060644780110322205, 0.060644780110322205, 0.060644780110322205, 0.060644780110322205, 0.060644780110322205] 
PROD005_K 2 [0.13612237658006585, 0.778762519769595, 0.08511510365033917] 
PROD006_I 52 [0.08090463911059277, 0.7552286246957255, 0.08208437418656539, 0.0817823620071164] 
PROD006_J 3 [0.09918472826290448, 0.9008152717370956] 
PROD007_I 61 [0.07639100260430706, 0.07460579862721203, 0.6997916015140567, 0.07460579862721203, 0.07460579862721203] 
PROD007_J 12 [0.08880245807323382, 0.08880245807323382, 0.8223950838535323] 
PROD009_DIRECTION I [0.887785385464143, 0.11221461453585704] 
PROD009_I 5 [0.7003701286670322, 0.07474023047264504, 0.07474023047264504, 0.07474023047264504, 0.07540917991503285] 
PROD009_J 42 [0.06476726458665197, 0.06476726458665197, 0.06476726458665197, 0.06476726458665197, 0.611396412480088, 0.06476726458665197, 0.06476726458665197] 
PROD009_K 3 [0.09006403226747098, 0.08857947665723247, 0.8213564910752966] 
PROD010_DIRECTION J [0.09907168328698238, 0.9009283167130178] 
PROD010_I 31 [0.06060134811300703, 0.06066063015967559, 0.5745597550019269, 0.06060134811300703, 0.06060134811300703, 0.06060134811300703, 0.061772874273362186, 0.06060134811300703] 
PROD010_J 34 [0.0648260988307222, 0.06476072695422613, 0.06476072695422613, 0.06476072695422613, 0.611370266398147, 0.06476072695422613, 0.06476072695422613] 
PROD010_K 3 [0.08419418819084586, 0.12733024588723837, 0.7884755659219158] 
PROD012_DIRECTION J [0.09818657671793085, 0.9018134232820691] 
PROD012_I 37 [0.5427814779050163, 0.05714581140080477, 0.05714581140080477, 0.05719784228935012, 0.05714581140080477, 0.05714581140080477, 0.05714581140080477, 0.05714581140080477, 0.05714581140080477] 
PROD012_J 34 [0.05116258304262158, 0.05120500331298359, 0.05116258304262158, 0.05116258304262158, 0.48833174930342227, 0.05116258304262158, 0.05116258304262158, 0.05116258304262158, 0.05116258304262158, 0.05116258304262158, 0.05116258304262158] 
PROD012_K 2 [0.08883397940420279, 0.8182443666442462, 0.09292165395155105] 
PROD014_DIRECTION J [0.09829892174906245, 0.9017010782509375] 
PROD014_I 48 [0.06476072695422613, 0.06476072695422613, 0.611370266398147, 0.0648260988307222, 0.06476072695422613, 0.06476072695422613, 0.06476072695422613] 
PROD014_J 40 [0.05398552557677283, 0.05398552557677283, 0.05398552557677283, 0.05398552557677283, 0.05398552557677283, 0.05398552557677283, 0.5140834149215601, 0.05403238046425729, 0.05398552557677283, 0.05398552557677283] 
PROD014_K 1 [0.8216838068049666, 0.08864974994086273, 0.08966644325417082] 
PROD021_DIRECTION I [0.9003567928133371, 0.09964320718666282] 
PROD021_I 17 [0.04955442592518724, 0.04817881431128084, 0.04817881431128084, 0.4635709694584242, 0.053219055264633906, 0.048225034861508094, 0.04817881431128084, 0.04817881431128084, 0.04817881431128084, 0.04817881431128084, 0.04817881431128084, 0.04817881431128084] 
PROD021_J 42 [0.0648260988307222, 0.06476072695422613, 0.06476072695422613, 0.06476072695422613, 0.06476072695422613, 0.611370266398147, 0.06476072695422613] 
PROD021_K 3 [0.08889959271335658, 0.08878528966594057, 0.822315117620703] 
PROD023A_DIRECTION I [0.9017010782509375, 0.09829892174906245] 
PROD023A_I 60 [0.07570543782219472, 0.07477343210056021, 0.07468796432696055, 0.07468796432696055, 0.700145201423324] 
PROD023A_J 18 [0.06913794115805026, 0.0690611520046333, 0.0690611520046333, 0.07226070006367345, 0.0690611520046333, 0.6514179027643765] 
PROD023A_K 2 [0.08955165529944248, 0.8216838068049663, 0.08876453789559105] 
PROD024A_I 56 [0.6108435083434817, 0.06462901503859327, 0.06515217154115784, 0.06542167640611536, 0.06469559859346512, 0.06462901503859327, 0.06462901503859327] 
PROD024A_J 36 [0.0817823620071164, 0.08208437418656539, 0.08090463911059277, 0.7552286246957255] 
PROD024A_K 3 [0.08956848294151468, 0.08866706428458328, 0.8217644527739021] 
PROD025A_DIRECTION J [0.10168360450512101, 0.8983163954948791] 
PROD025A_I 54 [0.6526036387451918, 0.0693471584289323, 0.0693471584289323, 0.07000772753907916, 0.0693471584289323, 0.0693471584289323] 
PROD025A_J 22 [0.0820350549754559, 0.6964659118705043, 0.07383301105134665, 0.07383301105134665, 0.07383301105134665] 
PROD025A_K 2 [0.0871931774729134, 0.8148994492862224, 0.09790737324086428] 
PROD026_DIRECTION J [0.09818657671793085, 0.9018134232820691] 
PROD026_I 49 [0.07482079284013869, 0.07482079284013869, 0.07482079284013869, 0.07482079284013869, 0.7007168286394453] 
PROD026_J 8 [0.0648260988307222, 0.06476072695422613, 0.06476072695422613, 0.06476072695422613, 0.611370266398147, 0.06476072695422613, 0.06476072695422613] 
PROD026_K 1 [0.7788122747813493, 0.13692679435384564, 0.08426093086480518] 
INJ006_I 51 [0.06690654557617683, 0.09641306026491325, 0.6348641267358907, 0.06800317627066564, 0.06690654557617683, 0.06690654557617683] 
INJ006_J 24 [0.06066688910821312, 0.06066688910821312, 0.06112715851947143, 0.5748129270879989, 0.06066688910821312, 0.06066688910821312, 0.06066688910821312, 0.060725468851464175] 
INJ006_K 13 [0.089136367236052, 0.07991241336560789, 0.7503223824311444, 0.08062883696719579] 
INJ010_DIRECTION I [0.9018134232820691, 0.09818657671793085] 
INJ010_I 72 [0.07437334304331042, 0.0742853427832587, 0.0742853427832587, 0.07864345090010573, 0.6984125204900664] 
INJ010_J 32 [0.07472990782178267, 0.7003257051616095, 0.07539936742370675, 0.07481511177111846, 0.07472990782178267] 
INJ010_K 8 [0.0812646587553313, 0.7564016463117725, 0.081166847466448, 0.081166847466448] 
INJ017_DIRECTION I [0.9018134232820691, 0.09818657671793085] 
INJ017_I 38 [0.06899224298781353, 0.06899224298781353, 0.06899224298781353, 0.07289881082743392, 0.06899224298781353, 0.6511322172213119] 
INJ017_J 22 [0.06601141646355181, 0.06462901503859328, 0.06462901503859328, 0.06462901503859328, 0.6108435083434818, 0.06462901503859328, 0.06462901503859328] 
INJ017_K 15 [0.07481059274812236, 0.07481059274812236, 0.07489528918988426, 0.7006729325657487, 0.07481059274812236] 
INJ019_DIRECTION I [0.8995767074803325, 0.10042329251966754] 
INJ019_I 34 [0.06941128421262668, 0.06941128421262668, 0.06941128421262668, 0.06948536936551779, 0.06941128421262668, 0.6528694937839754] 
INJ019_J 47 [0.08116684746644803, 0.08116684746644803, 0.7564016463117726, 0.08126465875533133] 
INJ019_K 17 [0.07757054121723718, 0.07746384401157072, 0.11768699694138857, 0.7272786178298035] 
INJ021_DIRECTION J [0.09829892174906245, 0.9017010782509375] 
INJ021_I 21 [0.5419339914203439, 0.05963352823646313, 0.05691892576331333, 0.05691892576331333, 0.05691892576331333, 0.05691892576331333, 0.05691892576331333, 0.05691892576331333, 0.05691892576331333] 
INJ021_J 27 [0.06935536746453724, 0.0699408580741265, 0.6526376720677244, 0.06935536746453724, 0.06935536746453724, 0.06935536746453724] 
INJ021_K 12 [0.08116684746644803, 0.08116684746644803, 0.7564016463117726, 0.08126465875533133] 
INJ022_DIRECTION J [0.10053741054774219, 0.8994625894522577] 
INJ022_I 67 [0.07472990782178267, 0.7003257051616095, 0.07472990782178267, 0.07472990782178267, 0.07548457137304254] 
INJ022_J 26 [0.08116684746644803, 0.08116684746644803, 0.08126465875533133, 0.7564016463117726] 
INJ022_K 15 [0.07639100260430708, 0.07460579862721203, 0.07460579862721203, 0.07460579862721203, 0.6997916015140568] 
INJ023_DIRECTION J [0.1556665886744405, 0.8443334113255595] 
INJ023_I 44 [0.06935536746453726, 0.06935536746453726, 0.06935536746453726, 0.06994085807412652, 0.6526376720677245, 0.06935536746453726] 
INJ023_J 13 [0.0694112842126267, 0.0694112842126267, 0.6528694937839755, 0.0694853693655178, 0.0694112842126267, 0.0694112842126267] 
INJ023_K 7 [0.9009283167130178, 0.09907168328698238] 
NA1A_CONSIDER 1 [0.09918472826290448, 0.9008152717370956] 

Elite 4 OF_MAX_VPL 2899211989.04
NA2_CONSIDER 0 [0.9017010782509375, 0.09829892174906245] 
NA3D_CONSIDER 0 [0.89602415862317, 0.10397584137683012] 
PltPRDSTL_PltPRDSTO 23250 [0.513990526222008, 0.05433077808450798, 0.053959836961685534, 0.053959836961685534, 0.053959836961685534, 0.053959836961685534, 0.053959836961685534, 0.053959836961685534, 0.053959836961685534, 0.053959836961685534] 
PltPRDSTW 11160 [0.06941128421262667, 0.6528694937839754, 0.06941128421262667, 0.06948536936551779, 0.06941128421262667, 0.06941128421262667] 
PltINJSTW 31465 [0.048624928266747657, 0.4650871980809383, 0.048624928266747657, 0.048624928266747657, 0.04866351925158506, 0.048624928266747657, 0.048624928266747657, 0.048624928266747657, 0.048624928266747657, 0.048624928266747657, 0.048624928266747657, 0.048624928266747657] 
PROD005_DIRECTION J [0.10385897291059835, 0.8961410270894016] 
PROD005_I 29 [0.08051045039918127, 0.08551392661932503, 0.08051045039918127, 0.7534651725823125] 
PROD005_J 17 [0.06140379499836932, 0.5747275243396976, 0.060644780110322205, 0.060644780110322205, 0.060644780110322205, 0.060644780110322205, 0.060644780110322205, 0.060644780110322205] 
PROD005_K 2 [0.13612237658006585, 0.778762519769595, 0.08511510365033917] 
PROD006_I 52 [0.08090463911059277, 0.7552286246957255, 0.08208437418656539, 0.0817823620071164] 
PROD006_J 3 [0.09918472826290448, 0.9008152717370956] 
PROD007_I 61 [0.07639100260430706, 0.07460579862721203, 0.6997916015140567, 0.07460579862721203, 0.07460579862721203] 
PROD007_J 12 [0.08880245807323382, 0.08880245807323382, 0.8223950838535323] 
PROD009_DIRECTION I [0.887785385464143, 0.11221461453585704] 
PROD009_I 5 [0.7003701286670322, 0.07474023047264504, 0.07474023047264504, 0.07474023047264504, 0.07540917991503285] 
PROD009_J 42 [0.06476726458665197, 0.06476726458665197, 0.06476726458665197, 0.06476726458665197, 0.611396412480088, 0.06476726458665197, 0.06476726458665197] 
PROD009_K 3 [0.09006403226747098, 0.08857947665723247, 0.8213564910752966] 
PROD010_DIRECTION J [0.09907168328698238, 0.9009283167130178] 
PROD010_I 31 [0.06060134811300703, 0.06066063015967559, 0.5745597550019269, 0.06060134811300703, 0.06060134811300703, 0.06060134811300703, 0.061772874273362186, 0.06060134811300703] 
PROD010_J 34 [0.0648260988307222, 0.06476072695422613, 0.06476072695422613, 0.06476072695422613, 0.611370266398147, 0.06476072695422613, 0.06476072695422613] 
PROD010_K 3 [0.08419418819084586, 0.12733024588723837, 0.7884755659219158] 
PROD012_DIRECTION J [0.09818657671793085, 0.9018134232820691] 
PROD012_I 37 [0.5427814779050163, 0.05714581140080477, 0.05714581140080477, 0.05719784228935012, 0.05714581140080477, 0.05714581140080477, 0.05714581140080477, 0.05714581140080477, 0.05714581140080477] 
PROD012_J 34 [0.05116258304262158, 0.05120500331298359, 0.05116258304262158, 0.05116258304262158, 0.48833174930342227, 0.05116258304262158, 0.05116258304262158, 0.05116258304262158, 0.05116258304262158, 0.05116258304262158, 0.05116258304262158] 
PROD012_K 2 [0.08883397940420279, 0.8182443666442462, 0.09292165395155105] 
PROD014_DIRECTION J [0.09829892174906245, 0.9017010782509375] 
PROD014_I 48 [0.06476072695422613, 0.06476072695422613, 0.611370266398147, 0.0648260988307222, 0.06476072695422613, 0.06476072695422613, 0.06476072695422613] 
PROD014_J 40 [0.05398552557677283, 0.05398552557677283, 0.05398552557677283, 0.05398552557677283, 0.05398552557677283, 0.05398552557677283, 0.5140834149215601, 0.05403238046425729, 0.05398552557677283, 0.05398552557677283] 
PROD014_K 1 [0.8216838068049666, 0.08864974994086273, 0.08966644325417082] 
PROD021_DIRECTION I [0.9003567928133371, 0.09964320718666282] 
PROD021_I 17 [0.04955442592518724, 0.04817881431128084, 0.04817881431128084, 0.4635709694584242, 0.053219055264633906, 0.048225034861508094, 0.04817881431128084, 0.04817881431128084, 0.04817881431128084, 0.04817881431128084, 0.04817881431128084, 0.04817881431128084] 
PROD021_J 42 [0.0648260988307222, 0.06476072695422613, 0.06476072695422613, 0.06476072695422613, 0.06476072695422613, 0.611370266398147, 0.06476072695422613] 
PROD021_K 3 [0.08889959271335658, 0.08878528966594057, 0.822315117620703] 
PROD023A_DIRECTION I [0.9017010782509375, 0.09829892174906245] 
PROD023A_I 60 [0.07570543782219472, 0.07477343210056021, 0.07468796432696055, 0.07468796432696055, 0.700145201423324] 
PROD023A_J 18 [0.06913794115805026, 0.0690611520046333, 0.0690611520046333, 0.07226070006367345, 0.0690611520046333, 0.6514179027643765] 
PROD023A_K 2 [0.08955165529944248, 0.8216838068049663, 0.08876453789559105] 
PROD024A_I 56 [0.6108435083434817, 0.06462901503859327, 0.06515217154115784, 0.06542167640611536, 0.06469559859346512, 0.06462901503859327, 0.06462901503859327] 
PROD024A_J 36 [0.0817823620071164, 0.08208437418656539, 0.08090463911059277, 0.7552286246957255] 
PROD024A_K 3 [0.08956848294151468, 0.08866706428458328, 0.8217644527739021] 
PROD025A_DIRECTION J [0.10168360450512101, 0.8983163954948791] 
PROD025A_I 54 [0.6526036387451918, 0.0693471584289323, 0.0693471584289323, 0.07000772753907916, 0.0693471584289323, 0.0693471584289323] 
PROD025A_J 22 [0.0820350549754559, 0.6964659118705043, 0.07383301105134665, 0.07383301105134665, 0.07383301105134665] 
PROD025A_K 2 [0.0871931774729134, 0.8148994492862224, 0.09790737324086428] 
PROD026_DIRECTION J [0.09818657671793085, 0.9018134232820691] 
PROD026_I 49 [0.07482079284013869, 0.07482079284013869, 0.07482079284013869, 0.07482079284013869, 0.7007168286394453] 
PROD026_J 8 [0.0648260988307222, 0.06476072695422613, 0.06476072695422613, 0.06476072695422613, 0.611370266398147, 0.06476072695422613, 0.06476072695422613] 
PROD026_K 1 [0.7788122747813493, 0.13692679435384564, 0.08426093086480518] 
INJ006_I 51 [0.06690654557617683, 0.09641306026491325, 0.6348641267358907, 0.06800317627066564, 0.06690654557617683, 0.06690654557617683] 
INJ006_J 24 [0.06066688910821312, 0.06066688910821312, 0.06112715851947143, 0.5748129270879989, 0.06066688910821312, 0.06066688910821312, 0.06066688910821312, 0.060725468851464175] 
INJ006_K 13 [0.089136367236052, 0.07991241336560789, 0.7503223824311444, 0.08062883696719579] 
INJ010_DIRECTION I [0.9018134232820691, 0.09818657671793085] 
INJ010_I 72 [0.07437334304331042, 0.0742853427832587, 0.0742853427832587, 0.07864345090010573, 0.6984125204900664] 
INJ010_J 32 [0.07472990782178267, 0.7003257051616095, 0.07539936742370675, 0.07481511177111846, 0.07472990782178267] 
INJ010_K 8 [0.0812646587553313, 0.7564016463117725, 0.081166847466448, 0.081166847466448] 
INJ017_DIRECTION I [0.9018134232820691, 0.09818657671793085] 
INJ017_I 38 [0.06899224298781353, 0.06899224298781353, 0.06899224298781353, 0.07289881082743392, 0.06899224298781353, 0.6511322172213119] 
INJ017_J 22 [0.06601141646355181, 0.06462901503859328, 0.06462901503859328, 0.06462901503859328, 0.6108435083434818, 0.06462901503859328, 0.06462901503859328] 
INJ017_K 15 [0.07481059274812236, 0.07481059274812236, 0.07489528918988426, 0.7006729325657487, 0.07481059274812236] 
INJ019_DIRECTION I [0.8995767074803325, 0.10042329251966754] 
INJ019_I 34 [0.06941128421262668, 0.06941128421262668, 0.06941128421262668, 0.06948536936551779, 0.06941128421262668, 0.6528694937839754] 
INJ019_J 47 [0.08116684746644803, 0.08116684746644803, 0.7564016463117726, 0.08126465875533133] 
INJ019_K 17 [0.07757054121723718, 0.07746384401157072, 0.11768699694138857, 0.7272786178298035] 
INJ021_DIRECTION J [0.09829892174906245, 0.9017010782509375] 
INJ021_I 21 [0.5419339914203439, 0.05963352823646313, 0.05691892576331333, 0.05691892576331333, 0.05691892576331333, 0.05691892576331333, 0.05691892576331333, 0.05691892576331333, 0.05691892576331333] 
INJ021_J 27 [0.06935536746453724, 0.0699408580741265, 0.6526376720677244, 0.06935536746453724, 0.06935536746453724, 0.06935536746453724] 
INJ021_K 12 [0.08116684746644803, 0.08116684746644803, 0.7564016463117726, 0.08126465875533133] 
INJ022_DIRECTION J [0.10053741054774219, 0.8994625894522577] 
INJ022_I 67 [0.07472990782178267, 0.7003257051616095, 0.07472990782178267, 0.07472990782178267, 0.07548457137304254] 
INJ022_J 26 [0.08116684746644803, 0.08116684746644803, 0.08126465875533133, 0.7564016463117726] 
INJ022_K 15 [0.07639100260430708, 0.07460579862721203, 0.07460579862721203, 0.07460579862721203, 0.6997916015140568] 
INJ023_DIRECTION J [0.1556665886744405, 0.8443334113255595] 
INJ023_I 44 [0.06935536746453726, 0.06935536746453726, 0.06935536746453726, 0.06994085807412652, 0.6526376720677245, 0.06935536746453726] 
INJ023_J 13 [0.0694112842126267, 0.0694112842126267, 0.6528694937839755, 0.0694853693655178, 0.0694112842126267, 0.0694112842126267] 
INJ023_K 7 [0.9009283167130178, 0.09907168328698238] 
NA1A_CONSIDER 1 [0.09918472826290448, 0.9008152717370956] 

Elite 5 OF_MAX_VPL 2899211989.04
NA2_CONSIDER 0 [0.9017010782509375, 0.09829892174906245] 
NA3D_CONSIDER 0 [0.89602415862317, 0.10397584137683012] 
PltPRDSTL_PltPRDSTO 23250 [0.513990526222008, 0.05433077808450798, 0.053959836961685534, 0.053959836961685534, 0.053959836961685534, 0.053959836961685534, 0.053959836961685534, 0.053959836961685534, 0.053959836961685534, 0.053959836961685534] 
PltPRDSTW 11160 [0.06941128421262667, 0.6528694937839754, 0.06941128421262667, 0.06948536936551779, 0.06941128421262667, 0.06941128421262667] 
PltINJSTW 31465 [0.048624928266747657, 0.4650871980809383, 0.048624928266747657, 0.048624928266747657, 0.04866351925158506, 0.048624928266747657, 0.048624928266747657, 0.048624928266747657, 0.048624928266747657, 0.048624928266747657, 0.048624928266747657, 0.048624928266747657] 
PROD005_DIRECTION J [0.10385897291059835, 0.8961410270894016] 
PROD005_I 29 [0.08051045039918127, 0.08551392661932503, 0.08051045039918127, 0.7534651725823125] 
PROD005_J 17 [0.06140379499836932, 0.5747275243396976, 0.060644780110322205, 0.060644780110322205, 0.060644780110322205, 0.060644780110322205, 0.060644780110322205, 0.060644780110322205] 
PROD005_K 2 [0.13612237658006585, 0.778762519769595, 0.08511510365033917] 
PROD006_I 52 [0.08090463911059277, 0.7552286246957255, 0.08208437418656539, 0.0817823620071164] 
PROD006_J 3 [0.09918472826290448, 0.9008152717370956] 
PROD007_I 61 [0.07639100260430706, 0.07460579862721203, 0.6997916015140567, 0.07460579862721203, 0.07460579862721203] 
PROD007_J 12 [0.08880245807323382, 0.08880245807323382, 0.8223950838535323] 
PROD009_DIRECTION I [0.887785385464143, 0.11221461453585704] 
PROD009_I 5 [0.7003701286670322, 0.07474023047264504, 0.07474023047264504, 0.07474023047264504, 0.07540917991503285] 
PROD009_J 42 [0.06476726458665197, 0.06476726458665197, 0.06476726458665197, 0.06476726458665197, 0.611396412480088, 0.06476726458665197, 0.06476726458665197] 
PROD009_K 3 [0.09006403226747098, 0.08857947665723247, 0.8213564910752966] 
PROD010_DIRECTION J [0.09907168328698238, 0.9009283167130178] 
PROD010_I 31 [0.06060134811300703, 0.06066063015967559, 0.5745597550019269, 0.06060134811300703, 0.06060134811300703, 0.06060134811300703, 0.061772874273362186, 0.06060134811300703] 
PROD010_J 34 [0.0648260988307222, 0.06476072695422613, 0.06476072695422613, 0.06476072695422613, 0.611370266398147, 0.06476072695422613, 0.06476072695422613] 
PROD010_K 3 [0.08419418819084586, 0.12733024588723837, 0.7884755659219158] 
PROD012_DIRECTION J [0.09818657671793085, 0.9018134232820691] 
PROD012_I 37 [0.5427814779050163, 0.05714581140080477, 0.05714581140080477, 0.05719784228935012, 0.05714581140080477, 0.05714581140080477, 0.05714581140080477, 0.05714581140080477, 0.05714581140080477] 
PROD012_J 34 [0.05116258304262158, 0.05120500331298359, 0.05116258304262158, 0.05116258304262158, 0.48833174930342227, 0.05116258304262158, 0.05116258304262158, 0.05116258304262158, 0.05116258304262158, 0.05116258304262158, 0.05116258304262158] 
PROD012_K 2 [0.08883397940420279, 0.8182443666442462, 0.09292165395155105] 
PROD014_DIRECTION J [0.09829892174906245, 0.9017010782509375] 
PROD014_I 48 [0.06476072695422613, 0.06476072695422613, 0.611370266398147, 0.0648260988307222, 0.06476072695422613, 0.06476072695422613, 0.06476072695422613] 
PROD014_J 40 [0.05398552557677283, 0.05398552557677283, 0.05398552557677283, 0.05398552557677283, 0.05398552557677283, 0.05398552557677283, 0.5140834149215601, 0.05403238046425729, 0.05398552557677283, 0.05398552557677283] 
PROD014_K 1 [0.8216838068049666, 0.08864974994086273, 0.08966644325417082] 
PROD021_DIRECTION I [0.9003567928133371, 0.09964320718666282] 
PROD021_I 17 [0.04955442592518724, 0.04817881431128084, 0.04817881431128084, 0.4635709694584242, 0.053219055264633906, 0.048225034861508094, 0.04817881431128084, 0.04817881431128084, 0.04817881431128084, 0.04817881431128084, 0.04817881431128084, 0.04817881431128084] 
PROD021_J 42 [0.0648260988307222, 0.06476072695422613, 0.06476072695422613, 0.06476072695422613, 0.06476072695422613, 0.611370266398147, 0.06476072695422613] 
PROD021_K 3 [0.08889959271335658, 0.08878528966594057, 0.822315117620703] 
PROD023A_DIRECTION I [0.9017010782509375, 0.09829892174906245] 
PROD023A_I 60 [0.07570543782219472, 0.07477343210056021, 0.07468796432696055, 0.07468796432696055, 0.700145201423324] 
PROD023A_J 18 [0.06913794115805026, 0.0690611520046333, 0.0690611520046333, 0.07226070006367345, 0.0690611520046333, 0.6514179027643765] 
PROD023A_K 2 [0.08955165529944248, 0.8216838068049663, 0.08876453789559105] 
PROD024A_I 56 [0.6108435083434817, 0.06462901503859327, 0.06515217154115784, 0.06542167640611536, 0.06469559859346512, 0.06462901503859327, 0.06462901503859327] 
PROD024A_J 36 [0.0817823620071164, 0.08208437418656539, 0.08090463911059277, 0.7552286246957255] 
PROD024A_K 3 [0.08956848294151468, 0.08866706428458328, 0.8217644527739021] 
PROD025A_DIRECTION J [0.10168360450512101, 0.8983163954948791] 
PROD025A_I 54 [0.6526036387451918, 0.0693471584289323, 0.0693471584289323, 0.07000772753907916, 0.0693471584289323, 0.0693471584289323] 
PROD025A_J 22 [0.0820350549754559, 0.6964659118705043, 0.07383301105134665, 0.07383301105134665, 0.07383301105134665] 
PROD025A_K 2 [0.0871931774729134, 0.8148994492862224, 0.09790737324086428] 
PROD026_DIRECTION J [0.09818657671793085, 0.9018134232820691] 
PROD026_I 49 [0.07482079284013869, 0.07482079284013869, 0.07482079284013869, 0.07482079284013869, 0.7007168286394453] 
PROD026_J 8 [0.0648260988307222, 0.06476072695422613, 0.06476072695422613, 0.06476072695422613, 0.611370266398147, 0.06476072695422613, 0.06476072695422613] 
PROD026_K 1 [0.7788122747813493, 0.13692679435384564, 0.08426093086480518] 
INJ006_I 51 [0.06690654557617683, 0.09641306026491325, 0.6348641267358907, 0.06800317627066564, 0.06690654557617683, 0.06690654557617683] 
INJ006_J 24 [0.06066688910821312, 0.06066688910821312, 0.06112715851947143, 0.5748129270879989, 0.06066688910821312, 0.06066688910821312, 0.06066688910821312, 0.060725468851464175] 
INJ006_K 13 [0.089136367236052, 0.07991241336560789, 0.7503223824311444, 0.08062883696719579] 
INJ010_DIRECTION I [0.9018134232820691, 0.09818657671793085] 
INJ010_I 72 [0.07437334304331042, 0.0742853427832587, 0.0742853427832587, 0.07864345090010573, 0.6984125204900664] 
INJ010_J 32 [0.07472990782178267, 0.7003257051616095, 0.07539936742370675, 0.07481511177111846, 0.07472990782178267] 
INJ010_K 8 [0.0812646587553313, 0.7564016463117725, 0.081166847466448, 0.081166847466448] 
INJ017_DIRECTION I [0.9018134232820691, 0.09818657671793085] 
INJ017_I 38 [0.06899224298781353, 0.06899224298781353, 0.06899224298781353, 0.07289881082743392, 0.06899224298781353, 0.6511322172213119] 
INJ017_J 22 [0.06601141646355181, 0.06462901503859328, 0.06462901503859328, 0.06462901503859328, 0.6108435083434818, 0.06462901503859328, 0.06462901503859328] 
INJ017_K 15 [0.07481059274812236, 0.07481059274812236, 0.07489528918988426, 0.7006729325657487, 0.07481059274812236] 
INJ019_DIRECTION I [0.8995767074803325, 0.10042329251966754] 
INJ019_I 34 [0.06941128421262668, 0.06941128421262668, 0.06941128421262668, 0.06948536936551779, 0.06941128421262668, 0.6528694937839754] 
INJ019_J 47 [0.08116684746644803, 0.08116684746644803, 0.7564016463117726, 0.08126465875533133] 
INJ019_K 17 [0.07757054121723718, 0.07746384401157072, 0.11768699694138857, 0.7272786178298035] 
INJ021_DIRECTION J [0.09829892174906245, 0.9017010782509375] 
INJ021_I 21 [0.5419339914203439, 0.05963352823646313, 0.05691892576331333, 0.05691892576331333, 0.05691892576331333, 0.05691892576331333, 0.05691892576331333, 0.05691892576331333, 0.05691892576331333] 
INJ021_J 27 [0.06935536746453724, 0.0699408580741265, 0.6526376720677244, 0.06935536746453724, 0.06935536746453724, 0.06935536746453724] 
INJ021_K 12 [0.08116684746644803, 0.08116684746644803, 0.7564016463117726, 0.08126465875533133] 
INJ022_DIRECTION J [0.10053741054774219, 0.8994625894522577] 
INJ022_I 67 [0.07472990782178267, 0.7003257051616095, 0.07472990782178267, 0.07472990782178267, 0.07548457137304254] 
INJ022_J 26 [0.08116684746644803, 0.08116684746644803, 0.08126465875533133, 0.7564016463117726] 
INJ022_K 15 [0.07639100260430708, 0.07460579862721203, 0.07460579862721203, 0.07460579862721203, 0.6997916015140568] 
INJ023_DIRECTION J [0.1556665886744405, 0.8443334113255595] 
INJ023_I 44 [0.06935536746453726, 0.06935536746453726, 0.06935536746453726, 0.06994085807412652, 0.6526376720677245, 0.06935536746453726] 
INJ023_J 13 [0.0694112842126267, 0.0694112842126267, 0.6528694937839755, 0.0694853693655178, 0.0694112842126267, 0.0694112842126267] 
INJ023_K 7 [0.9009283167130178, 0.09907168328698238] 
NA1A_CONSIDER 1 [0.09918472826290448, 0.9008152717370956] 

