Elite 1 OF_MAX_VPL 2792015166.61
NA2_CONSIDER 0 [0.99981856, 0.00018143999999999997] 
NA3D_CONSIDER 0 [0.99977824, 0.00022175999999999996] 
PltPRDSTL_PltPRDSTO 19375 [3.628799999999999e-05, 3.628799999999999e-05, 3.628799999999999e-05, 3.628799999999999e-05, 3.628799999999999e-05, 0.999673408, 3.628799999999999e-05, 3.628799999999999e-05, 3.628799999999999e-05, 3.628799999999999e-05] 
PltPRDSTW 9067.5 [6.047999999999998e-05, 0.00016127999999999995, 6.047999999999998e-05, 0.0019564799999999996, 0.9977008, 6.047999999999998e-05] 
PltINJSTW 27125 [3.023999999999999e-05, 3.023999999999999e-05, 3.023999999999999e-05, 3.023999999999999e-05, 3.023999999999999e-05, 0.99962704, 3.023999999999999e-05, 7.055999999999997e-05, 3.023999999999999e-05, 3.023999999999999e-05, 3.023999999999999e-05, 3.023999999999999e-05] 
PROD005_DIRECTION I [0.99971776, 0.0002822399999999999] 
PROD005_I 26 [0.9996875199999999, 9.071999999999999e-05, 9.071999999999999e-05, 0.00013103999999999994] 
PROD005_J 16 [0.9996421600000001, 4.535999999999999e-05, 8.567999999999999e-05, 4.535999999999999e-05, 4.535999999999999e-05, 4.535999999999999e-05, 4.535999999999999e-05, 4.535999999999999e-05] 
PROD005_K 1 [0.99965728, 0.00012095999999999997, 0.00022175999999999996] 
PROD006_I 53 [0.00013103999999999994, 9.071999999999999e-05, 0.99889072, 0.0008875199999999998] 
PROD006_J 2 [0.99967744, 0.0003225599999999999] 
PROD007_I 59 [0.995968576, 7.257599999999998e-05, 7.257599999999998e-05, 0.00011289599999999998, 0.003773375999999999] 
PROD007_J 11 [0.00012095999999999997, 0.99961696, 0.0002620799999999999] 
PROD009_DIRECTION J [0.0003225599999999999, 0.99967744] 
PROD009_I 9 [7.257599999999998e-05, 0.00011289599999999998, 7.257599999999998e-05, 7.257599999999998e-05, 0.9996693759999999] 
PROD009_J 38 [0.98019296, 0.019547839999999993, 5.183999999999999e-05, 5.183999999999999e-05, 5.183999999999999e-05, 5.183999999999999e-05, 5.183999999999999e-05] 
PROD009_K 1 [0.99971776, 0.00016127999999999995, 0.00012095999999999997] 
PROD010_DIRECTION I [0.99981856, 0.00018143999999999997] 
PROD010_I 35 [8.567999999999999e-05, 4.535999999999999e-05, 4.535999999999999e-05, 4.535999999999999e-05, 0.0013461599999999997, 4.535999999999999e-05, 0.99834136, 4.535999999999999e-05] 
PROD010_J 31 [5.183999999999999e-05, 0.99954784, 5.183999999999999e-05, 0.00019295999999999997, 5.183999999999999e-05, 5.183999999999999e-05, 5.183999999999999e-05] 
PROD010_K 2 [0.003720959999999999, 0.99605728, 0.00022175999999999996] 
PROD012_DIRECTION J [0.00018143999999999997, 0.99981856] 
PROD012_I 45 [4.031999999999999e-05, 0.00014111999999999995, 4.031999999999999e-05, 0.015936319999999993, 8.063999999999997e-05, 4.031999999999999e-05, 4.031999999999999e-05, 4.031999999999999e-05, 0.98364032] 
PROD012_J 37 [0.0012329890909090905, 3.29890909090909e-05, 3.29890909090909e-05, 3.29890909090909e-05, 3.29890909090909e-05, 3.29890909090909e-05, 0.00013378909090909087, 0.9983693090909092, 3.29890909090909e-05, 3.29890909090909e-05, 3.29890909090909e-05] 
PROD012_K 3 [0.00012095999999999997, 0.00012095999999999997, 0.99975808] 
PROD014_DIRECTION I [0.99898144, 0.00101856] 
PROD014_I 51 [5.183999999999999e-05, 5.183999999999999e-05, 5.183999999999999e-05, 9.215999999999996e-05, 0.0007478399999999998, 0.99895264, 5.183999999999999e-05] 
PROD014_J 38 [3.628799999999999e-05, 3.628799999999999e-05, 3.628799999999999e-05, 3.628799999999999e-05, 0.998836288, 0.0007322879999999998, 3.628799999999999e-05, 3.628799999999999e-05, 7.660799999999998e-05, 0.00013708799999999997] 
PROD014_K 2 [0.00022175999999999996, 0.99965728, 0.00012095999999999997] 
PROD021_DIRECTION I [0.99902176, 0.0009782399999999996] 
PROD021_I 17 [0.00013103999999999994, 3.023999999999999e-05, 3.023999999999999e-05, 0.99952624, 3.023999999999999e-05, 7.055999999999997e-05, 3.023999999999999e-05, 3.023999999999999e-05, 3.023999999999999e-05, 3.023999999999999e-05, 3.023999999999999e-05, 3.023999999999999e-05] 
PROD021_J 39 [0.0012518399999999997, 5.183999999999999e-05, 0.99848896, 5.183999999999999e-05, 5.183999999999999e-05, 5.183999999999999e-05, 5.183999999999999e-05] 
PROD021_K 2 [0.00022175999999999996, 0.99896128, 0.0008169599999999999] 
PROD023A_DIRECTION J [0.0003225599999999999, 0.99967744] 
PROD023A_I 56 [0.999568576, 7.257599999999998e-05, 7.257599999999998e-05, 7.257599999999998e-05, 0.00021369599999999998] 
PROD023A_J 14 [0.0007564799999999998, 0.9190016, 6.047999999999998e-05, 0.08006047999999999, 6.047999999999998e-05, 6.047999999999998e-05] 
PROD023A_K 1 [0.99546208, 0.00012095999999999997, 0.004416959999999998] 
PROD024A_I 57 [0.09885183999999998, 0.9008889600000001, 5.183999999999999e-05, 5.183999999999999e-05, 5.183999999999999e-05, 5.183999999999999e-05, 5.183999999999999e-05] 
PROD024A_J 36 [9.071999999999999e-05, 9.071999999999999e-05, 9.071999999999999e-05, 0.99972784] 
PROD024A_K 1 [0.99965728, 0.00012095999999999997, 0.00022175999999999996] 
PROD025A_DIRECTION I [0.99971776, 0.0002822399999999999] 
PROD025A_I 59 [6.047999999999998e-05, 0.0007564799999999998, 6.047999999999998e-05, 6.047999999999998e-05, 6.047999999999998e-05, 0.9990016] 
PROD025A_J 23 [0.00011289599999999998, 7.257599999999998e-05, 0.9996693759999999, 7.257599999999998e-05, 7.257599999999998e-05] 
PROD025A_K 2 [0.0002620799999999999, 0.99892096, 0.0008169599999999999] 
PROD026_DIRECTION I [0.99977824, 0.00022175999999999996] 
PROD026_I 46 [7.257599999999998e-05, 0.999568576, 0.00011289599999999998, 7.257599999999998e-05, 0.000173376] 
PROD026_J 7 [5.183999999999999e-05, 5.183999999999999e-05, 0.0019478399999999995, 0.99765184, 9.215999999999996e-05, 5.183999999999999e-05, 0.00015263999999999995] 
PROD026_K 3 [0.00012095999999999997, 0.0002620799999999999, 0.99961696] 
INJ006_I 50 [6.047999999999998e-05, 0.99766048, 6.047999999999998e-05, 0.0014015999999999998, 0.0007564799999999998, 6.047999999999998e-05] 
INJ006_J 22 [4.535999999999999e-05, 0.99958168, 4.535999999999999e-05, 4.535999999999999e-05, 4.535999999999999e-05, 4.535999999999999e-05, 0.00014616, 4.535999999999999e-05] 
INJ006_K 13 [0.0007867199999999998, 0.00013103999999999994, 0.99899152, 9.071999999999999e-05] 
INJ010_DIRECTION I [0.99611776, 0.0038822399999999986] 
INJ010_I 70 [0.0012725759999999997, 7.257599999999998e-05, 0.997773376, 7.257599999999998e-05, 0.0008088959999999999] 
INJ010_J 34 [0.000173376, 7.257599999999998e-05, 0.999568576, 7.257599999999998e-05, 0.00011289599999999998] 
INJ010_K 15 [0.00023183999999999995, 9.071999999999999e-05, 0.99958672, 9.071999999999999e-05] 
INJ017_DIRECTION I [0.99491776, 0.005082239999999999] 
INJ017_I 36 [6.047999999999998e-05, 6.047999999999998e-05, 0.0002015999999999999, 6.047999999999998e-05, 0.99835648, 0.0012604799999999996] 
INJ017_J 14 [0.99885184, 9.215999999999996e-05, 5.183999999999999e-05, 5.183999999999999e-05, 0.00015263999999999995, 5.183999999999999e-05, 0.0007478399999999998] 
INJ017_K 7 [0.900072576, 0.00021369599999999998, 7.257599999999998e-05, 7.257599999999998e-05, 0.09956857599999998] 
INJ019_DIRECTION J [0.019818559999999992, 0.98018144] 
INJ019_I 26 [6.047999999999998e-05, 0.99965728, 0.00010079999999999996, 6.047999999999998e-05, 6.047999999999998e-05, 6.047999999999998e-05] 
INJ019_J 45 [0.015331039999999992, 0.98438672, 9.071999999999999e-05, 0.00019151999999999993] 
INJ019_K 6 [0.99838672, 0.00129072, 0.00019151999999999993, 0.00013103999999999994] 
INJ021_DIRECTION J [0.00018143999999999997, 0.99981856] 
INJ021_I 26 [4.031999999999999e-05, 4.031999999999999e-05, 4.031999999999999e-05, 0.00018143999999999997, 4.031999999999999e-05, 0.99953632, 4.031999999999999e-05, 4.031999999999999e-05, 4.031999999999999e-05] 
INJ021_J 27 [0.0002015999999999999, 6.047999999999998e-05, 0.91766048, 6.047999999999998e-05, 0.08195647999999998, 6.047999999999998e-05] 
INJ021_K 16 [9.071999999999999e-05, 9.071999999999999e-05, 9.071999999999999e-05, 0.99972784] 
INJ022_DIRECTION I [0.99981856, 0.00018143999999999997] 
INJ022_I 69 [0.0007685759999999997, 0.00011289599999999998, 0.998973376, 7.257599999999998e-05, 7.257599999999998e-05] 
INJ022_J 22 [9.071999999999999e-05, 0.99893104, 9.071999999999999e-05, 0.0008875199999999998] 
INJ022_K 8 [0.0012725759999999997, 0.998509696, 7.257599999999998e-05, 7.257599999999998e-05, 7.257599999999998e-05] 
INJ023_DIRECTION I [0.99971776, 0.0002822399999999999] 
INJ023_I 37 [0.99896128, 6.047999999999998e-05, 6.047999999999998e-05, 6.047999999999998e-05, 0.0007564799999999998, 0.00010079999999999996] 
INJ023_J 9 [0.9990016, 6.047999999999998e-05, 6.047999999999998e-05, 6.047999999999998e-05, 6.047999999999998e-05, 0.0007564799999999998] 
INJ023_K 15 [0.00022175999999999996, 0.99977824] 
NA1A_CONSIDER 1 [0.00018143999999999997, 0.99981856] 

Elite 2 OF_MAX_VPL 2792015166.61
NA2_CONSIDER 0 [0.99981856, 0.00018143999999999997] 
NA3D_CONSIDER 0 [0.99977824, 0.00022175999999999996] 
PltPRDSTL_PltPRDSTO 19375 [3.628799999999999e-05, 3.628799999999999e-05, 3.628799999999999e-05, 3.628799999999999e-05, 3.628799999999999e-05, 0.999673408, 3.628799999999999e-05, 3.628799999999999e-05, 3.628799999999999e-05, 3.628799999999999e-05] 
PltPRDSTW 9067.5 [6.047999999999998e-05, 0.00016127999999999995, 6.047999999999998e-05, 0.0019564799999999996, 0.9977008, 6.047999999999998e-05] 
PltINJSTW 27125 [3.023999999999999e-05, 3.023999999999999e-05, 3.023999999999999e-05, 3.023999999999999e-05, 3.023999999999999e-05, 0.99962704, 3.023999999999999e-05, 7.055999999999997e-05, 3.023999999999999e-05, 3.023999999999999e-05, 3.023999999999999e-05, 3.023999999999999e-05] 
PROD005_DIRECTION I [0.99971776, 0.0002822399999999999] 
PROD005_I 26 [0.9996875199999999, 9.071999999999999e-05, 9.071999999999999e-05, 0.00013103999999999994] 
PROD005_J 16 [0.9996421600000001, 4.535999999999999e-05, 8.567999999999999e-05, 4.535999999999999e-05, 4.535999999999999e-05, 4.535999999999999e-05, 4.535999999999999e-05, 4.535999999999999e-05] 
PROD005_K 1 [0.99965728, 0.00012095999999999997, 0.00022175999999999996] 
PROD006_I 53 [0.00013103999999999994, 9.071999999999999e-05, 0.99889072, 0.0008875199999999998] 
PROD006_J 2 [0.99967744, 0.0003225599999999999] 
PROD007_I 59 [0.995968576, 7.257599999999998e-05, 7.257599999999998e-05, 0.00011289599999999998, 0.003773375999999999] 
PROD007_J 11 [0.00012095999999999997, 0.99961696, 0.0002620799999999999] 
PROD009_DIRECTION J [0.0003225599999999999, 0.99967744] 
PROD009_I 9 [7.257599999999998e-05, 0.00011289599999999998, 7.257599999999998e-05, 7.257599999999998e-05, 0.9996693759999999] 
PROD009_J 38 [0.98019296, 0.019547839999999993, 5.183999999999999e-05, 5.183999999999999e-05, 5.183999999999999e-05, 5.183999999999999e-05, 5.183999999999999e-05] 
PROD009_K 1 [0.99971776, 0.00016127999999999995, 0.00012095999999999997] 
PROD010_DIRECTION I [0.99981856, 0.00018143999999999997] 
PROD010_I 35 [8.567999999999999e-05, 4.535999999999999e-05, 4.535999999999999e-05, 4.535999999999999e-05, 0.0013461599999999997, 4.535999999999999e-05, 0.99834136, 4.535999999999999e-05] 
PROD010_J 31 [5.183999999999999e-05, 0.99954784, 5.183999999999999e-05, 0.00019295999999999997, 5.183999999999999e-05, 5.183999999999999e-05, 5.183999999999999e-05] 
PROD010_K 2 [0.003720959999999999, 0.99605728, 0.00022175999999999996] 
PROD012_DIRECTION J [0.00018143999999999997, 0.99981856] 
PROD012_I 45 [4.031999999999999e-05, 0.00014111999999999995, 4.031999999999999e-05, 0.015936319999999993, 8.063999999999997e-05, 4.031999999999999e-05, 4.031999999999999e-05, 4.031999999999999e-05, 0.98364032] 
PROD012_J 37 [0.0012329890909090905, 3.29890909090909e-05, 3.29890909090909e-05, 3.29890909090909e-05, 3.29890909090909e-05, 3.29890909090909e-05, 0.00013378909090909087, 0.9983693090909092, 3.29890909090909e-05, 3.29890909090909e-05, 3.29890909090909e-05] 
PROD012_K 3 [0.00012095999999999997, 0.00012095999999999997, 0.99975808] 
PROD014_DIRECTION I [0.99898144, 0.00101856] 
PROD014_I 51 [5.183999999999999e-05, 5.183999999999999e-05, 5.183999999999999e-05, 9.215999999999996e-05, 0.0007478399999999998, 0.99895264, 5.183999999999999e-05] 
PROD014_J 38 [3.628799999999999e-05, 3.628799999999999e-05, 3.628799999999999e-05, 3.628799999999999e-05, 0.998836288, 0.0007322879999999998, 3.628799999999999e-05, 3.628799999999999e-05, 7.660799999999998e-05, 0.00013708799999999997] 
PROD014_K 2 [0.00022175999999999996, 0.99965728, 0.00012095999999999997] 
PROD021_DIRECTION I [0.99902176, 0.0009782399999999996] 
PROD021_I 17 [0.00013103999999999994, 3.023999999999999e-05, 3.023999999999999e-05, 0.99952624, 3.023999999999999e-05, 7.055999999999997e-05, 3.023999999999999e-05, 3.023999999999999e-05, 3.023999999999999e-05, 3.023999999999999e-05, 3.023999999999999e-05, 3.023999999999999e-05] 
PROD021_J 39 [0.0012518399999999997, 5.183999999999999e-05, 0.99848896, 5.183999999999999e-05, 5.183999999999999e-05, 5.183999999999999e-05, 5.183999999999999e-05] 
PROD021_K 2 [0.00022175999999999996, 0.99896128, 0.0008169599999999999] 
PROD023A_DIRECTION J [0.0003225599999999999, 0.99967744] 
PROD023A_I 56 [0.999568576, 7.257599999999998e-05, 7.257599999999998e-05, 7.257599999999998e-05, 0.00021369599999999998] 
PROD023A_J 14 [0.0007564799999999998, 0.9190016, 6.047999999999998e-05, 0.08006047999999999, 6.047999999999998e-05, 6.047999999999998e-05] 
PROD023A_K 1 [0.99546208, 0.00012095999999999997, 0.004416959999999998] 
PROD024A_I 57 [0.09885183999999998, 0.9008889600000001, 5.183999999999999e-05, 5.183999999999999e-05, 5.183999999999999e-05, 5.183999999999999e-05, 5.183999999999999e-05] 
PROD024A_J 36 [9.071999999999999e-05, 9.071999999999999e-05, 9.071999999999999e-05, 0.99972784] 
PROD024A_K 1 [0.99965728, 0.00012095999999999997, 0.00022175999999999996] 
PROD025A_DIRECTION I [0.99971776, 0.0002822399999999999] 
PROD025A_I 59 [6.047999999999998e-05, 0.0007564799999999998, 6.047999999999998e-05, 6.047999999999998e-05, 6.047999999999998e-05, 0.9990016] 
PROD025A_J 23 [0.00011289599999999998, 7.257599999999998e-05, 0.9996693759999999, 7.257599999999998e-05, 7.257599999999998e-05] 
PROD025A_K 2 [0.0002620799999999999, 0.99892096, 0.0008169599999999999] 
PROD026_DIRECTION I [0.99977824, 0.00022175999999999996] 
PROD026_I 46 [7.257599999999998e-05, 0.999568576, 0.00011289599999999998, 7.257599999999998e-05, 0.000173376] 
PROD026_J 7 [5.183999999999999e-05, 5.183999999999999e-05, 0.0019478399999999995, 0.99765184, 9.215999999999996e-05, 5.183999999999999e-05, 0.00015263999999999995] 
PROD026_K 3 [0.00012095999999999997, 0.0002620799999999999, 0.99961696] 
INJ006_I 50 [6.047999999999998e-05, 0.99766048, 6.047999999999998e-05, 0.0014015999999999998, 0.0007564799999999998, 6.047999999999998e-05] 
INJ006_J 22 [4.535999999999999e-05, 0.99958168, 4.535999999999999e-05, 4.535999999999999e-05, 4.535999999999999e-05, 4.535999999999999e-05, 0.00014616, 4.535999999999999e-05] 
INJ006_K 13 [0.0007867199999999998, 0.00013103999999999994, 0.99899152, 9.071999999999999e-05] 
INJ010_DIRECTION I [0.99611776, 0.0038822399999999986] 
INJ010_I 70 [0.0012725759999999997, 7.257599999999998e-05, 0.997773376, 7.257599999999998e-05, 0.0008088959999999999] 
INJ010_J 34 [0.000173376, 7.257599999999998e-05, 0.999568576, 7.257599999999998e-05, 0.00011289599999999998] 
INJ010_K 15 [0.00023183999999999995, 9.071999999999999e-05, 0.99958672, 9.071999999999999e-05] 
INJ017_DIRECTION I [0.99491776, 0.005082239999999999] 
INJ017_I 36 [6.047999999999998e-05, 6.047999999999998e-05, 0.0002015999999999999, 6.047999999999998e-05, 0.99835648, 0.0012604799999999996] 
INJ017_J 14 [0.99885184, 9.215999999999996e-05, 5.183999999999999e-05, 5.183999999999999e-05, 0.00015263999999999995, 5.183999999999999e-05, 0.0007478399999999998] 
INJ017_K 7 [0.900072576, 0.00021369599999999998, 7.257599999999998e-05, 7.257599999999998e-05, 0.09956857599999998] 
INJ019_DIRECTION J [0.019818559999999992, 0.98018144] 
INJ019_I 26 [6.047999999999998e-05, 0.99965728, 0.00010079999999999996, 6.047999999999998e-05, 6.047999999999998e-05, 6.047999999999998e-05] 
INJ019_J 45 [0.015331039999999992, 0.98438672, 9.071999999999999e-05, 0.00019151999999999993] 
INJ019_K 6 [0.99838672, 0.00129072, 0.00019151999999999993, 0.00013103999999999994] 
INJ021_DIRECTION J [0.00018143999999999997, 0.99981856] 
INJ021_I 26 [4.031999999999999e-05, 4.031999999999999e-05, 4.031999999999999e-05, 0.00018143999999999997, 4.031999999999999e-05, 0.99953632, 4.031999999999999e-05, 4.031999999999999e-05, 4.031999999999999e-05] 
INJ021_J 27 [0.0002015999999999999, 6.047999999999998e-05, 0.91766048, 6.047999999999998e-05, 0.08195647999999998, 6.047999999999998e-05] 
INJ021_K 16 [9.071999999999999e-05, 9.071999999999999e-05, 9.071999999999999e-05, 0.99972784] 
INJ022_DIRECTION I [0.99981856, 0.00018143999999999997] 
INJ022_I 69 [0.0007685759999999997, 0.00011289599999999998, 0.998973376, 7.257599999999998e-05, 7.257599999999998e-05] 
INJ022_J 22 [9.071999999999999e-05, 0.99893104, 9.071999999999999e-05, 0.0008875199999999998] 
INJ022_K 8 [0.0012725759999999997, 0.998509696, 7.257599999999998e-05, 7.257599999999998e-05, 7.257599999999998e-05] 
INJ023_DIRECTION I [0.99971776, 0.0002822399999999999] 
INJ023_I 37 [0.99896128, 6.047999999999998e-05, 6.047999999999998e-05, 6.047999999999998e-05, 0.0007564799999999998, 0.00010079999999999996] 
INJ023_J 9 [0.9990016, 6.047999999999998e-05, 6.047999999999998e-05, 6.047999999999998e-05, 6.047999999999998e-05, 0.0007564799999999998] 
INJ023_K 15 [0.00022175999999999996, 0.99977824] 
NA1A_CONSIDER 1 [0.00018143999999999997, 0.99981856] 

Elite 3 OF_MAX_VPL 2792015166.61
NA2_CONSIDER 0 [0.99981856, 0.00018143999999999997] 
NA3D_CONSIDER 0 [0.99977824, 0.00022175999999999996] 
PltPRDSTL_PltPRDSTO 19375 [3.628799999999999e-05, 3.628799999999999e-05, 3.628799999999999e-05, 3.628799999999999e-05, 3.628799999999999e-05, 0.999673408, 3.628799999999999e-05, 3.628799999999999e-05, 3.628799999999999e-05, 3.628799999999999e-05] 
PltPRDSTW 9067.5 [6.047999999999998e-05, 0.00016127999999999995, 6.047999999999998e-05, 0.0019564799999999996, 0.9977008, 6.047999999999998e-05] 
PltINJSTW 27125 [3.023999999999999e-05, 3.023999999999999e-05, 3.023999999999999e-05, 3.023999999999999e-05, 3.023999999999999e-05, 0.99962704, 3.023999999999999e-05, 7.055999999999997e-05, 3.023999999999999e-05, 3.023999999999999e-05, 3.023999999999999e-05, 3.023999999999999e-05] 
PROD005_DIRECTION I [0.99971776, 0.0002822399999999999] 
PROD005_I 26 [0.9996875199999999, 9.071999999999999e-05, 9.071999999999999e-05, 0.00013103999999999994] 
PROD005_J 16 [0.9996421600000001, 4.535999999999999e-05, 8.567999999999999e-05, 4.535999999999999e-05, 4.535999999999999e-05, 4.535999999999999e-05, 4.535999999999999e-05, 4.535999999999999e-05] 
PROD005_K 1 [0.99965728, 0.00012095999999999997, 0.00022175999999999996] 
PROD006_I 53 [0.00013103999999999994, 9.071999999999999e-05, 0.99889072, 0.0008875199999999998] 
PROD006_J 2 [0.99967744, 0.0003225599999999999] 
PROD007_I 59 [0.995968576, 7.257599999999998e-05, 7.257599999999998e-05, 0.00011289599999999998, 0.003773375999999999] 
PROD007_J 11 [0.00012095999999999997, 0.99961696, 0.0002620799999999999] 
PROD009_DIRECTION J [0.0003225599999999999, 0.99967744] 
PROD009_I 9 [7.257599999999998e-05, 0.00011289599999999998, 7.257599999999998e-05, 7.257599999999998e-05, 0.9996693759999999] 
PROD009_J 38 [0.98019296, 0.019547839999999993, 5.183999999999999e-05, 5.183999999999999e-05, 5.183999999999999e-05, 5.183999999999999e-05, 5.183999999999999e-05] 
PROD009_K 1 [0.99971776, 0.00016127999999999995, 0.00012095999999999997] 
PROD010_DIRECTION I [0.99981856, 0.00018143999999999997] 
PROD010_I 35 [8.567999999999999e-05, 4.535999999999999e-05, 4.535999999999999e-05, 4.535999999999999e-05, 0.0013461599999999997, 4.535999999999999e-05, 0.99834136, 4.535999999999999e-05] 
PROD010_J 31 [5.183999999999999e-05, 0.99954784, 5.183999999999999e-05, 0.00019295999999999997, 5.183999999999999e-05, 5.183999999999999e-05, 5.183999999999999e-05] 
PROD010_K 2 [0.003720959999999999, 0.99605728, 0.00022175999999999996] 
PROD012_DIRECTION J [0.00018143999999999997, 0.99981856] 
PROD012_I 45 [4.031999999999999e-05, 0.00014111999999999995, 4.031999999999999e-05, 0.015936319999999993, 8.063999999999997e-05, 4.031999999999999e-05, 4.031999999999999e-05, 4.031999999999999e-05, 0.98364032] 
PROD012_J 37 [0.0012329890909090905, 3.29890909090909e-05, 3.29890909090909e-05, 3.29890909090909e-05, 3.29890909090909e-05, 3.29890909090909e-05, 0.00013378909090909087, 0.9983693090909092, 3.29890909090909e-05, 3.29890909090909e-05, 3.29890909090909e-05] 
PROD012_K 3 [0.00012095999999999997, 0.00012095999999999997, 0.99975808] 
PROD014_DIRECTION I [0.99898144, 0.00101856] 
PROD014_I 51 [5.183999999999999e-05, 5.183999999999999e-05, 5.183999999999999e-05, 9.215999999999996e-05, 0.0007478399999999998, 0.99895264, 5.183999999999999e-05] 
PROD014_J 38 [3.628799999999999e-05, 3.628799999999999e-05, 3.628799999999999e-05, 3.628799999999999e-05, 0.998836288, 0.0007322879999999998, 3.628799999999999e-05, 3.628799999999999e-05, 7.660799999999998e-05, 0.00013708799999999997] 
PROD014_K 2 [0.00022175999999999996, 0.99965728, 0.00012095999999999997] 
PROD021_DIRECTION I [0.99902176, 0.0009782399999999996] 
PROD021_I 17 [0.00013103999999999994, 3.023999999999999e-05, 3.023999999999999e-05, 0.99952624, 3.023999999999999e-05, 7.055999999999997e-05, 3.023999999999999e-05, 3.023999999999999e-05, 3.023999999999999e-05, 3.023999999999999e-05, 3.023999999999999e-05, 3.023999999999999e-05] 
PROD021_J 39 [0.0012518399999999997, 5.183999999999999e-05, 0.99848896, 5.183999999999999e-05, 5.183999999999999e-05, 5.183999999999999e-05, 5.183999999999999e-05] 
PROD021_K 2 [0.00022175999999999996, 0.99896128, 0.0008169599999999999] 
PROD023A_DIRECTION J [0.0003225599999999999, 0.99967744] 
PROD023A_I 56 [0.999568576, 7.257599999999998e-05, 7.257599999999998e-05, 7.257599999999998e-05, 0.00021369599999999998] 
PROD023A_J 14 [0.0007564799999999998, 0.9190016, 6.047999999999998e-05, 0.08006047999999999, 6.047999999999998e-05, 6.047999999999998e-05] 
PROD023A_K 1 [0.99546208, 0.00012095999999999997, 0.004416959999999998] 
PROD024A_I 57 [0.09885183999999998, 0.9008889600000001, 5.183999999999999e-05, 5.183999999999999e-05, 5.183999999999999e-05, 5.183999999999999e-05, 5.183999999999999e-05] 
PROD024A_J 36 [9.071999999999999e-05, 9.071999999999999e-05, 9.071999999999999e-05, 0.99972784] 
PROD024A_K 1 [0.99965728, 0.00012095999999999997, 0.00022175999999999996] 
PROD025A_DIRECTION I [0.99971776, 0.0002822399999999999] 
PROD025A_I 59 [6.047999999999998e-05, 0.0007564799999999998, 6.047999999999998e-05, 6.047999999999998e-05, 6.047999999999998e-05, 0.9990016] 
PROD025A_J 23 [0.00011289599999999998, 7.257599999999998e-05, 0.9996693759999999, 7.257599999999998e-05, 7.257599999999998e-05] 
PROD025A_K 2 [0.0002620799999999999, 0.99892096, 0.0008169599999999999] 
PROD026_DIRECTION I [0.99977824, 0.00022175999999999996] 
PROD026_I 46 [7.257599999999998e-05, 0.999568576, 0.00011289599999999998, 7.257599999999998e-05, 0.000173376] 
PROD026_J 7 [5.183999999999999e-05, 5.183999999999999e-05, 0.0019478399999999995, 0.99765184, 9.215999999999996e-05, 5.183999999999999e-05, 0.00015263999999999995] 
PROD026_K 3 [0.00012095999999999997, 0.0002620799999999999, 0.99961696] 
INJ006_I 50 [6.047999999999998e-05, 0.99766048, 6.047999999999998e-05, 0.0014015999999999998, 0.0007564799999999998, 6.047999999999998e-05] 
INJ006_J 22 [4.535999999999999e-05, 0.99958168, 4.535999999999999e-05, 4.535999999999999e-05, 4.535999999999999e-05, 4.535999999999999e-05, 0.00014616, 4.535999999999999e-05] 
INJ006_K 13 [0.0007867199999999998, 0.00013103999999999994, 0.99899152, 9.071999999999999e-05] 
INJ010_DIRECTION I [0.99611776, 0.0038822399999999986] 
INJ010_I 70 [0.0012725759999999997, 7.257599999999998e-05, 0.997773376, 7.257599999999998e-05, 0.0008088959999999999] 
INJ010_J 34 [0.000173376, 7.257599999999998e-05, 0.999568576, 7.257599999999998e-05, 0.00011289599999999998] 
INJ010_K 15 [0.00023183999999999995, 9.071999999999999e-05, 0.99958672, 9.071999999999999e-05] 
INJ017_DIRECTION I [0.99491776, 0.005082239999999999] 
INJ017_I 36 [6.047999999999998e-05, 6.047999999999998e-05, 0.0002015999999999999, 6.047999999999998e-05, 0.99835648, 0.0012604799999999996] 
INJ017_J 14 [0.99885184, 9.215999999999996e-05, 5.183999999999999e-05, 5.183999999999999e-05, 0.00015263999999999995, 5.183999999999999e-05, 0.0007478399999999998] 
INJ017_K 7 [0.900072576, 0.00021369599999999998, 7.257599999999998e-05, 7.257599999999998e-05, 0.09956857599999998] 
INJ019_DIRECTION J [0.019818559999999992, 0.98018144] 
INJ019_I 26 [6.047999999999998e-05, 0.99965728, 0.00010079999999999996, 6.047999999999998e-05, 6.047999999999998e-05, 6.047999999999998e-05] 
INJ019_J 45 [0.015331039999999992, 0.98438672, 9.071999999999999e-05, 0.00019151999999999993] 
INJ019_K 6 [0.99838672, 0.00129072, 0.00019151999999999993, 0.00013103999999999994] 
INJ021_DIRECTION J [0.00018143999999999997, 0.99981856] 
INJ021_I 26 [4.031999999999999e-05, 4.031999999999999e-05, 4.031999999999999e-05, 0.00018143999999999997, 4.031999999999999e-05, 0.99953632, 4.031999999999999e-05, 4.031999999999999e-05, 4.031999999999999e-05] 
INJ021_J 27 [0.0002015999999999999, 6.047999999999998e-05, 0.91766048, 6.047999999999998e-05, 0.08195647999999998, 6.047999999999998e-05] 
INJ021_K 16 [9.071999999999999e-05, 9.071999999999999e-05, 9.071999999999999e-05, 0.99972784] 
INJ022_DIRECTION I [0.99981856, 0.00018143999999999997] 
INJ022_I 69 [0.0007685759999999997, 0.00011289599999999998, 0.998973376, 7.257599999999998e-05, 7.257599999999998e-05] 
INJ022_J 22 [9.071999999999999e-05, 0.99893104, 9.071999999999999e-05, 0.0008875199999999998] 
INJ022_K 8 [0.0012725759999999997, 0.998509696, 7.257599999999998e-05, 7.257599999999998e-05, 7.257599999999998e-05] 
INJ023_DIRECTION I [0.99971776, 0.0002822399999999999] 
INJ023_I 37 [0.99896128, 6.047999999999998e-05, 6.047999999999998e-05, 6.047999999999998e-05, 0.0007564799999999998, 0.00010079999999999996] 
INJ023_J 9 [0.9990016, 6.047999999999998e-05, 6.047999999999998e-05, 6.047999999999998e-05, 6.047999999999998e-05, 0.0007564799999999998] 
INJ023_K 15 [0.00022175999999999996, 0.99977824] 
NA1A_CONSIDER 1 [0.00018143999999999997, 0.99981856] 

Elite 4 OF_MAX_VPL 2792015166.61
NA2_CONSIDER 0 [0.99981856, 0.00018143999999999997] 
NA3D_CONSIDER 0 [0.99977824, 0.00022175999999999996] 
PltPRDSTL_PltPRDSTO 19375 [3.628799999999999e-05, 3.628799999999999e-05, 3.628799999999999e-05, 3.628799999999999e-05, 3.628799999999999e-05, 0.999673408, 3.628799999999999e-05, 3.628799999999999e-05, 3.628799999999999e-05, 3.628799999999999e-05] 
PltPRDSTW 9067.5 [6.047999999999998e-05, 0.00016127999999999995, 6.047999999999998e-05, 0.0019564799999999996, 0.9977008, 6.047999999999998e-05] 
PltINJSTW 27125 [3.023999999999999e-05, 3.023999999999999e-05, 3.023999999999999e-05, 3.023999999999999e-05, 3.023999999999999e-05, 0.99962704, 3.023999999999999e-05, 7.055999999999997e-05, 3.023999999999999e-05, 3.023999999999999e-05, 3.023999999999999e-05, 3.023999999999999e-05] 
PROD005_DIRECTION I [0.99971776, 0.0002822399999999999] 
PROD005_I 26 [0.9996875199999999, 9.071999999999999e-05, 9.071999999999999e-05, 0.00013103999999999994] 
PROD005_J 16 [0.9996421600000001, 4.535999999999999e-05, 8.567999999999999e-05, 4.535999999999999e-05, 4.535999999999999e-05, 4.535999999999999e-05, 4.535999999999999e-05, 4.535999999999999e-05] 
PROD005_K 1 [0.99965728, 0.00012095999999999997, 0.00022175999999999996] 
PROD006_I 53 [0.00013103999999999994, 9.071999999999999e-05, 0.99889072, 0.0008875199999999998] 
PROD006_J 2 [0.99967744, 0.0003225599999999999] 
PROD007_I 59 [0.995968576, 7.257599999999998e-05, 7.257599999999998e-05, 0.00011289599999999998, 0.003773375999999999] 
PROD007_J 11 [0.00012095999999999997, 0.99961696, 0.0002620799999999999] 
PROD009_DIRECTION J [0.0003225599999999999, 0.99967744] 
PROD009_I 9 [7.257599999999998e-05, 0.00011289599999999998, 7.257599999999998e-05, 7.257599999999998e-05, 0.9996693759999999] 
PROD009_J 38 [0.98019296, 0.019547839999999993, 5.183999999999999e-05, 5.183999999999999e-05, 5.183999999999999e-05, 5.183999999999999e-05, 5.183999999999999e-05] 
PROD009_K 1 [0.99971776, 0.00016127999999999995, 0.00012095999999999997] 
PROD010_DIRECTION I [0.99981856, 0.00018143999999999997] 
PROD010_I 35 [8.567999999999999e-05, 4.535999999999999e-05, 4.535999999999999e-05, 4.535999999999999e-05, 0.0013461599999999997, 4.535999999999999e-05, 0.99834136, 4.535999999999999e-05] 
PROD010_J 31 [5.183999999999999e-05, 0.99954784, 5.183999999999999e-05, 0.00019295999999999997, 5.183999999999999e-05, 5.183999999999999e-05, 5.183999999999999e-05] 
PROD010_K 2 [0.003720959999999999, 0.99605728, 0.00022175999999999996] 
PROD012_DIRECTION J [0.00018143999999999997, 0.99981856] 
PROD012_I 45 [4.031999999999999e-05, 0.00014111999999999995, 4.031999999999999e-05, 0.015936319999999993, 8.063999999999997e-05, 4.031999999999999e-05, 4.031999999999999e-05, 4.031999999999999e-05, 0.98364032] 
PROD012_J 37 [0.0012329890909090905, 3.29890909090909e-05, 3.29890909090909e-05, 3.29890909090909e-05, 3.29890909090909e-05, 3.29890909090909e-05, 0.00013378909090909087, 0.9983693090909092, 3.29890909090909e-05, 3.29890909090909e-05, 3.29890909090909e-05] 
PROD012_K 3 [0.00012095999999999997, 0.00012095999999999997, 0.99975808] 
PROD014_DIRECTION I [0.99898144, 0.00101856] 
PROD014_I 51 [5.183999999999999e-05, 5.183999999999999e-05, 5.183999999999999e-05, 9.215999999999996e-05, 0.0007478399999999998, 0.99895264, 5.183999999999999e-05] 
PROD014_J 38 [3.628799999999999e-05, 3.628799999999999e-05, 3.628799999999999e-05, 3.628799999999999e-05, 0.998836288, 0.0007322879999999998, 3.628799999999999e-05, 3.628799999999999e-05, 7.660799999999998e-05, 0.00013708799999999997] 
PROD014_K 2 [0.00022175999999999996, 0.99965728, 0.00012095999999999997] 
PROD021_DIRECTION I [0.99902176, 0.0009782399999999996] 
PROD021_I 17 [0.00013103999999999994, 3.023999999999999e-05, 3.023999999999999e-05, 0.99952624, 3.023999999999999e-05, 7.055999999999997e-05, 3.023999999999999e-05, 3.023999999999999e-05, 3.023999999999999e-05, 3.023999999999999e-05, 3.023999999999999e-05, 3.023999999999999e-05] 
PROD021_J 39 [0.0012518399999999997, 5.183999999999999e-05, 0.99848896, 5.183999999999999e-05, 5.183999999999999e-05, 5.183999999999999e-05, 5.183999999999999e-05] 
PROD021_K 2 [0.00022175999999999996, 0.99896128, 0.0008169599999999999] 
PROD023A_DIRECTION J [0.0003225599999999999, 0.99967744] 
PROD023A_I 56 [0.999568576, 7.257599999999998e-05, 7.257599999999998e-05, 7.257599999999998e-05, 0.00021369599999999998] 
PROD023A_J 14 [0.0007564799999999998, 0.9190016, 6.047999999999998e-05, 0.08006047999999999, 6.047999999999998e-05, 6.047999999999998e-05] 
PROD023A_K 1 [0.99546208, 0.00012095999999999997, 0.004416959999999998] 
PROD024A_I 57 [0.09885183999999998, 0.9008889600000001, 5.183999999999999e-05, 5.183999999999999e-05, 5.183999999999999e-05, 5.183999999999999e-05, 5.183999999999999e-05] 
PROD024A_J 36 [9.071999999999999e-05, 9.071999999999999e-05, 9.071999999999999e-05, 0.99972784] 
PROD024A_K 1 [0.99965728, 0.00012095999999999997, 0.00022175999999999996] 
PROD025A_DIRECTION I [0.99971776, 0.0002822399999999999] 
PROD025A_I 59 [6.047999999999998e-05, 0.0007564799999999998, 6.047999999999998e-05, 6.047999999999998e-05, 6.047999999999998e-05, 0.9990016] 
PROD025A_J 23 [0.00011289599999999998, 7.257599999999998e-05, 0.9996693759999999, 7.257599999999998e-05, 7.257599999999998e-05] 
PROD025A_K 2 [0.0002620799999999999, 0.99892096, 0.0008169599999999999] 
PROD026_DIRECTION I [0.99977824, 0.00022175999999999996] 
PROD026_I 46 [7.257599999999998e-05, 0.999568576, 0.00011289599999999998, 7.257599999999998e-05, 0.000173376] 
PROD026_J 7 [5.183999999999999e-05, 5.183999999999999e-05, 0.0019478399999999995, 0.99765184, 9.215999999999996e-05, 5.183999999999999e-05, 0.00015263999999999995] 
PROD026_K 3 [0.00012095999999999997, 0.0002620799999999999, 0.99961696] 
INJ006_I 50 [6.047999999999998e-05, 0.99766048, 6.047999999999998e-05, 0.0014015999999999998, 0.0007564799999999998, 6.047999999999998e-05] 
INJ006_J 22 [4.535999999999999e-05, 0.99958168, 4.535999999999999e-05, 4.535999999999999e-05, 4.535999999999999e-05, 4.535999999999999e-05, 0.00014616, 4.535999999999999e-05] 
INJ006_K 13 [0.0007867199999999998, 0.00013103999999999994, 0.99899152, 9.071999999999999e-05] 
INJ010_DIRECTION I [0.99611776, 0.0038822399999999986] 
INJ010_I 70 [0.0012725759999999997, 7.257599999999998e-05, 0.997773376, 7.257599999999998e-05, 0.0008088959999999999] 
INJ010_J 34 [0.000173376, 7.257599999999998e-05, 0.999568576, 7.257599999999998e-05, 0.00011289599999999998] 
INJ010_K 15 [0.00023183999999999995, 9.071999999999999e-05, 0.99958672, 9.071999999999999e-05] 
INJ017_DIRECTION I [0.99491776, 0.005082239999999999] 
INJ017_I 36 [6.047999999999998e-05, 6.047999999999998e-05, 0.0002015999999999999, 6.047999999999998e-05, 0.99835648, 0.0012604799999999996] 
INJ017_J 14 [0.99885184, 9.215999999999996e-05, 5.183999999999999e-05, 5.183999999999999e-05, 0.00015263999999999995, 5.183999999999999e-05, 0.0007478399999999998] 
INJ017_K 7 [0.900072576, 0.00021369599999999998, 7.257599999999998e-05, 7.257599999999998e-05, 0.09956857599999998] 
INJ019_DIRECTION J [0.019818559999999992, 0.98018144] 
INJ019_I 26 [6.047999999999998e-05, 0.99965728, 0.00010079999999999996, 6.047999999999998e-05, 6.047999999999998e-05, 6.047999999999998e-05] 
INJ019_J 45 [0.015331039999999992, 0.98438672, 9.071999999999999e-05, 0.00019151999999999993] 
INJ019_K 6 [0.99838672, 0.00129072, 0.00019151999999999993, 0.00013103999999999994] 
INJ021_DIRECTION J [0.00018143999999999997, 0.99981856] 
INJ021_I 26 [4.031999999999999e-05, 4.031999999999999e-05, 4.031999999999999e-05, 0.00018143999999999997, 4.031999999999999e-05, 0.99953632, 4.031999999999999e-05, 4.031999999999999e-05, 4.031999999999999e-05] 
INJ021_J 27 [0.0002015999999999999, 6.047999999999998e-05, 0.91766048, 6.047999999999998e-05, 0.08195647999999998, 6.047999999999998e-05] 
INJ021_K 16 [9.071999999999999e-05, 9.071999999999999e-05, 9.071999999999999e-05, 0.99972784] 
INJ022_DIRECTION I [0.99981856, 0.00018143999999999997] 
INJ022_I 69 [0.0007685759999999997, 0.00011289599999999998, 0.998973376, 7.257599999999998e-05, 7.257599999999998e-05] 
INJ022_J 22 [9.071999999999999e-05, 0.99893104, 9.071999999999999e-05, 0.0008875199999999998] 
INJ022_K 8 [0.0012725759999999997, 0.998509696, 7.257599999999998e-05, 7.257599999999998e-05, 7.257599999999998e-05] 
INJ023_DIRECTION I [0.99971776, 0.0002822399999999999] 
INJ023_I 37 [0.99896128, 6.047999999999998e-05, 6.047999999999998e-05, 6.047999999999998e-05, 0.0007564799999999998, 0.00010079999999999996] 
INJ023_J 9 [0.9990016, 6.047999999999998e-05, 6.047999999999998e-05, 6.047999999999998e-05, 6.047999999999998e-05, 0.0007564799999999998] 
INJ023_K 15 [0.00022175999999999996, 0.99977824] 
NA1A_CONSIDER 1 [0.00018143999999999997, 0.99981856] 

Elite 5 OF_MAX_VPL 2792015166.61
NA2_CONSIDER 0 [0.99981856, 0.00018143999999999997] 
NA3D_CONSIDER 0 [0.99977824, 0.00022175999999999996] 
PltPRDSTL_PltPRDSTO 19375 [3.628799999999999e-05, 3.628799999999999e-05, 3.628799999999999e-05, 3.628799999999999e-05, 3.628799999999999e-05, 0.999673408, 3.628799999999999e-05, 3.628799999999999e-05, 3.628799999999999e-05, 3.628799999999999e-05] 
PltPRDSTW 9067.5 [6.047999999999998e-05, 0.00016127999999999995, 6.047999999999998e-05, 0.0019564799999999996, 0.9977008, 6.047999999999998e-05] 
PltINJSTW 27125 [3.023999999999999e-05, 3.023999999999999e-05, 3.023999999999999e-05, 3.023999999999999e-05, 3.023999999999999e-05, 0.99962704, 3.023999999999999e-05, 7.055999999999997e-05, 3.023999999999999e-05, 3.023999999999999e-05, 3.023999999999999e-05, 3.023999999999999e-05] 
PROD005_DIRECTION I [0.99971776, 0.0002822399999999999] 
PROD005_I 26 [0.9996875199999999, 9.071999999999999e-05, 9.071999999999999e-05, 0.00013103999999999994] 
PROD005_J 16 [0.9996421600000001, 4.535999999999999e-05, 8.567999999999999e-05, 4.535999999999999e-05, 4.535999999999999e-05, 4.535999999999999e-05, 4.535999999999999e-05, 4.535999999999999e-05] 
PROD005_K 1 [0.99965728, 0.00012095999999999997, 0.00022175999999999996] 
PROD006_I 53 [0.00013103999999999994, 9.071999999999999e-05, 0.99889072, 0.0008875199999999998] 
PROD006_J 2 [0.99967744, 0.0003225599999999999] 
PROD007_I 59 [0.995968576, 7.257599999999998e-05, 7.257599999999998e-05, 0.00011289599999999998, 0.003773375999999999] 
PROD007_J 11 [0.00012095999999999997, 0.99961696, 0.0002620799999999999] 
PROD009_DIRECTION J [0.0003225599999999999, 0.99967744] 
PROD009_I 9 [7.257599999999998e-05, 0.00011289599999999998, 7.257599999999998e-05, 7.257599999999998e-05, 0.9996693759999999] 
PROD009_J 38 [0.98019296, 0.019547839999999993, 5.183999999999999e-05, 5.183999999999999e-05, 5.183999999999999e-05, 5.183999999999999e-05, 5.183999999999999e-05] 
PROD009_K 1 [0.99971776, 0.00016127999999999995, 0.00012095999999999997] 
PROD010_DIRECTION I [0.99981856, 0.00018143999999999997] 
PROD010_I 35 [8.567999999999999e-05, 4.535999999999999e-05, 4.535999999999999e-05, 4.535999999999999e-05, 0.0013461599999999997, 4.535999999999999e-05, 0.99834136, 4.535999999999999e-05] 
PROD010_J 31 [5.183999999999999e-05, 0.99954784, 5.183999999999999e-05, 0.00019295999999999997, 5.183999999999999e-05, 5.183999999999999e-05, 5.183999999999999e-05] 
PROD010_K 2 [0.003720959999999999, 0.99605728, 0.00022175999999999996] 
PROD012_DIRECTION J [0.00018143999999999997, 0.99981856] 
PROD012_I 45 [4.031999999999999e-05, 0.00014111999999999995, 4.031999999999999e-05, 0.015936319999999993, 8.063999999999997e-05, 4.031999999999999e-05, 4.031999999999999e-05, 4.031999999999999e-05, 0.98364032] 
PROD012_J 37 [0.0012329890909090905, 3.29890909090909e-05, 3.29890909090909e-05, 3.29890909090909e-05, 3.29890909090909e-05, 3.29890909090909e-05, 0.00013378909090909087, 0.9983693090909092, 3.29890909090909e-05, 3.29890909090909e-05, 3.29890909090909e-05] 
PROD012_K 3 [0.00012095999999999997, 0.00012095999999999997, 0.99975808] 
PROD014_DIRECTION I [0.99898144, 0.00101856] 
PROD014_I 51 [5.183999999999999e-05, 5.183999999999999e-05, 5.183999999999999e-05, 9.215999999999996e-05, 0.0007478399999999998, 0.99895264, 5.183999999999999e-05] 
PROD014_J 38 [3.628799999999999e-05, 3.628799999999999e-05, 3.628799999999999e-05, 3.628799999999999e-05, 0.998836288, 0.0007322879999999998, 3.628799999999999e-05, 3.628799999999999e-05, 7.660799999999998e-05, 0.00013708799999999997] 
PROD014_K 2 [0.00022175999999999996, 0.99965728, 0.00012095999999999997] 
PROD021_DIRECTION I [0.99902176, 0.0009782399999999996] 
PROD021_I 17 [0.00013103999999999994, 3.023999999999999e-05, 3.023999999999999e-05, 0.99952624, 3.023999999999999e-05, 7.055999999999997e-05, 3.023999999999999e-05, 3.023999999999999e-05, 3.023999999999999e-05, 3.023999999999999e-05, 3.023999999999999e-05, 3.023999999999999e-05] 
PROD021_J 39 [0.0012518399999999997, 5.183999999999999e-05, 0.99848896, 5.183999999999999e-05, 5.183999999999999e-05, 5.183999999999999e-05, 5.183999999999999e-05] 
PROD021_K 2 [0.00022175999999999996, 0.99896128, 0.0008169599999999999] 
PROD023A_DIRECTION J [0.0003225599999999999, 0.99967744] 
PROD023A_I 56 [0.999568576, 7.257599999999998e-05, 7.257599999999998e-05, 7.257599999999998e-05, 0.00021369599999999998] 
PROD023A_J 14 [0.0007564799999999998, 0.9190016, 6.047999999999998e-05, 0.08006047999999999, 6.047999999999998e-05, 6.047999999999998e-05] 
PROD023A_K 1 [0.99546208, 0.00012095999999999997, 0.004416959999999998] 
PROD024A_I 57 [0.09885183999999998, 0.9008889600000001, 5.183999999999999e-05, 5.183999999999999e-05, 5.183999999999999e-05, 5.183999999999999e-05, 5.183999999999999e-05] 
PROD024A_J 36 [9.071999999999999e-05, 9.071999999999999e-05, 9.071999999999999e-05, 0.99972784] 
PROD024A_K 1 [0.99965728, 0.00012095999999999997, 0.00022175999999999996] 
PROD025A_DIRECTION I [0.99971776, 0.0002822399999999999] 
PROD025A_I 59 [6.047999999999998e-05, 0.0007564799999999998, 6.047999999999998e-05, 6.047999999999998e-05, 6.047999999999998e-05, 0.9990016] 
PROD025A_J 23 [0.00011289599999999998, 7.257599999999998e-05, 0.9996693759999999, 7.257599999999998e-05, 7.257599999999998e-05] 
PROD025A_K 2 [0.0002620799999999999, 0.99892096, 0.0008169599999999999] 
PROD026_DIRECTION I [0.99977824, 0.00022175999999999996] 
PROD026_I 46 [7.257599999999998e-05, 0.999568576, 0.00011289599999999998, 7.257599999999998e-05, 0.000173376] 
PROD026_J 7 [5.183999999999999e-05, 5.183999999999999e-05, 0.0019478399999999995, 0.99765184, 9.215999999999996e-05, 5.183999999999999e-05, 0.00015263999999999995] 
PROD026_K 3 [0.00012095999999999997, 0.0002620799999999999, 0.99961696] 
INJ006_I 50 [6.047999999999998e-05, 0.99766048, 6.047999999999998e-05, 0.0014015999999999998, 0.0007564799999999998, 6.047999999999998e-05] 
INJ006_J 22 [4.535999999999999e-05, 0.99958168, 4.535999999999999e-05, 4.535999999999999e-05, 4.535999999999999e-05, 4.535999999999999e-05, 0.00014616, 4.535999999999999e-05] 
INJ006_K 13 [0.0007867199999999998, 0.00013103999999999994, 0.99899152, 9.071999999999999e-05] 
INJ010_DIRECTION I [0.99611776, 0.0038822399999999986] 
INJ010_I 70 [0.0012725759999999997, 7.257599999999998e-05, 0.997773376, 7.257599999999998e-05, 0.0008088959999999999] 
INJ010_J 34 [0.000173376, 7.257599999999998e-05, 0.999568576, 7.257599999999998e-05, 0.00011289599999999998] 
INJ010_K 15 [0.00023183999999999995, 9.071999999999999e-05, 0.99958672, 9.071999999999999e-05] 
INJ017_DIRECTION I [0.99491776, 0.005082239999999999] 
INJ017_I 36 [6.047999999999998e-05, 6.047999999999998e-05, 0.0002015999999999999, 6.047999999999998e-05, 0.99835648, 0.0012604799999999996] 
INJ017_J 14 [0.99885184, 9.215999999999996e-05, 5.183999999999999e-05, 5.183999999999999e-05, 0.00015263999999999995, 5.183999999999999e-05, 0.0007478399999999998] 
INJ017_K 7 [0.900072576, 0.00021369599999999998, 7.257599999999998e-05, 7.257599999999998e-05, 0.09956857599999998] 
INJ019_DIRECTION J [0.019818559999999992, 0.98018144] 
INJ019_I 26 [6.047999999999998e-05, 0.99965728, 0.00010079999999999996, 6.047999999999998e-05, 6.047999999999998e-05, 6.047999999999998e-05] 
INJ019_J 45 [0.015331039999999992, 0.98438672, 9.071999999999999e-05, 0.00019151999999999993] 
INJ019_K 6 [0.99838672, 0.00129072, 0.00019151999999999993, 0.00013103999999999994] 
INJ021_DIRECTION J [0.00018143999999999997, 0.99981856] 
INJ021_I 26 [4.031999999999999e-05, 4.031999999999999e-05, 4.031999999999999e-05, 0.00018143999999999997, 4.031999999999999e-05, 0.99953632, 4.031999999999999e-05, 4.031999999999999e-05, 4.031999999999999e-05] 
INJ021_J 27 [0.0002015999999999999, 6.047999999999998e-05, 0.91766048, 6.047999999999998e-05, 0.08195647999999998, 6.047999999999998e-05] 
INJ021_K 16 [9.071999999999999e-05, 9.071999999999999e-05, 9.071999999999999e-05, 0.99972784] 
INJ022_DIRECTION I [0.99981856, 0.00018143999999999997] 
INJ022_I 69 [0.0007685759999999997, 0.00011289599999999998, 0.998973376, 7.257599999999998e-05, 7.257599999999998e-05] 
INJ022_J 22 [9.071999999999999e-05, 0.99893104, 9.071999999999999e-05, 0.0008875199999999998] 
INJ022_K 8 [0.0012725759999999997, 0.998509696, 7.257599999999998e-05, 7.257599999999998e-05, 7.257599999999998e-05] 
INJ023_DIRECTION I [0.99971776, 0.0002822399999999999] 
INJ023_I 37 [0.99896128, 6.047999999999998e-05, 6.047999999999998e-05, 6.047999999999998e-05, 0.0007564799999999998, 0.00010079999999999996] 
INJ023_J 9 [0.9990016, 6.047999999999998e-05, 6.047999999999998e-05, 6.047999999999998e-05, 6.047999999999998e-05, 0.0007564799999999998] 
INJ023_K 15 [0.00022175999999999996, 0.99977824] 
NA1A_CONSIDER 1 [0.00018143999999999997, 0.99981856] 

