Elite 1 OF_MAX_VPL 2859303602.43
NA2_CONSIDER 0 [0.23966937663820823, 0.7603306233617919] 
NA3D_CONSIDER 0 [0.8656559414309343, 0.13434405856906564] 
PltPRDSTL_PltPRDSTO 19375 [0.05158971874884472, 0.05158971874884472, 0.07160894953800846, 0.05158971874884472, 0.05158971874884472, 0.5141340772278918, 0.05158971874884472, 0.05312894199218676, 0.05158971874884472, 0.05158971874884472] 
PltPRDSTW 9765 [0.06676600071784039, 0.06737240044884275, 0.06676600071784039, 0.6640216087923897, 0.0683079886052464, 0.06676600071784039] 
PltINJSTW 27210 [0.04352847768451749, 0.04352847768451749, 0.04352847768451749, 0.04352847768451749, 0.43383507757467793, 0.04372177092058376, 0.13068685234408106, 0.04352847768451749, 0.04352847768451749, 0.04352847768451749, 0.04352847768451749, 0.04352847768451749] 
PROD005_DIRECTION I [0.8788358696747967, 0.12116413032520344] 
PROD005_I 27 [0.07830979653141695, 0.7670270675275933, 0.07733156797049492, 0.07733156797049492] 
PROD005_J 19 [0.05895244962151796, 0.05895244962151796, 0.05916626850598675, 0.5871190337649056, 0.05895244962151796, 0.05895244962151796, 0.05895244962151796, 0.05895244962151796] 
PROD005_K 2 [0.08506118792689213, 0.8309370386415365, 0.08400177343157142] 
PROD006_I 51 [0.7640594825496161, 0.07703588634993401, 0.07703588634993401, 0.08186874475051588] 
PROD006_J 2 [0.9074407892171215, 0.09255921078287857] 
PROD007_I 60 [0.08025100115946121, 0.706215158374215, 0.07109100448075065, 0.07135183150482241, 0.07109100448075065] 
PROD007_J 12 [0.10881465390585533, 0.08515905994421863, 0.806026286149926] 
PROD009_DIRECTION J [0.09330970541559791, 0.906690294584402] 
PROD009_I 8 [0.07916456777075297, 0.07114435215561112, 0.07179614986427202, 0.7067505780537526, 0.07114435215561112] 
PROD009_J 38 [0.622209342091109, 0.06251354688305288, 0.06251354688305288, 0.06251354688305288, 0.06251354688305288, 0.06251354688305288, 0.06522292349362675] 
PROD009_K 2 [0.08204281126457519, 0.8005140745051411, 0.11744311423028365] 
PROD010_DIRECTION I [0.90774091001948, 0.09225908998052013] 
PROD010_I 30 [0.05802980078464711, 0.5756759208785409, 0.057812290809685696, 0.057812290809685696, 0.057812290809685696, 0.07723282428838373, 0.057812290809685696, 0.057812290809685696] 
PROD010_J 33 [0.062387384308860275, 0.062387384308860275, 0.062387384308860275, 0.6209431214878578, 0.062387384308860275, 0.06440632585604006, 0.06510101542066106] 
PROD010_K 2 [0.21069153142071576, 0.7148588858733375, 0.07444958270594686] 
PROD012_DIRECTION I [0.9074407892171215, 0.09255921078287857] 
PROD012_I 45 [0.056679609015891155, 0.055596473989871845, 0.055596473989871845, 0.055596473989871845, 0.05579865919472879, 0.055596473989871845, 0.055596473989871845, 0.055596473989871845, 0.553942887850149] 
PROD012_J 39 [0.05006774830108083, 0.05086341533769537, 0.049885136194316844, 0.049885136194316844, 0.0525156201131791, 0.049885136194316844, 0.049885136194316844, 0.049885136194316844, 0.049885136194316844, 0.49735726288782667, 0.049885136194316844] 
PROD012_K 2 [0.1178045103196507, 0.8011605589308857, 0.08103493074946373] 
PROD014_DIRECTION J [0.24177946909360298, 0.7582205309063971] 
PROD014_I 46 [0.6183781281167237, 0.0701624517506484, 0.06213181575654138, 0.06213181575654138, 0.06213181575654138, 0.06213181575654138, 0.06293215710646255] 
PROD014_J 37 [0.05239572836407298, 0.05239572836407298, 0.05861064470689922, 0.522223528380517, 0.05239572836407298, 0.05239572836407298, 0.05239572836407298, 0.05239572836407298, 0.05239572836407298, 0.05239572836407298] 
PROD014_K 1 [0.7032892243375726, 0.07128331284002964, 0.22542746282239776] 
PROD021_DIRECTION J [0.09225908998052013, 0.90774091001948] 
PROD021_I 16 [0.04751749424015966, 0.04844922184257838, 0.4738705237582105, 0.04751749424015966, 0.04751749424015966, 0.04958800002331237, 0.04751749424015966, 0.04795230045462174, 0.04751749424015966, 0.04751749424015966, 0.04751749424015966, 0.04751749424015966] 
PROD021_J 38 [0.06286014994862836, 0.6234072241708547, 0.06320102426620339, 0.06263290040357834, 0.06263290040357834, 0.06263290040357834, 0.06263290040357834] 
PROD021_K 2 [0.08387763454391071, 0.819007711671352, 0.09711465378473726] 
PROD023A_DIRECTION J [0.09225908998052013, 0.90774091001948] 
PROD023A_I 56 [0.7114919342831107, 0.07161676723519843, 0.07161676723519843, 0.07365776401129398, 0.07161676723519843] 
PROD023A_J 13 [0.6475097784706231, 0.0680559813366555, 0.08713459828368542, 0.06573719558463186, 0.0651208094986509, 0.06644163682575296] 
PROD023A_K 3 [0.08406464934991464, 0.08436726287401725, 0.8315680877760682] 
PROD024A_I 56 [0.6179387407832144, 0.06208803646806603, 0.07162107687645543, 0.06208803646806603, 0.06208803646806603, 0.06208803646806603, 0.06208803646806603] 
PROD024A_J 33 [0.74781115011371, 0.07541694930121774, 0.07541694930121774, 0.10135495128385447] 
PROD024A_K 3 [0.08406464934991464, 0.08436726287401725, 0.8315680877760682] 
PROD025A_DIRECTION J [0.09255921078287857, 0.9074407892171215] 
PROD025A_I 59 [0.0672832449142999, 0.06956651123756676, 0.06667630070178594, 0.06667630070178594, 0.06667630070178594, 0.6631213417427756] 
PROD025A_J 22 [0.07164455225618745, 0.7117707964279523, 0.07164455225618745, 0.07164455225618745, 0.07329554680348538] 
PROD025A_K 3 [0.08408979083883267, 0.08408979083883267, 0.8318204183223348] 
PROD026_DIRECTION J [0.09613546185766042, 0.9038645381423396] 
PROD026_I 49 [0.07149534242416808, 0.07149534242416808, 0.07149534242416808, 0.07524070886591405, 0.7102732638615816] 
PROD026_J 8 [0.06289548293636979, 0.06266833376265997, 0.06266833376265997, 0.06266833376265997, 0.6237628482503303, 0.06266833376265997, 0.06266833376265997] 
PROD026_K 3 [0.08092264532155614, 0.11904373948005072, 0.8000336151983932] 
INJ006_I 53 [0.18303592748017097, 0.058393920300146014, 0.058393920300146014, 0.061786419524697746, 0.5799958920946933, 0.058393920300146014] 
INJ006_J 28 [0.0589495690061243, 0.05873504631155279, 0.05873504631155279, 0.05873504631155279, 0.062438116634513485, 0.05873504631155279, 0.05873504631155279, 0.5849370828015983] 
INJ006_K 13 [0.07707584711603634, 0.08138776017973338, 0.7644605455881938, 0.07707584711603634] 
INJ010_DIRECTION I [0.7564925287110057, 0.2435074712889942] 
INJ010_I 71 [0.07174368637344118, 0.07174368637344118, 0.07200319279862805, 0.7127657480810483, 0.07174368637344118] 
INJ010_J 36 [0.08311210394792462, 0.07108274171087028, 0.07147480059391965, 0.7035089846251147, 0.07082136912217071] 
INJ010_K 15 [0.0902399672355003, 0.07631703818442626, 0.7568448203282697, 0.07659817425180372] 
INJ017_DIRECTION I [0.9074407892171215, 0.09255921078287857] 
INJ017_I 38 [0.06689276862531975, 0.06713502072387662, 0.06689276862531975, 0.06689276862531975, 0.06689276862531975, 0.6652939047748444] 
INJ017_J 24 [0.060667254390787816, 0.060667254390787816, 0.060667254390787816, 0.060667254390787816, 0.09298455314831383, 0.603679174897747, 0.060667254390787816] 
INJ017_K 16 [0.06986393802792569, 0.09650838202861856, 0.06986393802792569, 0.06986393802792569, 0.6938998038876043] 
INJ019_DIRECTION J [0.10388153505743539, 0.8961184649425646] 
INJ019_I 30 [0.06806542871284546, 0.06700856061024134, 0.06676600071784039, 0.6640216087923897, 0.06676600071784039, 0.06737240044884275] 
INJ019_J 43 [0.7644605455881939, 0.07707584711603635, 0.08068799067171455, 0.0777756166240552] 
INJ019_K 11 [0.08251657513278135, 0.7635192971936249, 0.07698206383679687, 0.07698206383679687] 
INJ021_DIRECTION J [0.09386739392189149, 0.9061326060781084] 
INJ021_I 23 [0.055534136270916835, 0.05794380579277415, 0.5533172403108082, 0.055534136270916835, 0.055534136270916835, 0.055534136270916835, 0.055534136270916835, 0.055534136270916835, 0.055534136270916835] 
INJ021_J 27 [0.06670057023925563, 0.06670057023925563, 0.6633649210179462, 0.06694328899756297, 0.06959007926672395, 0.06670057023925563] 
INJ021_K 12 [0.08563152008325506, 0.07657500654762286, 0.759433899209681, 0.07835957415944118] 
INJ022_DIRECTION J [0.09330970541559791, 0.906690294584402] 
INJ022_I 73 [0.07092177837494118, 0.07157470194096788, 0.0820650072351301, 0.07092177837494118, 0.7045167340740197] 
INJ022_J 24 [0.1097710866504223, 0.07808077106810357, 0.7377351378257168, 0.07441300445575748] 
INJ022_K 6 [0.7100869367006982, 0.07147677732247988, 0.07212689350638272, 0.07483261514795934, 0.07147677732247988] 
INJ023_DIRECTION J [0.13100659374748466, 0.8689934062525154] 
INJ023_I 44 [0.06806542871284546, 0.06676600071784039, 0.06676600071784039, 0.06761496034124369, 0.6640216087923897, 0.06676600071784039] 
INJ023_J 17 [0.06678215270248017, 0.06868767229340296, 0.06678215270248017, 0.06678215270248017, 0.6641837168966763, 0.06678215270248017] 
INJ023_K 15 [0.09225908998052013, 0.90774091001948] 
NA1A_CONSIDER 1 [0.19949865825084645, 0.8005013417491537] 

Elite 2 OF_MAX_VPL 2857520403.28
NA2_CONSIDER 0 [0.9038645381423396, 0.09613546185766042] 
NA3D_CONSIDER 0 [0.8656559414309343, 0.13434405856906564] 
PltPRDSTL_PltPRDSTO 19375 [0.05158971874884472, 0.05158971874884472, 0.07160894953800846, 0.05158971874884472, 0.05158971874884472, 0.5141340772278918, 0.05158971874884472, 0.05312894199218676, 0.05158971874884472, 0.05158971874884472] 
PltPRDSTW 9765 [0.06676600071784039, 0.06737240044884275, 0.06676600071784039, 0.6640216087923897, 0.0683079886052464, 0.06676600071784039] 
PltINJSTW 26040 [0.04738112151126933, 0.04738112151126933, 0.04738112151126933, 0.04738112151126933, 0.05351237042011487, 0.04755570622596189, 0.4725018297524992, 0.04738112151126933, 0.04738112151126933, 0.04738112151126933, 0.04738112151126933, 0.04738112151126933] 
PROD005_DIRECTION I [0.8788358696747967, 0.12116413032520344] 
PROD005_I 27 [0.07830979653141695, 0.7670270675275933, 0.07733156797049492, 0.07733156797049492] 
PROD005_J 19 [0.05895244962151796, 0.05895244962151796, 0.05916626850598675, 0.5871190337649056, 0.05895244962151796, 0.05895244962151796, 0.05895244962151796, 0.05895244962151796] 
PROD005_K 2 [0.08506118792689213, 0.8309370386415365, 0.08400177343157142] 
PROD006_I 51 [0.7640594825496161, 0.07703588634993401, 0.07703588634993401, 0.08186874475051588] 
PROD006_J 2 [0.9074407892171215, 0.09255921078287857] 
PROD007_I 59 [0.6232668152967415, 0.18797682389000422, 0.06282627046773928, 0.06310381987777545, 0.06282627046773928] 
PROD007_J 12 [0.10881465390585533, 0.08515905994421863, 0.806026286149926] 
PROD009_DIRECTION J [0.09330970541559791, 0.906690294584402] 
PROD009_I 8 [0.07916456777075297, 0.07114435215561112, 0.07179614986427202, 0.7067505780537526, 0.07114435215561112] 
PROD009_J 38 [0.622209342091109, 0.06251354688305288, 0.06251354688305288, 0.06251354688305288, 0.06251354688305288, 0.06251354688305288, 0.06522292349362675] 
PROD009_K 2 [0.0755823394669562, 0.18902027747895736, 0.7353973830540864] 
PROD010_DIRECTION I [0.90774091001948, 0.09225908998052013] 
PROD010_I 30 [0.05802980078464711, 0.5756759208785409, 0.057812290809685696, 0.057812290809685696, 0.057812290809685696, 0.07723282428838373, 0.057812290809685696, 0.057812290809685696] 
PROD010_J 33 [0.062387384308860275, 0.062387384308860275, 0.062387384308860275, 0.6209431214878578, 0.062387384308860275, 0.06440632585604006, 0.06510101542066106] 
PROD010_K 1 [0.819007711671352, 0.09624570284989088, 0.0847465854787571] 
PROD012_DIRECTION I [0.9074407892171215, 0.09255921078287857] 
PROD012_I 45 [0.056679609015891155, 0.055596473989871845, 0.055596473989871845, 0.055596473989871845, 0.05579865919472879, 0.055596473989871845, 0.055596473989871845, 0.055596473989871845, 0.553942887850149] 
PROD012_J 39 [0.05006774830108083, 0.05086341533769537, 0.049885136194316844, 0.049885136194316844, 0.0525156201131791, 0.049885136194316844, 0.049885136194316844, 0.049885136194316844, 0.049885136194316844, 0.49735726288782667, 0.049885136194316844] 
PROD012_K 2 [0.1178045103196507, 0.8011605589308857, 0.08103493074946373] 
PROD014_DIRECTION I [0.9058322493190217, 0.09416775068097838] 
PROD014_I 46 [0.6183781281167237, 0.0701624517506484, 0.06213181575654138, 0.06213181575654138, 0.06213181575654138, 0.06213181575654138, 0.06293215710646255] 
PROD014_J 37 [0.05239572836407298, 0.05239572836407298, 0.05861064470689922, 0.522223528380517, 0.05239572836407298, 0.05239572836407298, 0.05239572836407298, 0.05239572836407298, 0.05239572836407298, 0.05239572836407298] 
PROD014_K 3 [0.08478357590116546, 0.08402692760490522, 0.8311894964939294] 
PROD021_DIRECTION J [0.09225908998052013, 0.90774091001948] 
PROD021_I 20 [0.04328889638821642, 0.04433062843107096, 0.13415262343281492, 0.04328889638821642, 0.04328889638821642, 0.4314305390221678, 0.04328889638821642, 0.04377503800821521, 0.04328889638821642, 0.04328889638821642, 0.04328889638821642, 0.04328889638821642] 
PROD021_J 38 [0.06286014994862836, 0.6234072241708547, 0.06320102426620339, 0.06263290040357834, 0.06263290040357834, 0.06263290040357834, 0.06263290040357834] 
PROD021_K 2 [0.08387763454391071, 0.819007711671352, 0.09711465378473726] 
PROD023A_DIRECTION J [0.09225908998052013, 0.90774091001948] 
PROD023A_I 56 [0.7114919342831107, 0.07161676723519843, 0.07161676723519843, 0.07365776401129398, 0.07161676723519843] 
PROD023A_J 13 [0.6475097784706231, 0.0680559813366555, 0.08713459828368542, 0.06573719558463186, 0.0651208094986509, 0.06644163682575296] 
PROD023A_K 3 [0.08406464934991464, 0.08436726287401725, 0.8315680877760682] 
PROD024A_I 56 [0.6179387407832144, 0.06208803646806603, 0.07162107687645543, 0.06208803646806603, 0.06208803646806603, 0.06208803646806603, 0.06208803646806603] 
PROD024A_J 33 [0.1846188004126538, 0.06849929039502121, 0.06849929039502121, 0.6783826187973039] 
PROD024A_K 3 [0.08406464934991464, 0.08436726287401725, 0.8315680877760682] 
PROD025A_DIRECTION J [0.09255921078287857, 0.9074407892171215] 
PROD025A_I 59 [0.0672832449142999, 0.06956651123756676, 0.06667630070178594, 0.06667630070178594, 0.06667630070178594, 0.6631213417427756] 
PROD025A_J 22 [0.07164455225618745, 0.7117707964279523, 0.07164455225618745, 0.07164455225618745, 0.07329554680348538] 
PROD025A_K 3 [0.08408979083883267, 0.08408979083883267, 0.8318204183223348] 
PROD026_DIRECTION J [0.09613546185766042, 0.9038645381423396] 
PROD026_I 49 [0.07149534242416808, 0.07149534242416808, 0.07149534242416808, 0.07524070886591405, 0.7102732638615816] 
PROD026_J 8 [0.055384371314614635, 0.05513588513013972, 0.05513588513013972, 0.05513588513013972, 0.17590805923524977, 0.05513588513013972, 0.5481640289295768] 
PROD026_K 3 [0.08092264532155614, 0.11904373948005072, 0.8000336151983932] 
INJ006_I 49 [0.6633649210179462, 0.06670057023925563, 0.06670057023925563, 0.06983279802503128, 0.06670057023925563, 0.06670057023925563] 
INJ006_J 28 [0.0589495690061243, 0.05873504631155279, 0.05873504631155279, 0.05873504631155279, 0.062438116634513485, 0.05873504631155279, 0.05873504631155279, 0.5849370828015983] 
INJ006_K 13 [0.07707584711603634, 0.08138776017973338, 0.7644605455881938, 0.07707584711603634] 
INJ010_DIRECTION J [0.09255921078287857, 0.9074407892171215] 
INJ010_I 70 [0.062100788728291265, 0.062100788728291265, 0.6159855757401586, 0.1977120580749675, 0.062100788728291265] 
INJ010_J 36 [0.08311210394792462, 0.07108274171087028, 0.07147480059391965, 0.7035089846251147, 0.07082136912217071] 
INJ010_K 15 [0.0902399672355003, 0.07631703818442626, 0.7568448203282697, 0.07659817425180372] 
INJ017_DIRECTION I [0.9074407892171215, 0.09255921078287857] 
INJ017_I 38 [0.06689276862531975, 0.06713502072387662, 0.06689276862531975, 0.06689276862531975, 0.06689276862531975, 0.6652939047748444] 
INJ017_J 24 [0.060667254390787816, 0.060667254390787816, 0.060667254390787816, 0.060667254390787816, 0.09298455314831383, 0.603679174897747, 0.060667254390787816] 
INJ017_K 16 [0.06986393802792569, 0.09650838202861856, 0.06986393802792569, 0.06986393802792569, 0.6938998038876043] 
INJ019_DIRECTION J [0.10388153505743539, 0.8961184649425646] 
INJ019_I 30 [0.06806542871284546, 0.06700856061024134, 0.06676600071784039, 0.6640216087923897, 0.06676600071784039, 0.06737240044884275] 
INJ019_J 43 [0.7644605455881939, 0.07707584711603635, 0.08068799067171455, 0.0777756166240552] 
INJ019_K 11 [0.08251657513278135, 0.7635192971936249, 0.07698206383679687, 0.07698206383679687] 
INJ021_DIRECTION J [0.09386739392189149, 0.9061326060781084] 
INJ021_I 23 [0.055534136270916835, 0.05794380579277415, 0.5533172403108082, 0.055534136270916835, 0.055534136270916835, 0.055534136270916835, 0.055534136270916835, 0.055534136270916835, 0.055534136270916835] 
INJ021_J 27 [0.06670057023925563, 0.06670057023925563, 0.6633649210179462, 0.06694328899756297, 0.06959007926672395, 0.06670057023925563] 
INJ021_K 12 [0.08563152008325506, 0.07657500654762286, 0.759433899209681, 0.07835957415944118] 
INJ022_DIRECTION J [0.09330970541559791, 0.906690294584402] 
INJ022_I 73 [0.07092177837494118, 0.07157470194096788, 0.0820650072351301, 0.07092177837494118, 0.7045167340740197] 
INJ022_J 20 [0.6861083178074955, 0.07304427327469717, 0.17157835212342382, 0.06926905679438357] 
INJ022_K 6 [0.7100869367006982, 0.07147677732247988, 0.07212689350638272, 0.07483261514795934, 0.07147677732247988] 
INJ023_DIRECTION J [0.13100659374748466, 0.8689934062525154] 
INJ023_I 44 [0.06806542871284546, 0.06676600071784039, 0.06676600071784039, 0.06761496034124369, 0.6640216087923897, 0.06676600071784039] 
INJ023_J 17 [0.06678215270248017, 0.06868767229340296, 0.06678215270248017, 0.06678215270248017, 0.6641837168966763, 0.06678215270248017] 
INJ023_K 15 [0.09225908998052013, 0.90774091001948] 
NA1A_CONSIDER 1 [0.19949865825084645, 0.8005013417491537] 

Elite 3 OF_MAX_VPL 2853612864.96
NA2_CONSIDER 0 [0.9038645381423396, 0.09613546185766042] 
NA3D_CONSIDER 0 [0.8656559414309343, 0.13434405856906564] 
PltPRDSTL_PltPRDSTO 19375 [0.05158971874884472, 0.05158971874884472, 0.07160894953800846, 0.05158971874884472, 0.05158971874884472, 0.5141340772278918, 0.05158971874884472, 0.05312894199218676, 0.05158971874884472, 0.05158971874884472] 
PltPRDSTW 9765 [0.06676600071784039, 0.06737240044884275, 0.06676600071784039, 0.6640216087923897, 0.0683079886052464, 0.06676600071784039] 
PltINJSTW 26040 [0.04738112151126933, 0.04738112151126933, 0.04738112151126933, 0.04738112151126933, 0.05351237042011487, 0.04755570622596189, 0.4725018297524992, 0.04738112151126933, 0.04738112151126933, 0.04738112151126933, 0.04738112151126933, 0.04738112151126933] 
PROD005_DIRECTION I [0.8788358696747967, 0.12116413032520344] 
PROD005_I 27 [0.07830979653141695, 0.7670270675275933, 0.07733156797049492, 0.07733156797049492] 
PROD005_J 19 [0.05895244962151796, 0.05895244962151796, 0.05916626850598675, 0.5871190337649056, 0.05895244962151796, 0.05895244962151796, 0.05895244962151796, 0.05895244962151796] 
PROD005_K 2 [0.08506118792689213, 0.8309370386415365, 0.08400177343157142] 
PROD006_I 51 [0.7640594825496161, 0.07703588634993401, 0.07703588634993401, 0.08186874475051588] 
PROD006_J 2 [0.9074407892171215, 0.09255921078287857] 
PROD007_I 59 [0.6232668152967415, 0.18797682389000422, 0.06282627046773928, 0.06310381987777545, 0.06282627046773928] 
PROD007_J 12 [0.10881465390585533, 0.08515905994421863, 0.806026286149926] 
PROD009_DIRECTION J [0.09330970541559791, 0.906690294584402] 
PROD009_I 8 [0.07916456777075297, 0.07114435215561112, 0.07179614986427202, 0.7067505780537526, 0.07114435215561112] 
PROD009_J 38 [0.622209342091109, 0.06251354688305288, 0.06251354688305288, 0.06251354688305288, 0.06251354688305288, 0.06251354688305288, 0.06522292349362675] 
PROD009_K 3 [0.0755823394669562, 0.18902027747895736, 0.7353973830540864] 
PROD010_DIRECTION I [0.90774091001948, 0.09225908998052013] 
PROD010_I 30 [0.05802980078464711, 0.5756759208785409, 0.057812290809685696, 0.057812290809685696, 0.057812290809685696, 0.07723282428838373, 0.057812290809685696, 0.057812290809685696] 
PROD010_J 33 [0.062387384308860275, 0.062387384308860275, 0.062387384308860275, 0.6209431214878578, 0.062387384308860275, 0.06440632585604006, 0.06510101542066106] 
PROD010_K 1 [0.819007711671352, 0.09624570284989088, 0.0847465854787571] 
PROD012_DIRECTION I [0.9074407892171215, 0.09255921078287857] 
PROD012_I 45 [0.056679609015891155, 0.055596473989871845, 0.055596473989871845, 0.055596473989871845, 0.05579865919472879, 0.055596473989871845, 0.055596473989871845, 0.055596473989871845, 0.553942887850149] 
PROD012_J 39 [0.05006774830108083, 0.05086341533769537, 0.049885136194316844, 0.049885136194316844, 0.0525156201131791, 0.049885136194316844, 0.049885136194316844, 0.049885136194316844, 0.049885136194316844, 0.49735726288782667, 0.049885136194316844] 
PROD012_K 2 [0.1178045103196507, 0.8011605589308857, 0.08103493074946373] 
PROD014_DIRECTION I [0.9058322493190217, 0.09416775068097838] 
PROD014_I 46 [0.6183781281167237, 0.0701624517506484, 0.06213181575654138, 0.06213181575654138, 0.06213181575654138, 0.06213181575654138, 0.06293215710646255] 
PROD014_J 37 [0.05239572836407298, 0.05239572836407298, 0.05861064470689922, 0.522223528380517, 0.05239572836407298, 0.05239572836407298, 0.05239572836407298, 0.05239572836407298, 0.05239572836407298, 0.05239572836407298] 
PROD014_K 3 [0.08478357590116546, 0.08402692760490522, 0.8311894964939294] 
PROD021_DIRECTION J [0.09225908998052013, 0.90774091001948] 
PROD021_I 20 [0.04328889638821642, 0.04433062843107096, 0.13415262343281492, 0.04328889638821642, 0.04328889638821642, 0.4314305390221678, 0.04328889638821642, 0.04377503800821521, 0.04328889638821642, 0.04328889638821642, 0.04328889638821642, 0.04328889638821642] 
PROD021_J 38 [0.06286014994862836, 0.6234072241708547, 0.06320102426620339, 0.06263290040357834, 0.06263290040357834, 0.06263290040357834, 0.06263290040357834] 
PROD021_K 2 [0.08387763454391071, 0.819007711671352, 0.09711465378473726] 
PROD023A_DIRECTION J [0.09225908998052013, 0.90774091001948] 
PROD023A_I 56 [0.7114919342831107, 0.07161676723519843, 0.07161676723519843, 0.07365776401129398, 0.07161676723519843] 
PROD023A_J 13 [0.6475097784706231, 0.0680559813366555, 0.08713459828368542, 0.06573719558463186, 0.0651208094986509, 0.06644163682575296] 
PROD023A_K 3 [0.08406464934991464, 0.08436726287401725, 0.8315680877760682] 
PROD024A_I 56 [0.6179387407832144, 0.06208803646806603, 0.07162107687645543, 0.06208803646806603, 0.06208803646806603, 0.06208803646806603, 0.06208803646806603] 
PROD024A_J 36 [0.1846188004126538, 0.06849929039502121, 0.06849929039502121, 0.6783826187973039] 
PROD024A_K 3 [0.08406464934991464, 0.08436726287401725, 0.8315680877760682] 
PROD025A_DIRECTION J [0.09255921078287857, 0.9074407892171215] 
PROD025A_I 59 [0.0672832449142999, 0.06956651123756676, 0.06667630070178594, 0.06667630070178594, 0.06667630070178594, 0.6631213417427756] 
PROD025A_J 22 [0.07164455225618745, 0.7117707964279523, 0.07164455225618745, 0.07164455225618745, 0.07329554680348538] 
PROD025A_K 3 [0.08408979083883267, 0.08408979083883267, 0.8318204183223348] 
PROD026_DIRECTION J [0.09613546185766042, 0.9038645381423396] 
PROD026_I 49 [0.07149534242416808, 0.07149534242416808, 0.07149534242416808, 0.07524070886591405, 0.7102732638615816] 
PROD026_J 10 [0.055384371314614635, 0.05513588513013972, 0.05513588513013972, 0.05513588513013972, 0.17590805923524977, 0.05513588513013972, 0.5481640289295768] 
PROD026_K 3 [0.08092264532155614, 0.11904373948005072, 0.8000336151983932] 
INJ006_I 49 [0.6633649210179462, 0.06670057023925563, 0.06670057023925563, 0.06983279802503128, 0.06670057023925563, 0.06670057023925563] 
INJ006_J 28 [0.0589495690061243, 0.05873504631155279, 0.05873504631155279, 0.05873504631155279, 0.062438116634513485, 0.05873504631155279, 0.05873504631155279, 0.5849370828015983] 
INJ006_K 13 [0.07707584711603634, 0.08138776017973338, 0.7644605455881938, 0.07707584711603634] 
INJ010_DIRECTION J [0.09255921078287857, 0.9074407892171215] 
INJ010_I 70 [0.062100788728291265, 0.062100788728291265, 0.6159855757401586, 0.1977120580749675, 0.062100788728291265] 
INJ010_J 36 [0.08311210394792462, 0.07108274171087028, 0.07147480059391965, 0.7035089846251147, 0.07082136912217071] 
INJ010_K 15 [0.0902399672355003, 0.07631703818442626, 0.7568448203282697, 0.07659817425180372] 
INJ017_DIRECTION I [0.9074407892171215, 0.09255921078287857] 
INJ017_I 38 [0.06689276862531975, 0.06713502072387662, 0.06689276862531975, 0.06689276862531975, 0.06689276862531975, 0.6652939047748444] 
INJ017_J 24 [0.060667254390787816, 0.060667254390787816, 0.060667254390787816, 0.060667254390787816, 0.09298455314831383, 0.603679174897747, 0.060667254390787816] 
INJ017_K 16 [0.06986393802792569, 0.09650838202861856, 0.06986393802792569, 0.06986393802792569, 0.6938998038876043] 
INJ019_DIRECTION J [0.10388153505743539, 0.8961184649425646] 
INJ019_I 30 [0.06806542871284546, 0.06700856061024134, 0.06676600071784039, 0.6640216087923897, 0.06676600071784039, 0.06737240044884275] 
INJ019_J 43 [0.7644605455881939, 0.07707584711603635, 0.08068799067171455, 0.0777756166240552] 
INJ019_K 11 [0.08251657513278135, 0.7635192971936249, 0.07698206383679687, 0.07698206383679687] 
INJ021_DIRECTION J [0.09386739392189149, 0.9061326060781084] 
INJ021_I 23 [0.055534136270916835, 0.05794380579277415, 0.5533172403108082, 0.055534136270916835, 0.055534136270916835, 0.055534136270916835, 0.055534136270916835, 0.055534136270916835, 0.055534136270916835] 
INJ021_J 27 [0.06670057023925563, 0.06670057023925563, 0.6633649210179462, 0.06694328899756297, 0.06959007926672395, 0.06670057023925563] 
INJ021_K 12 [0.08563152008325506, 0.07657500654762286, 0.759433899209681, 0.07835957415944118] 
INJ022_DIRECTION J [0.09330970541559791, 0.906690294584402] 
INJ022_I 73 [0.07092177837494118, 0.07157470194096788, 0.0820650072351301, 0.07092177837494118, 0.7045167340740197] 
INJ022_J 20 [0.6861083178074955, 0.07304427327469717, 0.17157835212342382, 0.06926905679438357] 
INJ022_K 6 [0.7100869367006982, 0.07147677732247988, 0.07212689350638272, 0.07483261514795934, 0.07147677732247988] 
INJ023_DIRECTION J [0.13100659374748466, 0.8689934062525154] 
INJ023_I 43 [0.06806542871284546, 0.06676600071784039, 0.06676600071784039, 0.06761496034124369, 0.6640216087923897, 0.06676600071784039] 
INJ023_J 17 [0.06678215270248017, 0.06868767229340296, 0.06678215270248017, 0.06678215270248017, 0.6641837168966763, 0.06678215270248017] 
INJ023_K 7 [0.09225908998052013, 0.90774091001948] 
NA1A_CONSIDER 1 [0.19949865825084645, 0.8005013417491537] 

Elite 4 OF_MAX_VPL 2850633323.43
NA2_CONSIDER 0 [0.9038645381423396, 0.09613546185766042] 
NA3D_CONSIDER 0 [0.19949865825084645, 0.8005013417491537] 
PltPRDSTL_PltPRDSTO 19375 [0.05158971874884472, 0.05158971874884472, 0.07160894953800846, 0.05158971874884472, 0.05158971874884472, 0.5141340772278918, 0.05158971874884472, 0.05312894199218676, 0.05158971874884472, 0.05158971874884472] 
PltPRDSTW 9765 [0.06676600071784039, 0.06737240044884275, 0.06676600071784039, 0.6640216087923897, 0.0683079886052464, 0.06676600071784039] 
PltINJSTW 26040 [0.04738112151126933, 0.04738112151126933, 0.04738112151126933, 0.04738112151126933, 0.05351237042011487, 0.04755570622596189, 0.4725018297524992, 0.04738112151126933, 0.04738112151126933, 0.04738112151126933, 0.04738112151126933, 0.04738112151126933] 
PROD005_DIRECTION I [0.8788358696747967, 0.12116413032520344] 
PROD005_I 27 [0.07830979653141695, 0.7670270675275933, 0.07733156797049492, 0.07733156797049492] 
PROD005_J 19 [0.05895244962151796, 0.05895244962151796, 0.05916626850598675, 0.5871190337649056, 0.05895244962151796, 0.05895244962151796, 0.05895244962151796, 0.05895244962151796] 
PROD005_K 2 [0.08506118792689213, 0.8309370386415365, 0.08400177343157142] 
PROD006_I 51 [0.7640594825496161, 0.07703588634993401, 0.07703588634993401, 0.08186874475051588] 
PROD006_J 2 [0.9074407892171215, 0.09255921078287857] 
PROD007_I 60 [0.08025100115946121, 0.706215158374215, 0.07109100448075065, 0.07135183150482241, 0.07109100448075065] 
PROD007_J 12 [0.10881465390585533, 0.08515905994421863, 0.806026286149926] 
PROD009_DIRECTION J [0.09330970541559791, 0.906690294584402] 
PROD009_I 8 [0.07916456777075297, 0.07114435215561112, 0.07179614986427202, 0.7067505780537526, 0.07114435215561112] 
PROD009_J 38 [0.622209342091109, 0.06251354688305288, 0.06251354688305288, 0.06251354688305288, 0.06251354688305288, 0.06251354688305288, 0.06522292349362675] 
PROD009_K 2 [0.08204281126457519, 0.8005140745051411, 0.11744311423028365] 
PROD010_DIRECTION I [0.90774091001948, 0.09225908998052013] 
PROD010_I 30 [0.05379714309836337, 0.14531620834670772, 0.05356588603472445, 0.05356588603472445, 0.05356588603472445, 0.5330572183813066, 0.05356588603472445, 0.05356588603472445] 
PROD010_J 33 [0.062387384308860275, 0.062387384308860275, 0.062387384308860275, 0.6209431214878578, 0.062387384308860275, 0.06440632585604006, 0.06510101542066106] 
PROD010_K 1 [0.819007711671352, 0.09624570284989088, 0.0847465854787571] 
PROD012_DIRECTION I [0.9074407892171215, 0.09255921078287857] 
PROD012_I 45 [0.056679609015891155, 0.055596473989871845, 0.055596473989871845, 0.055596473989871845, 0.05579865919472879, 0.055596473989871845, 0.055596473989871845, 0.055596473989871845, 0.553942887850149] 
PROD012_J 39 [0.05006774830108083, 0.05086341533769537, 0.049885136194316844, 0.049885136194316844, 0.0525156201131791, 0.049885136194316844, 0.049885136194316844, 0.049885136194316844, 0.049885136194316844, 0.49735726288782667, 0.049885136194316844] 
PROD012_K 1 [0.1178045103196507, 0.8011605589308857, 0.08103493074946373] 
PROD014_DIRECTION I [0.9058322493190217, 0.09416775068097838] 
PROD014_I 46 [0.6183781281167237, 0.0701624517506484, 0.06213181575654138, 0.06213181575654138, 0.06213181575654138, 0.06213181575654138, 0.06293215710646255] 
PROD014_J 37 [0.05239572836407298, 0.05239572836407298, 0.05861064470689922, 0.522223528380517, 0.05239572836407298, 0.05239572836407298, 0.05239572836407298, 0.05239572836407298, 0.05239572836407298, 0.05239572836407298] 
PROD014_K 3 [0.08478357590116546, 0.08402692760490522, 0.8311894964939294] 
PROD021_DIRECTION J [0.09225908998052013, 0.90774091001948] 
PROD021_I 16 [0.04751749424015966, 0.04844922184257838, 0.4738705237582105, 0.04751749424015966, 0.04751749424015966, 0.04958800002331237, 0.04751749424015966, 0.04795230045462174, 0.04751749424015966, 0.04751749424015966, 0.04751749424015966, 0.04751749424015966] 
PROD021_J 38 [0.06286014994862836, 0.6234072241708547, 0.06320102426620339, 0.06263290040357834, 0.06263290040357834, 0.06263290040357834, 0.06263290040357834] 
PROD021_K 2 [0.08387763454391071, 0.819007711671352, 0.09711465378473726] 
PROD023A_DIRECTION J [0.09225908998052013, 0.90774091001948] 
PROD023A_I 56 [0.7114919342831107, 0.07161676723519843, 0.07161676723519843, 0.07365776401129398, 0.07161676723519843] 
PROD023A_J 13 [0.15789838886461813, 0.0631434692479162, 0.5967381960926099, 0.06070916799166609, 0.060062075252662904, 0.06144870255052688] 
PROD023A_K 3 [0.08406464934991464, 0.08436726287401725, 0.8315680877760682] 
PROD024A_I 56 [0.6179387407832144, 0.06208803646806603, 0.07162107687645543, 0.06208803646806603, 0.06208803646806603, 0.06208803646806603, 0.06208803646806603] 
PROD024A_J 36 [0.1846188004126538, 0.06849929039502121, 0.06849929039502121, 0.6783826187973039] 
PROD024A_K 3 [0.08406464934991464, 0.08436726287401725, 0.8315680877760682] 
PROD025A_DIRECTION J [0.09255921078287857, 0.9074407892171215] 
PROD025A_I 59 [0.0672832449142999, 0.06956651123756676, 0.06667630070178594, 0.06667630070178594, 0.06667630070178594, 0.6631213417427756] 
PROD025A_J 22 [0.07164455225618745, 0.7117707964279523, 0.07164455225618745, 0.07164455225618745, 0.07329554680348538] 
PROD025A_K 3 [0.08408979083883267, 0.08408979083883267, 0.8318204183223348] 
PROD026_DIRECTION J [0.09613546185766042, 0.9038645381423396] 
PROD026_I 49 [0.07149534242416808, 0.07149534242416808, 0.07149534242416808, 0.07524070886591405, 0.7102732638615816] 
PROD026_J 8 [0.06289548293636979, 0.06266833376265997, 0.06266833376265997, 0.06266833376265997, 0.6237628482503303, 0.06266833376265997, 0.06266833376265997] 
PROD026_K 3 [0.08092264532155614, 0.11904373948005072, 0.8000336151983932] 
INJ006_I 53 [0.18303592748017097, 0.058393920300146014, 0.058393920300146014, 0.061786419524697746, 0.5799958920946933, 0.058393920300146014] 
INJ006_J 28 [0.0589495690061243, 0.05873504631155279, 0.05873504631155279, 0.05873504631155279, 0.062438116634513485, 0.05873504631155279, 0.05873504631155279, 0.5849370828015983] 
INJ006_K 13 [0.07707584711603634, 0.08138776017973338, 0.7644605455881938, 0.07707584711603634] 
INJ010_DIRECTION J [0.09255921078287857, 0.9074407892171215] 
INJ010_I 71 [0.07174368637344118, 0.07174368637344118, 0.07200319279862805, 0.7127657480810483, 0.07174368637344118] 
INJ010_J 30 [0.6257893771197962, 0.06335465212438304, 0.06377021341674202, 0.18400814607626828, 0.06307761126281039] 
INJ010_K 15 [0.0902399672355003, 0.07631703818442626, 0.7568448203282697, 0.07659817425180372] 
INJ017_DIRECTION I [0.9074407892171215, 0.09255921078287857] 
INJ017_I 38 [0.06689276862531975, 0.06713502072387662, 0.06689276862531975, 0.06689276862531975, 0.06689276862531975, 0.6652939047748444] 
INJ017_J 22 [0.05742772612580622, 0.05742772612580622, 0.05742772612580622, 0.05742772612580622, 0.5711659081053951, 0.14169546126557378, 0.05742772612580622] 
INJ017_K 16 [0.06986393802792569, 0.09650838202861856, 0.06986393802792569, 0.06986393802792569, 0.6938998038876043] 
INJ019_DIRECTION J [0.10388153505743539, 0.8961184649425646] 
INJ019_I 30 [0.06806542871284546, 0.06700856061024134, 0.06676600071784039, 0.6640216087923897, 0.06676600071784039, 0.06737240044884275] 
INJ019_J 43 [0.7644605455881939, 0.07707584711603635, 0.08068799067171455, 0.0777756166240552] 
INJ019_K 11 [0.08251657513278135, 0.7635192971936249, 0.07698206383679687, 0.07698206383679687] 
INJ021_DIRECTION J [0.09386739392189149, 0.9061326060781084] 
INJ021_I 23 [0.055534136270916835, 0.05794380579277415, 0.5533172403108082, 0.055534136270916835, 0.055534136270916835, 0.055534136270916835, 0.055534136270916835, 0.055534136270916835, 0.055534136270916835] 
INJ021_J 27 [0.06670057023925563, 0.06670057023925563, 0.6633649210179462, 0.06694328899756297, 0.06959007926672395, 0.06670057023925563] 
INJ021_K 12 [0.08563152008325506, 0.07657500654762286, 0.759433899209681, 0.07835957415944118] 
INJ022_DIRECTION J [0.09330970541559791, 0.906690294584402] 
INJ022_I 73 [0.07092177837494118, 0.07157470194096788, 0.0820650072351301, 0.07092177837494118, 0.7045167340740197] 
INJ022_J 24 [0.1097710866504223, 0.07808077106810357, 0.7377351378257168, 0.07441300445575748] 
INJ022_K 6 [0.7100869367006982, 0.07147677732247988, 0.07212689350638272, 0.07483261514795934, 0.07147677732247988] 
INJ023_DIRECTION J [0.13100659374748466, 0.8689934062525154] 
INJ023_I 44 [0.06806542871284546, 0.06676600071784039, 0.06676600071784039, 0.06761496034124369, 0.6640216087923897, 0.06676600071784039] 
INJ023_J 17 [0.06678215270248017, 0.06868767229340296, 0.06678215270248017, 0.06678215270248017, 0.6641837168966763, 0.06678215270248017] 
INJ023_K 15 [0.09225908998052013, 0.90774091001948] 
NA1A_CONSIDER 1 [0.8656559414309343, 0.13434405856906564] 

Elite 5 OF_MAX_VPL 2848396971.11
NA2_CONSIDER 0 [0.9038645381423396, 0.09613546185766042] 
NA3D_CONSIDER 0 [0.8656559414309343, 0.13434405856906564] 
PltPRDSTL_PltPRDSTO 19375 [0.05158971874884472, 0.05158971874884472, 0.07160894953800846, 0.05158971874884472, 0.05158971874884472, 0.5141340772278918, 0.05158971874884472, 0.05312894199218676, 0.05158971874884472, 0.05158971874884472] 
PltPRDSTW 9765 [0.06676600071784039, 0.06737240044884275, 0.06676600071784039, 0.6640216087923897, 0.0683079886052464, 0.06676600071784039] 
PltINJSTW 26040 [0.04738112151126933, 0.04738112151126933, 0.04738112151126933, 0.04738112151126933, 0.05351237042011487, 0.04755570622596189, 0.4725018297524992, 0.04738112151126933, 0.04738112151126933, 0.04738112151126933, 0.04738112151126933, 0.04738112151126933] 
PROD005_DIRECTION I [0.8788358696747967, 0.12116413032520344] 
PROD005_I 27 [0.07830979653141695, 0.7670270675275933, 0.07733156797049492, 0.07733156797049492] 
PROD005_J 19 [0.05895244962151796, 0.05895244962151796, 0.05916626850598675, 0.5871190337649056, 0.05895244962151796, 0.05895244962151796, 0.05895244962151796, 0.05895244962151796] 
PROD005_K 2 [0.08506118792689213, 0.8309370386415365, 0.08400177343157142] 
PROD006_I 51 [0.7640594825496161, 0.07703588634993401, 0.07703588634993401, 0.08186874475051588] 
PROD006_J 2 [0.9074407892171215, 0.09255921078287857] 
PROD007_I 60 [0.08025100115946121, 0.706215158374215, 0.07109100448075065, 0.07135183150482241, 0.07109100448075065] 
PROD007_J 12 [0.10881465390585533, 0.08515905994421863, 0.806026286149926] 
PROD009_DIRECTION J [0.09330970541559791, 0.906690294584402] 
PROD009_I 8 [0.07916456777075297, 0.07114435215561112, 0.07179614986427202, 0.7067505780537526, 0.07114435215561112] 
PROD009_J 38 [0.622209342091109, 0.06251354688305288, 0.06251354688305288, 0.06251354688305288, 0.06251354688305288, 0.06251354688305288, 0.06522292349362675] 
PROD009_K 1 [0.7035680935281969, 0.187252188455569, 0.10917971801623415] 
PROD010_DIRECTION I [0.90774091001948, 0.09225908998052013] 
PROD010_I 30 [0.05802980078464711, 0.5756759208785409, 0.057812290809685696, 0.057812290809685696, 0.057812290809685696, 0.07723282428838373, 0.057812290809685696, 0.057812290809685696] 
PROD010_J 33 [0.062387384308860275, 0.062387384308860275, 0.062387384308860275, 0.6209431214878578, 0.062387384308860275, 0.06440632585604006, 0.06510101542066106] 
PROD010_K 2 [0.21069153142071576, 0.7148588858733375, 0.07444958270594686] 
PROD012_DIRECTION I [0.9074407892171215, 0.09255921078287857] 
PROD012_I 45 [0.056679609015891155, 0.055596473989871845, 0.055596473989871845, 0.055596473989871845, 0.05579865919472879, 0.055596473989871845, 0.055596473989871845, 0.055596473989871845, 0.553942887850149] 
PROD012_J 39 [0.05006774830108083, 0.05086341533769537, 0.049885136194316844, 0.049885136194316844, 0.0525156201131791, 0.049885136194316844, 0.049885136194316844, 0.049885136194316844, 0.049885136194316844, 0.49735726288782667, 0.049885136194316844] 
PROD012_K 2 [0.1178045103196507, 0.8011605589308857, 0.08103493074946373] 
PROD014_DIRECTION I [0.9058322493190217, 0.09416775068097838] 
PROD014_I 46 [0.6183781281167237, 0.0701624517506484, 0.06213181575654138, 0.06213181575654138, 0.06213181575654138, 0.06213181575654138, 0.06293215710646255] 
PROD014_J 37 [0.05239572836407298, 0.05239572836407298, 0.05861064470689922, 0.522223528380517, 0.05239572836407298, 0.05239572836407298, 0.05239572836407298, 0.05239572836407298, 0.05239572836407298, 0.05239572836407298] 
PROD014_K 3 [0.08478357590116546, 0.08402692760490522, 0.8311894964939294] 
PROD021_DIRECTION J [0.09225908998052013, 0.90774091001948] 
PROD021_I 16 [0.04751749424015966, 0.04844922184257838, 0.4738705237582105, 0.04751749424015966, 0.04751749424015966, 0.04958800002331237, 0.04751749424015966, 0.04795230045462174, 0.04751749424015966, 0.04751749424015966, 0.04751749424015966, 0.04751749424015966] 
PROD021_J 38 [0.06286014994862836, 0.6234072241708547, 0.06320102426620339, 0.06263290040357834, 0.06263290040357834, 0.06263290040357834, 0.06263290040357834] 
PROD021_K 2 [0.08387763454391071, 0.819007711671352, 0.09711465378473726] 
PROD023A_DIRECTION J [0.09225908998052013, 0.90774091001948] 
PROD023A_I 56 [0.7114919342831107, 0.07161676723519843, 0.07161676723519843, 0.07365776401129398, 0.07161676723519843] 
PROD023A_J 13 [0.6475097784706231, 0.0680559813366555, 0.08713459828368542, 0.06573719558463186, 0.0651208094986509, 0.06644163682575296] 
PROD023A_K 3 [0.08406464934991464, 0.08436726287401725, 0.8315680877760682] 
PROD024A_I 56 [0.6179387407832144, 0.06208803646806603, 0.07162107687645543, 0.06208803646806603, 0.06208803646806603, 0.06208803646806603, 0.06208803646806603] 
PROD024A_J 33 [0.74781115011371, 0.07541694930121774, 0.07541694930121774, 0.10135495128385447] 
PROD024A_K 3 [0.08406464934991464, 0.08436726287401725, 0.8315680877760682] 
PROD025A_DIRECTION J [0.09255921078287857, 0.9074407892171215] 
PROD025A_I 55 [0.0672832449142999, 0.06956651123756676, 0.06667630070178594, 0.06667630070178594, 0.06667630070178594, 0.6631213417427756] 
PROD025A_J 22 [0.07164455225618745, 0.7117707964279523, 0.07164455225618745, 0.07164455225618745, 0.07329554680348538] 
PROD025A_K 3 [0.08408979083883267, 0.08408979083883267, 0.8318204183223348] 
PROD026_DIRECTION J [0.09613546185766042, 0.9038645381423396] 
PROD026_I 48 [0.06238673079760917, 0.06238673079760917, 0.06238673079760917, 0.6188554104896766, 0.193984397117496] 
PROD026_J 8 [0.06289548293636979, 0.06266833376265997, 0.06266833376265997, 0.06266833376265997, 0.6237628482503303, 0.06266833376265997, 0.06266833376265997] 
PROD026_K 3 [0.08092264532155614, 0.11904373948005072, 0.8000336151983932] 
INJ006_I 49 [0.6633649210179462, 0.06670057023925563, 0.06670057023925563, 0.06983279802503128, 0.06670057023925563, 0.06670057023925563] 
INJ006_J 28 [0.0589495690061243, 0.05873504631155279, 0.05873504631155279, 0.05873504631155279, 0.062438116634513485, 0.05873504631155279, 0.05873504631155279, 0.5849370828015983] 
INJ006_K 13 [0.07707584711603634, 0.08138776017973338, 0.7644605455881938, 0.07707584711603634] 
INJ010_DIRECTION J [0.09255921078287857, 0.9074407892171215] 
INJ010_I 71 [0.07174368637344118, 0.07174368637344118, 0.07200319279862805, 0.7127657480810483, 0.07174368637344118] 
INJ010_J 36 [0.08311210394792462, 0.07108274171087028, 0.07147480059391965, 0.7035089846251147, 0.07082136912217071] 
INJ010_K 15 [0.0902399672355003, 0.07631703818442626, 0.7568448203282697, 0.07659817425180372] 
INJ017_DIRECTION I [0.9074407892171215, 0.09255921078287857] 
INJ017_I 38 [0.06689276862531975, 0.06713502072387662, 0.06689276862531975, 0.06689276862531975, 0.06689276862531975, 0.6652939047748444] 
INJ017_J 24 [0.05742772612580622, 0.05742772612580622, 0.05742772612580622, 0.05742772612580622, 0.5711659081053951, 0.14169546126557378, 0.05742772612580622] 
INJ017_K 16 [0.06986393802792569, 0.09650838202861856, 0.06986393802792569, 0.06986393802792569, 0.6938998038876043] 
INJ019_DIRECTION J [0.10388153505743539, 0.8961184649425646] 
INJ019_I 30 [0.06806542871284546, 0.06700856061024134, 0.06676600071784039, 0.6640216087923897, 0.06676600071784039, 0.06737240044884275] 
INJ019_J 43 [0.7644605455881939, 0.07707584711603635, 0.08068799067171455, 0.0777756166240552] 
INJ019_K 11 [0.08251657513278135, 0.7635192971936249, 0.07698206383679687, 0.07698206383679687] 
INJ021_DIRECTION J [0.09386739392189149, 0.9061326060781084] 
INJ021_I 23 [0.055534136270916835, 0.05794380579277415, 0.5533172403108082, 0.055534136270916835, 0.055534136270916835, 0.055534136270916835, 0.055534136270916835, 0.055534136270916835, 0.055534136270916835] 
INJ021_J 27 [0.06670057023925563, 0.06670057023925563, 0.6633649210179462, 0.06694328899756297, 0.06959007926672395, 0.06670057023925563] 
INJ021_K 12 [0.08563152008325506, 0.07657500654762286, 0.759433899209681, 0.07835957415944118] 
INJ022_DIRECTION J [0.09330970541559791, 0.906690294584402] 
INJ022_I 73 [0.07092177837494118, 0.07157470194096788, 0.0820650072351301, 0.07092177837494118, 0.7045167340740197] 
INJ022_J 24 [0.1097710866504223, 0.07808077106810357, 0.7377351378257168, 0.07441300445575748] 
INJ022_K 6 [0.7100869367006982, 0.07147677732247988, 0.07212689350638272, 0.07483261514795934, 0.07147677732247988] 
INJ023_DIRECTION J [0.13100659374748466, 0.8689934062525154] 
INJ023_I 44 [0.06806542871284546, 0.06676600071784039, 0.06676600071784039, 0.06761496034124369, 0.6640216087923897, 0.06676600071784039] 
INJ023_J 17 [0.06678215270248017, 0.06868767229340296, 0.06678215270248017, 0.06678215270248017, 0.6641837168966763, 0.06678215270248017] 
INJ023_K 15 [0.09225908998052013, 0.90774091001948] 
NA1A_CONSIDER 1 [0.19949865825084645, 0.8005013417491537] 

