Elite 1 OF_MAX_VPL 2814727262.8
NA2_CONSIDER 0 [0.99617824, 0.0038217599999999983] 
NA3D_CONSIDER 0 [0.98018144, 0.019818559999999992] 
PltPRDSTL_PltPRDSTO 23250 [0.997636288, 3.628799999999999e-05, 0.0017566079999999993, 3.628799999999999e-05, 3.628799999999999e-05, 3.628799999999999e-05, 0.00035308799999999994, 3.628799999999999e-05, 3.628799999999999e-05, 3.628799999999999e-05] 
PltPRDSTW 11857.5 [0.99766048, 6.047999999999998e-05, 0.0003772799999999999, 6.047999999999998e-05, 0.00010079999999999996, 0.0017404799999999998] 
PltINJSTW 30380 [3.023999999999999e-05, 3.023999999999999e-05, 0.99763024, 0.0020270399999999995, 7.055999999999997e-05, 3.023999999999999e-05, 3.023999999999999e-05, 3.023999999999999e-05, 3.023999999999999e-05, 3.023999999999999e-05, 3.023999999999999e-05, 3.023999999999999e-05] 
PROD005_DIRECTION I [0.99782176, 0.0021782399999999997] 
PROD005_I 29 [9.071999999999999e-05, 0.00040751999999999987, 9.071999999999999e-05, 0.99941104] 
PROD005_J 20 [8.567999999999999e-05, 0.0003621599999999999, 4.535999999999999e-05, 4.535999999999999e-05, 0.99932536, 4.535999999999999e-05, 4.535999999999999e-05, 4.535999999999999e-05] 
PROD005_K 1 [0.99975808, 0.00012095999999999997, 0.00012095999999999997] 
PROD006_I 54 [9.071999999999999e-05, 9.071999999999999e-05, 9.071999999999999e-05, 0.99972784] 
PROD006_J 3 [0.00018143999999999997, 0.99981856] 
PROD007_I 62 [7.257599999999998e-05, 0.00011289599999999998, 7.257599999999998e-05, 0.9996693759999999, 7.257599999999998e-05] 
PROD007_J 12 [0.00012095999999999997, 0.00012095999999999997, 0.99975808] 
PROD009_DIRECTION I [0.99946144, 0.0005385599999999999] 
PROD009_I 7 [7.257599999999998e-05, 7.257599999999998e-05, 0.916069376, 0.00011289599999999998, 0.08367257599999998] 
PROD009_J 41 [5.183999999999999e-05, 5.183999999999999e-05, 5.183999999999999e-05, 0.99964864, 5.183999999999999e-05, 9.215999999999996e-05, 5.183999999999999e-05] 
PROD009_K 1 [0.99975808, 0.00012095999999999997, 0.00012095999999999997] 
PROD010_DIRECTION J [0.00022175999999999996, 0.99977824] 
PROD010_I 31 [4.535999999999999e-05, 0.0003621599999999999, 0.99936568, 4.535999999999999e-05, 4.535999999999999e-05, 4.535999999999999e-05, 4.535999999999999e-05, 4.535999999999999e-05] 
PROD010_J 34 [0.00036863999999999983, 0.0036518399999999986, 5.183999999999999e-05, 5.183999999999999e-05, 0.99577216, 5.183999999999999e-05, 5.183999999999999e-05] 
PROD010_K 1 [0.99971776, 0.00016127999999999995, 0.00012095999999999997] 
PROD012_DIRECTION J [0.00022175999999999996, 0.99977824] 
PROD012_I 40 [8.063999999999997e-05, 4.031999999999999e-05, 0.0015571199999999997, 0.99812032, 4.031999999999999e-05, 4.031999999999999e-05, 4.031999999999999e-05, 4.031999999999999e-05, 4.031999999999999e-05] 
PROD012_J 39 [3.29890909090909e-05, 3.29890909090909e-05, 3.29890909090909e-05, 3.29890909090909e-05, 0.0005129890909090907, 3.29890909090909e-05, 3.29890909090909e-05, 3.29890909090909e-05, 3.29890909090909e-05, 0.9991901090909091, 3.29890909090909e-05] 
PROD012_K 1 [0.99971776, 0.00012095999999999997, 0.00016127999999999995] 
PROD014_DIRECTION J [0.00022175999999999996, 0.99977824] 
PROD014_I 46 [0.98485184, 5.183999999999999e-05, 0.014368639999999993, 0.0005318399999999999, 9.215999999999996e-05, 5.183999999999999e-05, 5.183999999999999e-05] 
PROD014_J 41 [3.628799999999999e-05, 3.628799999999999e-05, 0.00039340799999999993, 3.628799999999999e-05, 3.628799999999999e-05, 3.628799999999999e-05, 3.628799999999999e-05, 0.9993162879999999, 3.628799999999999e-05, 3.628799999999999e-05] 
PROD014_K 3 [0.00016127999999999995, 0.00012095999999999997, 0.99971776] 
PROD021_DIRECTION I [0.99981856, 0.00018143999999999997] 
PROD021_I 15 [0.0020270399999999995, 0.99767056, 3.023999999999999e-05, 3.023999999999999e-05, 3.023999999999999e-05, 3.023999999999999e-05, 3.023999999999999e-05, 3.023999999999999e-05, 3.023999999999999e-05, 3.023999999999999e-05, 3.023999999999999e-05, 3.023999999999999e-05] 
PROD021_J 41 [5.183999999999999e-05, 5.183999999999999e-05, 0.0005318399999999999, 5.183999999999999e-05, 0.99885184, 0.00040896, 5.183999999999999e-05] 
PROD021_K 1 [0.99892096, 0.0009177599999999998, 0.00016127999999999995] 
PROD023A_DIRECTION J [0.00022175999999999996, 0.99977824] 
PROD023A_I 60 [7.257599999999998e-05, 7.257599999999998e-05, 7.257599999999998e-05, 7.257599999999998e-05, 0.999709696] 
PROD023A_J 16 [0.014060479999999995, 6.047999999999998e-05, 6.047999999999998e-05, 0.9856976, 6.047999999999998e-05, 6.047999999999998e-05] 
PROD023A_K 1 [0.99975808, 0.00012095999999999997, 0.00012095999999999997] 
PROD024A_I 57 [5.183999999999999e-05, 0.99889216, 5.183999999999999e-05, 5.183999999999999e-05, 0.0008486399999999998, 5.183999999999999e-05, 5.183999999999999e-05] 
PROD024A_J 34 [9.071999999999999e-05, 0.9996875199999999, 0.00013103999999999994, 9.071999999999999e-05] 
PROD024A_K 2 [0.00012095999999999997, 0.99975808, 0.00012095999999999997] 
PROD025A_DIRECTION J [0.00018143999999999997, 0.99981856] 
PROD025A_I 54 [0.9991772800000001, 6.047999999999998e-05, 0.00010079999999999996, 0.0005404799999999999, 6.047999999999998e-05, 6.047999999999998e-05] 
PROD025A_J 23 [7.257599999999998e-05, 7.257599999999998e-05, 0.994072576, 0.005669375999999998, 0.00011289599999999998] 
PROD025A_K 2 [0.00012095999999999997, 0.99975808, 0.00012095999999999997] 
PROD026_DIRECTION J [0.00022175999999999996, 0.99977824] 
PROD026_I 49 [0.019392895999999993, 7.257599999999998e-05, 7.257599999999998e-05, 7.257599999999998e-05, 0.980389376] 
PROD026_J 5 [0.0020486399999999996, 0.99765184, 5.183999999999999e-05, 5.183999999999999e-05, 9.215999999999996e-05, 5.183999999999999e-05, 5.183999999999999e-05] 
PROD026_K 1 [0.98060096, 0.01927807999999999, 0.00012095999999999997] 
INJ006_I 52 [6.047999999999998e-05, 6.047999999999998e-05, 0.00010079999999999996, 0.99965728, 6.047999999999998e-05, 6.047999999999998e-05] 
INJ006_J 27 [4.535999999999999e-05, 4.535999999999999e-05, 4.535999999999999e-05, 0.0003621599999999999, 4.535999999999999e-05, 0.0005656799999999999, 0.99884536, 4.535999999999999e-05] 
INJ006_K 13 [9.071999999999999e-05, 9.071999999999999e-05, 0.99972784, 9.071999999999999e-05] 
INJ010_DIRECTION J [0.00018143999999999997, 0.99981856] 
INJ010_I 68 [7.257599999999998e-05, 0.999709696, 7.257599999999998e-05, 7.257599999999998e-05, 7.257599999999998e-05] 
INJ010_J 32 [7.257599999999998e-05, 0.0039893759999999985, 7.257599999999998e-05, 7.257599999999998e-05, 0.995792896] 
INJ010_K 15 [0.0005707199999999998, 9.071999999999999e-05, 0.99924784, 9.071999999999999e-05] 
INJ017_DIRECTION I [0.99977824, 0.00022175999999999996] 
INJ017_I 36 [6.047999999999998e-05, 0.0005404799999999999, 6.047999999999998e-05, 6.047999999999998e-05, 0.9991772800000001, 0.00010079999999999996] 
INJ017_J 22 [5.183999999999999e-05, 5.183999999999999e-05, 5.183999999999999e-05, 5.183999999999999e-05, 0.99813184, 0.0015686399999999996, 9.215999999999996e-05] 
INJ017_K 16 [7.257599999999998e-05, 7.257599999999998e-05, 7.257599999999998e-05, 7.257599999999998e-05, 0.999709696] 
INJ019_DIRECTION J [0.00018143999999999997, 0.99981856] 
INJ019_I 28 [6.047999999999998e-05, 6.047999999999998e-05, 0.99965728, 0.00010079999999999996, 6.047999999999998e-05, 6.047999999999998e-05] 
INJ019_J 49 [0.0008875199999999998, 9.071999999999999e-05, 9.071999999999999e-05, 0.99893104] 
INJ019_K 15 [9.071999999999999e-05, 9.071999999999999e-05, 0.99941104, 0.00040751999999999987] 
INJ021_DIRECTION J [0.00022175999999999996, 0.99977824] 
INJ021_I 22 [4.031999999999999e-05, 0.99884032, 4.031999999999999e-05, 0.0005606399999999999, 4.031999999999999e-05, 4.031999999999999e-05, 0.00035711999999999983, 4.031999999999999e-05, 4.031999999999999e-05] 
INJ021_J 29 [6.047999999999998e-05, 6.047999999999998e-05, 6.047999999999998e-05, 0.99965728, 0.00010079999999999996, 6.047999999999998e-05] 
INJ021_K 12 [0.00013103999999999994, 9.071999999999999e-05, 0.99577072, 0.004007519999999999] 
INJ022_DIRECTION I [0.99977824, 0.00022175999999999996] 
INJ022_I 67 [7.257599999999998e-05, 0.9996693759999999, 7.257599999999998e-05, 7.257599999999998e-05, 0.00011289599999999998] 
INJ022_J 22 [9.071999999999999e-05, 0.98092784, 0.018890719999999993, 9.071999999999999e-05] 
INJ022_K 8 [0.00011289599999999998, 0.998872576, 7.257599999999998e-05, 7.257599999999998e-05, 0.0008693759999999998] 
INJ023_DIRECTION J [0.0007017599999999998, 0.99929824] 
INJ023_I 39 [0.0017404799999999998, 0.99766048, 6.047999999999998e-05, 0.00010079999999999996, 0.0003772799999999999, 6.047999999999998e-05] 
INJ023_J 9 [0.99526048, 6.047999999999998e-05, 0.0036604799999999985, 6.047999999999998e-05, 0.0008975999999999998, 6.047999999999998e-05] 
INJ023_K 7 [0.99861856, 0.0013814399999999996] 
NA1A_CONSIDER 1 [0.00022175999999999996, 0.99977824] 

Elite 2 OF_MAX_VPL 2812432620.12
NA2_CONSIDER 0 [0.99617824, 0.0038217599999999983] 
NA3D_CONSIDER 0 [0.98018144, 0.019818559999999992] 
PltPRDSTL_PltPRDSTO 23250 [0.997636288, 3.628799999999999e-05, 0.0017566079999999993, 3.628799999999999e-05, 3.628799999999999e-05, 3.628799999999999e-05, 0.00035308799999999994, 3.628799999999999e-05, 3.628799999999999e-05, 3.628799999999999e-05] 
PltPRDSTW 11857.5 [0.99766048, 6.047999999999998e-05, 0.0003772799999999999, 6.047999999999998e-05, 0.00010079999999999996, 0.0017404799999999998] 
PltINJSTW 30380 [3.023999999999999e-05, 3.023999999999999e-05, 0.99763024, 0.0020270399999999995, 7.055999999999997e-05, 3.023999999999999e-05, 3.023999999999999e-05, 3.023999999999999e-05, 3.023999999999999e-05, 3.023999999999999e-05, 3.023999999999999e-05, 3.023999999999999e-05] 
PROD005_DIRECTION I [0.99782176, 0.0021782399999999997] 
PROD005_I 29 [9.071999999999999e-05, 0.00040751999999999987, 9.071999999999999e-05, 0.99941104] 
PROD005_J 20 [8.567999999999999e-05, 0.0003621599999999999, 4.535999999999999e-05, 4.535999999999999e-05, 0.99932536, 4.535999999999999e-05, 4.535999999999999e-05, 4.535999999999999e-05] 
PROD005_K 1 [0.99975808, 0.00012095999999999997, 0.00012095999999999997] 
PROD006_I 54 [9.071999999999999e-05, 9.071999999999999e-05, 9.071999999999999e-05, 0.99972784] 
PROD006_J 3 [0.00018143999999999997, 0.99981856] 
PROD007_I 62 [7.257599999999998e-05, 0.00011289599999999998, 7.257599999999998e-05, 0.9996693759999999, 7.257599999999998e-05] 
PROD007_J 12 [0.00012095999999999997, 0.00012095999999999997, 0.99975808] 
PROD009_DIRECTION I [0.99946144, 0.0005385599999999999] 
PROD009_I 7 [7.257599999999998e-05, 7.257599999999998e-05, 0.916069376, 0.00011289599999999998, 0.08367257599999998] 
PROD009_J 41 [5.183999999999999e-05, 5.183999999999999e-05, 5.183999999999999e-05, 0.99964864, 5.183999999999999e-05, 9.215999999999996e-05, 5.183999999999999e-05] 
PROD009_K 1 [0.99975808, 0.00012095999999999997, 0.00012095999999999997] 
PROD010_DIRECTION J [0.00022175999999999996, 0.99977824] 
PROD010_I 31 [4.535999999999999e-05, 0.0003621599999999999, 0.99936568, 4.535999999999999e-05, 4.535999999999999e-05, 4.535999999999999e-05, 4.535999999999999e-05, 4.535999999999999e-05] 
PROD010_J 34 [0.00036863999999999983, 0.0036518399999999986, 5.183999999999999e-05, 5.183999999999999e-05, 0.99577216, 5.183999999999999e-05, 5.183999999999999e-05] 
PROD010_K 1 [0.99971776, 0.00016127999999999995, 0.00012095999999999997] 
PROD012_DIRECTION J [0.00022175999999999996, 0.99977824] 
PROD012_I 40 [8.063999999999997e-05, 4.031999999999999e-05, 0.0015571199999999997, 0.99812032, 4.031999999999999e-05, 4.031999999999999e-05, 4.031999999999999e-05, 4.031999999999999e-05, 4.031999999999999e-05] 
PROD012_J 39 [3.29890909090909e-05, 3.29890909090909e-05, 3.29890909090909e-05, 3.29890909090909e-05, 0.0005129890909090907, 3.29890909090909e-05, 3.29890909090909e-05, 3.29890909090909e-05, 3.29890909090909e-05, 0.9991901090909091, 3.29890909090909e-05] 
PROD012_K 1 [0.99971776, 0.00012095999999999997, 0.00016127999999999995] 
PROD014_DIRECTION J [0.00022175999999999996, 0.99977824] 
PROD014_I 46 [0.98485184, 5.183999999999999e-05, 0.014368639999999993, 0.0005318399999999999, 9.215999999999996e-05, 5.183999999999999e-05, 5.183999999999999e-05] 
PROD014_J 41 [3.628799999999999e-05, 3.628799999999999e-05, 0.00039340799999999993, 3.628799999999999e-05, 3.628799999999999e-05, 3.628799999999999e-05, 3.628799999999999e-05, 0.9993162879999999, 3.628799999999999e-05, 3.628799999999999e-05] 
PROD014_K 3 [0.00016127999999999995, 0.00012095999999999997, 0.99971776] 
PROD021_DIRECTION I [0.99981856, 0.00018143999999999997] 
PROD021_I 15 [0.0020270399999999995, 0.99767056, 3.023999999999999e-05, 3.023999999999999e-05, 3.023999999999999e-05, 3.023999999999999e-05, 3.023999999999999e-05, 3.023999999999999e-05, 3.023999999999999e-05, 3.023999999999999e-05, 3.023999999999999e-05, 3.023999999999999e-05] 
PROD021_J 41 [5.183999999999999e-05, 5.183999999999999e-05, 0.0005318399999999999, 5.183999999999999e-05, 0.99885184, 0.00040896, 5.183999999999999e-05] 
PROD021_K 1 [0.99892096, 0.0009177599999999998, 0.00016127999999999995] 
PROD023A_DIRECTION J [0.00022175999999999996, 0.99977824] 
PROD023A_I 60 [7.257599999999998e-05, 7.257599999999998e-05, 7.257599999999998e-05, 7.257599999999998e-05, 0.999709696] 
PROD023A_J 16 [0.014060479999999995, 6.047999999999998e-05, 6.047999999999998e-05, 0.9856976, 6.047999999999998e-05, 6.047999999999998e-05] 
PROD023A_K 1 [0.99975808, 0.00012095999999999997, 0.00012095999999999997] 
PROD024A_I 57 [5.183999999999999e-05, 0.99889216, 5.183999999999999e-05, 5.183999999999999e-05, 0.0008486399999999998, 5.183999999999999e-05, 5.183999999999999e-05] 
PROD024A_J 34 [9.071999999999999e-05, 0.9996875199999999, 0.00013103999999999994, 9.071999999999999e-05] 
PROD024A_K 2 [0.00012095999999999997, 0.99975808, 0.00012095999999999997] 
PROD025A_DIRECTION J [0.00018143999999999997, 0.99981856] 
PROD025A_I 54 [0.9991772800000001, 6.047999999999998e-05, 0.00010079999999999996, 0.0005404799999999999, 6.047999999999998e-05, 6.047999999999998e-05] 
PROD025A_J 23 [7.257599999999998e-05, 7.257599999999998e-05, 0.994072576, 0.005669375999999998, 0.00011289599999999998] 
PROD025A_K 2 [0.00012095999999999997, 0.99975808, 0.00012095999999999997] 
PROD026_DIRECTION J [0.00022175999999999996, 0.99977824] 
PROD026_I 49 [0.019392895999999993, 7.257599999999998e-05, 7.257599999999998e-05, 7.257599999999998e-05, 0.980389376] 
PROD026_J 5 [0.0020486399999999996, 0.99765184, 5.183999999999999e-05, 5.183999999999999e-05, 9.215999999999996e-05, 5.183999999999999e-05, 5.183999999999999e-05] 
PROD026_K 1 [0.98060096, 0.01927807999999999, 0.00012095999999999997] 
INJ006_I 52 [6.047999999999998e-05, 6.047999999999998e-05, 0.00010079999999999996, 0.99965728, 6.047999999999998e-05, 6.047999999999998e-05] 
INJ006_J 27 [4.535999999999999e-05, 4.535999999999999e-05, 4.535999999999999e-05, 0.0003621599999999999, 4.535999999999999e-05, 0.0005656799999999999, 0.99884536, 4.535999999999999e-05] 
INJ006_K 13 [9.071999999999999e-05, 9.071999999999999e-05, 0.99972784, 9.071999999999999e-05] 
INJ010_DIRECTION J [0.00018143999999999997, 0.99981856] 
INJ010_I 68 [7.257599999999998e-05, 0.999709696, 7.257599999999998e-05, 7.257599999999998e-05, 7.257599999999998e-05] 
INJ010_J 38 [7.257599999999998e-05, 0.0039893759999999985, 7.257599999999998e-05, 7.257599999999998e-05, 0.995792896] 
INJ010_K 15 [0.0005707199999999998, 9.071999999999999e-05, 0.99924784, 9.071999999999999e-05] 
INJ017_DIRECTION I [0.99977824, 0.00022175999999999996] 
INJ017_I 36 [6.047999999999998e-05, 0.0005404799999999999, 6.047999999999998e-05, 6.047999999999998e-05, 0.9991772800000001, 0.00010079999999999996] 
INJ017_J 24 [5.183999999999999e-05, 5.183999999999999e-05, 5.183999999999999e-05, 5.183999999999999e-05, 0.99813184, 0.0015686399999999996, 9.215999999999996e-05] 
INJ017_K 16 [7.257599999999998e-05, 7.257599999999998e-05, 7.257599999999998e-05, 7.257599999999998e-05, 0.999709696] 
INJ019_DIRECTION J [0.00018143999999999997, 0.99981856] 
INJ019_I 28 [6.047999999999998e-05, 6.047999999999998e-05, 0.99965728, 0.00010079999999999996, 6.047999999999998e-05, 6.047999999999998e-05] 
INJ019_J 49 [0.0008875199999999998, 9.071999999999999e-05, 9.071999999999999e-05, 0.99893104] 
INJ019_K 15 [9.071999999999999e-05, 9.071999999999999e-05, 0.99941104, 0.00040751999999999987] 
INJ021_DIRECTION J [0.00022175999999999996, 0.99977824] 
INJ021_I 22 [4.031999999999999e-05, 0.99884032, 4.031999999999999e-05, 0.0005606399999999999, 4.031999999999999e-05, 4.031999999999999e-05, 0.00035711999999999983, 4.031999999999999e-05, 4.031999999999999e-05] 
INJ021_J 29 [6.047999999999998e-05, 6.047999999999998e-05, 6.047999999999998e-05, 0.99965728, 0.00010079999999999996, 6.047999999999998e-05] 
INJ021_K 12 [0.00013103999999999994, 9.071999999999999e-05, 0.99577072, 0.004007519999999999] 
INJ022_DIRECTION I [0.99977824, 0.00022175999999999996] 
INJ022_I 67 [7.257599999999998e-05, 0.9996693759999999, 7.257599999999998e-05, 7.257599999999998e-05, 0.00011289599999999998] 
INJ022_J 22 [9.071999999999999e-05, 0.98092784, 0.018890719999999993, 9.071999999999999e-05] 
INJ022_K 8 [0.00011289599999999998, 0.998872576, 7.257599999999998e-05, 7.257599999999998e-05, 0.0008693759999999998] 
INJ023_DIRECTION J [0.0007017599999999998, 0.99929824] 
INJ023_I 39 [0.0017404799999999998, 0.99766048, 6.047999999999998e-05, 0.00010079999999999996, 0.0003772799999999999, 6.047999999999998e-05] 
INJ023_J 9 [0.99526048, 6.047999999999998e-05, 0.0036604799999999985, 6.047999999999998e-05, 0.0008975999999999998, 6.047999999999998e-05] 
INJ023_K 7 [0.99861856, 0.0013814399999999996] 
NA1A_CONSIDER 1 [0.00022175999999999996, 0.99977824] 

Elite 3 OF_MAX_VPL 2801255352.53
NA2_CONSIDER 0 [0.99617824, 0.0038217599999999983] 
NA3D_CONSIDER 0 [0.98018144, 0.019818559999999992] 
PltPRDSTL_PltPRDSTO 23250 [0.997636288, 3.628799999999999e-05, 0.0017566079999999993, 3.628799999999999e-05, 3.628799999999999e-05, 3.628799999999999e-05, 0.00035308799999999994, 3.628799999999999e-05, 3.628799999999999e-05, 3.628799999999999e-05] 
PltPRDSTW 11857.5 [0.99766048, 6.047999999999998e-05, 0.0003772799999999999, 6.047999999999998e-05, 0.00010079999999999996, 0.0017404799999999998] 
PltINJSTW 30380 [3.023999999999999e-05, 3.023999999999999e-05, 0.99763024, 0.0020270399999999995, 7.055999999999997e-05, 3.023999999999999e-05, 3.023999999999999e-05, 3.023999999999999e-05, 3.023999999999999e-05, 3.023999999999999e-05, 3.023999999999999e-05, 3.023999999999999e-05] 
PROD005_DIRECTION I [0.99782176, 0.0021782399999999997] 
PROD005_I 29 [9.071999999999999e-05, 0.00040751999999999987, 9.071999999999999e-05, 0.99941104] 
PROD005_J 20 [8.567999999999999e-05, 0.0003621599999999999, 4.535999999999999e-05, 4.535999999999999e-05, 0.99932536, 4.535999999999999e-05, 4.535999999999999e-05, 4.535999999999999e-05] 
PROD005_K 1 [0.99975808, 0.00012095999999999997, 0.00012095999999999997] 
PROD006_I 54 [9.071999999999999e-05, 9.071999999999999e-05, 9.071999999999999e-05, 0.99972784] 
PROD006_J 3 [0.00018143999999999997, 0.99981856] 
PROD007_I 62 [7.257599999999998e-05, 0.00011289599999999998, 7.257599999999998e-05, 0.9996693759999999, 7.257599999999998e-05] 
PROD007_J 12 [0.00012095999999999997, 0.00012095999999999997, 0.99975808] 
PROD009_DIRECTION I [0.99946144, 0.0005385599999999999] 
PROD009_I 7 [7.257599999999998e-05, 7.257599999999998e-05, 0.916069376, 0.00011289599999999998, 0.08367257599999998] 
PROD009_J 41 [5.183999999999999e-05, 5.183999999999999e-05, 5.183999999999999e-05, 0.99964864, 5.183999999999999e-05, 9.215999999999996e-05, 5.183999999999999e-05] 
PROD009_K 1 [0.99975808, 0.00012095999999999997, 0.00012095999999999997] 
PROD010_DIRECTION J [0.00022175999999999996, 0.99977824] 
PROD010_I 31 [4.535999999999999e-05, 0.0003621599999999999, 0.99936568, 4.535999999999999e-05, 4.535999999999999e-05, 4.535999999999999e-05, 4.535999999999999e-05, 4.535999999999999e-05] 
PROD010_J 34 [0.00036863999999999983, 0.0036518399999999986, 5.183999999999999e-05, 5.183999999999999e-05, 0.99577216, 5.183999999999999e-05, 5.183999999999999e-05] 
PROD010_K 1 [0.99971776, 0.00016127999999999995, 0.00012095999999999997] 
PROD012_DIRECTION J [0.00022175999999999996, 0.99977824] 
PROD012_I 40 [8.063999999999997e-05, 4.031999999999999e-05, 0.0015571199999999997, 0.99812032, 4.031999999999999e-05, 4.031999999999999e-05, 4.031999999999999e-05, 4.031999999999999e-05, 4.031999999999999e-05] 
PROD012_J 39 [3.29890909090909e-05, 3.29890909090909e-05, 3.29890909090909e-05, 3.29890909090909e-05, 0.0005129890909090907, 3.29890909090909e-05, 3.29890909090909e-05, 3.29890909090909e-05, 3.29890909090909e-05, 0.9991901090909091, 3.29890909090909e-05] 
PROD012_K 1 [0.99971776, 0.00012095999999999997, 0.00016127999999999995] 
PROD014_DIRECTION J [0.00022175999999999996, 0.99977824] 
PROD014_I 46 [0.98485184, 5.183999999999999e-05, 0.014368639999999993, 0.0005318399999999999, 9.215999999999996e-05, 5.183999999999999e-05, 5.183999999999999e-05] 
PROD014_J 41 [3.628799999999999e-05, 3.628799999999999e-05, 0.00039340799999999993, 3.628799999999999e-05, 3.628799999999999e-05, 3.628799999999999e-05, 3.628799999999999e-05, 0.9993162879999999, 3.628799999999999e-05, 3.628799999999999e-05] 
PROD014_K 3 [0.00016127999999999995, 0.00012095999999999997, 0.99971776] 
PROD021_DIRECTION I [0.99981856, 0.00018143999999999997] 
PROD021_I 15 [0.0020270399999999995, 0.99767056, 3.023999999999999e-05, 3.023999999999999e-05, 3.023999999999999e-05, 3.023999999999999e-05, 3.023999999999999e-05, 3.023999999999999e-05, 3.023999999999999e-05, 3.023999999999999e-05, 3.023999999999999e-05, 3.023999999999999e-05] 
PROD021_J 41 [5.183999999999999e-05, 5.183999999999999e-05, 0.0005318399999999999, 5.183999999999999e-05, 0.99885184, 0.00040896, 5.183999999999999e-05] 
PROD021_K 1 [0.99892096, 0.0009177599999999998, 0.00016127999999999995] 
PROD023A_DIRECTION J [0.00022175999999999996, 0.99977824] 
PROD023A_I 60 [7.257599999999998e-05, 7.257599999999998e-05, 7.257599999999998e-05, 7.257599999999998e-05, 0.999709696] 
PROD023A_J 16 [0.014060479999999995, 6.047999999999998e-05, 6.047999999999998e-05, 0.9856976, 6.047999999999998e-05, 6.047999999999998e-05] 
PROD023A_K 1 [0.99975808, 0.00012095999999999997, 0.00012095999999999997] 
PROD024A_I 57 [5.183999999999999e-05, 0.99889216, 5.183999999999999e-05, 5.183999999999999e-05, 0.0008486399999999998, 5.183999999999999e-05, 5.183999999999999e-05] 
PROD024A_J 34 [9.071999999999999e-05, 0.9996875199999999, 0.00013103999999999994, 9.071999999999999e-05] 
PROD024A_K 2 [0.00012095999999999997, 0.99975808, 0.00012095999999999997] 
PROD025A_DIRECTION J [0.00018143999999999997, 0.99981856] 
PROD025A_I 54 [0.9991772800000001, 6.047999999999998e-05, 0.00010079999999999996, 0.0005404799999999999, 6.047999999999998e-05, 6.047999999999998e-05] 
PROD025A_J 23 [7.257599999999998e-05, 7.257599999999998e-05, 0.994072576, 0.005669375999999998, 0.00011289599999999998] 
PROD025A_K 2 [0.00012095999999999997, 0.99975808, 0.00012095999999999997] 
PROD026_DIRECTION J [0.00022175999999999996, 0.99977824] 
PROD026_I 49 [0.019392895999999993, 7.257599999999998e-05, 7.257599999999998e-05, 7.257599999999998e-05, 0.980389376] 
PROD026_J 5 [0.0020486399999999996, 0.99765184, 5.183999999999999e-05, 5.183999999999999e-05, 9.215999999999996e-05, 5.183999999999999e-05, 5.183999999999999e-05] 
PROD026_K 1 [0.98060096, 0.01927807999999999, 0.00012095999999999997] 
INJ006_I 52 [6.047999999999998e-05, 6.047999999999998e-05, 0.00010079999999999996, 0.99965728, 6.047999999999998e-05, 6.047999999999998e-05] 
INJ006_J 27 [4.535999999999999e-05, 4.535999999999999e-05, 4.535999999999999e-05, 0.0003621599999999999, 4.535999999999999e-05, 0.0005656799999999999, 0.99884536, 4.535999999999999e-05] 
INJ006_K 13 [9.071999999999999e-05, 9.071999999999999e-05, 0.99972784, 9.071999999999999e-05] 
INJ010_DIRECTION J [0.00018143999999999997, 0.99981856] 
INJ010_I 68 [7.257599999999998e-05, 0.999709696, 7.257599999999998e-05, 7.257599999999998e-05, 7.257599999999998e-05] 
INJ010_J 38 [7.257599999999998e-05, 0.0039893759999999985, 7.257599999999998e-05, 7.257599999999998e-05, 0.995792896] 
INJ010_K 15 [0.0005707199999999998, 9.071999999999999e-05, 0.99924784, 9.071999999999999e-05] 
INJ017_DIRECTION I [0.99977824, 0.00022175999999999996] 
INJ017_I 36 [6.047999999999998e-05, 0.0005404799999999999, 6.047999999999998e-05, 6.047999999999998e-05, 0.9991772800000001, 0.00010079999999999996] 
INJ017_J 22 [5.183999999999999e-05, 5.183999999999999e-05, 5.183999999999999e-05, 5.183999999999999e-05, 0.99813184, 0.0015686399999999996, 9.215999999999996e-05] 
INJ017_K 16 [7.257599999999998e-05, 7.257599999999998e-05, 7.257599999999998e-05, 7.257599999999998e-05, 0.999709696] 
INJ019_DIRECTION J [0.00018143999999999997, 0.99981856] 
INJ019_I 28 [6.047999999999998e-05, 6.047999999999998e-05, 0.99965728, 0.00010079999999999996, 6.047999999999998e-05, 6.047999999999998e-05] 
INJ019_J 49 [0.0008875199999999998, 9.071999999999999e-05, 9.071999999999999e-05, 0.99893104] 
INJ019_K 15 [9.071999999999999e-05, 9.071999999999999e-05, 0.99941104, 0.00040751999999999987] 
INJ021_DIRECTION J [0.00022175999999999996, 0.99977824] 
INJ021_I 22 [4.031999999999999e-05, 0.99884032, 4.031999999999999e-05, 0.0005606399999999999, 4.031999999999999e-05, 4.031999999999999e-05, 0.00035711999999999983, 4.031999999999999e-05, 4.031999999999999e-05] 
INJ021_J 29 [6.047999999999998e-05, 6.047999999999998e-05, 6.047999999999998e-05, 0.99965728, 0.00010079999999999996, 6.047999999999998e-05] 
INJ021_K 12 [0.00013103999999999994, 9.071999999999999e-05, 0.99577072, 0.004007519999999999] 
INJ022_DIRECTION I [0.99977824, 0.00022175999999999996] 
INJ022_I 67 [7.257599999999998e-05, 0.9996693759999999, 7.257599999999998e-05, 7.257599999999998e-05, 0.00011289599999999998] 
INJ022_J 22 [9.071999999999999e-05, 0.98092784, 0.018890719999999993, 9.071999999999999e-05] 
INJ022_K 8 [0.00011289599999999998, 0.998872576, 7.257599999999998e-05, 7.257599999999998e-05, 0.0008693759999999998] 
INJ023_DIRECTION J [0.0007017599999999998, 0.99929824] 
INJ023_I 39 [0.0017404799999999998, 0.99766048, 6.047999999999998e-05, 0.00010079999999999996, 0.0003772799999999999, 6.047999999999998e-05] 
INJ023_J 9 [0.99526048, 6.047999999999998e-05, 0.0036604799999999985, 6.047999999999998e-05, 0.0008975999999999998, 6.047999999999998e-05] 
INJ023_K 7 [0.99861856, 0.0013814399999999996] 
NA1A_CONSIDER 1 [0.00022175999999999996, 0.99977824] 

Elite 4 OF_MAX_VPL 2801255352.53
NA2_CONSIDER 0 [0.99617824, 0.0038217599999999983] 
NA3D_CONSIDER 0 [0.98018144, 0.019818559999999992] 
PltPRDSTL_PltPRDSTO 23250 [0.997636288, 3.628799999999999e-05, 0.0017566079999999993, 3.628799999999999e-05, 3.628799999999999e-05, 3.628799999999999e-05, 0.00035308799999999994, 3.628799999999999e-05, 3.628799999999999e-05, 3.628799999999999e-05] 
PltPRDSTW 11857.5 [0.99766048, 6.047999999999998e-05, 0.0003772799999999999, 6.047999999999998e-05, 0.00010079999999999996, 0.0017404799999999998] 
PltINJSTW 30380 [3.023999999999999e-05, 3.023999999999999e-05, 0.99763024, 0.0020270399999999995, 7.055999999999997e-05, 3.023999999999999e-05, 3.023999999999999e-05, 3.023999999999999e-05, 3.023999999999999e-05, 3.023999999999999e-05, 3.023999999999999e-05, 3.023999999999999e-05] 
PROD005_DIRECTION I [0.99782176, 0.0021782399999999997] 
PROD005_I 29 [9.071999999999999e-05, 0.00040751999999999987, 9.071999999999999e-05, 0.99941104] 
PROD005_J 20 [8.567999999999999e-05, 0.0003621599999999999, 4.535999999999999e-05, 4.535999999999999e-05, 0.99932536, 4.535999999999999e-05, 4.535999999999999e-05, 4.535999999999999e-05] 
PROD005_K 1 [0.99975808, 0.00012095999999999997, 0.00012095999999999997] 
PROD006_I 54 [9.071999999999999e-05, 9.071999999999999e-05, 9.071999999999999e-05, 0.99972784] 
PROD006_J 3 [0.00018143999999999997, 0.99981856] 
PROD007_I 62 [7.257599999999998e-05, 0.00011289599999999998, 7.257599999999998e-05, 0.9996693759999999, 7.257599999999998e-05] 
PROD007_J 12 [0.00012095999999999997, 0.00012095999999999997, 0.99975808] 
PROD009_DIRECTION I [0.99946144, 0.0005385599999999999] 
PROD009_I 7 [7.257599999999998e-05, 7.257599999999998e-05, 0.916069376, 0.00011289599999999998, 0.08367257599999998] 
PROD009_J 41 [5.183999999999999e-05, 5.183999999999999e-05, 5.183999999999999e-05, 0.99964864, 5.183999999999999e-05, 9.215999999999996e-05, 5.183999999999999e-05] 
PROD009_K 1 [0.99975808, 0.00012095999999999997, 0.00012095999999999997] 
PROD010_DIRECTION J [0.00022175999999999996, 0.99977824] 
PROD010_I 31 [4.535999999999999e-05, 0.0003621599999999999, 0.99936568, 4.535999999999999e-05, 4.535999999999999e-05, 4.535999999999999e-05, 4.535999999999999e-05, 4.535999999999999e-05] 
PROD010_J 34 [0.00036863999999999983, 0.0036518399999999986, 5.183999999999999e-05, 5.183999999999999e-05, 0.99577216, 5.183999999999999e-05, 5.183999999999999e-05] 
PROD010_K 1 [0.99971776, 0.00016127999999999995, 0.00012095999999999997] 
PROD012_DIRECTION J [0.00022175999999999996, 0.99977824] 
PROD012_I 40 [8.063999999999997e-05, 4.031999999999999e-05, 0.0015571199999999997, 0.99812032, 4.031999999999999e-05, 4.031999999999999e-05, 4.031999999999999e-05, 4.031999999999999e-05, 4.031999999999999e-05] 
PROD012_J 39 [3.29890909090909e-05, 3.29890909090909e-05, 3.29890909090909e-05, 3.29890909090909e-05, 0.0005129890909090907, 3.29890909090909e-05, 3.29890909090909e-05, 3.29890909090909e-05, 3.29890909090909e-05, 0.9991901090909091, 3.29890909090909e-05] 
PROD012_K 1 [0.99971776, 0.00012095999999999997, 0.00016127999999999995] 
PROD014_DIRECTION J [0.00022175999999999996, 0.99977824] 
PROD014_I 46 [0.98485184, 5.183999999999999e-05, 0.014368639999999993, 0.0005318399999999999, 9.215999999999996e-05, 5.183999999999999e-05, 5.183999999999999e-05] 
PROD014_J 41 [3.628799999999999e-05, 3.628799999999999e-05, 0.00039340799999999993, 3.628799999999999e-05, 3.628799999999999e-05, 3.628799999999999e-05, 3.628799999999999e-05, 0.9993162879999999, 3.628799999999999e-05, 3.628799999999999e-05] 
PROD014_K 3 [0.00016127999999999995, 0.00012095999999999997, 0.99971776] 
PROD021_DIRECTION I [0.99981856, 0.00018143999999999997] 
PROD021_I 15 [0.0020270399999999995, 0.99767056, 3.023999999999999e-05, 3.023999999999999e-05, 3.023999999999999e-05, 3.023999999999999e-05, 3.023999999999999e-05, 3.023999999999999e-05, 3.023999999999999e-05, 3.023999999999999e-05, 3.023999999999999e-05, 3.023999999999999e-05] 
PROD021_J 41 [5.183999999999999e-05, 5.183999999999999e-05, 0.0005318399999999999, 5.183999999999999e-05, 0.99885184, 0.00040896, 5.183999999999999e-05] 
PROD021_K 1 [0.99892096, 0.0009177599999999998, 0.00016127999999999995] 
PROD023A_DIRECTION J [0.00022175999999999996, 0.99977824] 
PROD023A_I 60 [7.257599999999998e-05, 7.257599999999998e-05, 7.257599999999998e-05, 7.257599999999998e-05, 0.999709696] 
PROD023A_J 16 [0.014060479999999995, 6.047999999999998e-05, 6.047999999999998e-05, 0.9856976, 6.047999999999998e-05, 6.047999999999998e-05] 
PROD023A_K 1 [0.99975808, 0.00012095999999999997, 0.00012095999999999997] 
PROD024A_I 57 [5.183999999999999e-05, 0.99889216, 5.183999999999999e-05, 5.183999999999999e-05, 0.0008486399999999998, 5.183999999999999e-05, 5.183999999999999e-05] 
PROD024A_J 34 [9.071999999999999e-05, 0.9996875199999999, 0.00013103999999999994, 9.071999999999999e-05] 
PROD024A_K 2 [0.00012095999999999997, 0.99975808, 0.00012095999999999997] 
PROD025A_DIRECTION J [0.00018143999999999997, 0.99981856] 
PROD025A_I 54 [0.9991772800000001, 6.047999999999998e-05, 0.00010079999999999996, 0.0005404799999999999, 6.047999999999998e-05, 6.047999999999998e-05] 
PROD025A_J 23 [7.257599999999998e-05, 7.257599999999998e-05, 0.994072576, 0.005669375999999998, 0.00011289599999999998] 
PROD025A_K 2 [0.00012095999999999997, 0.99975808, 0.00012095999999999997] 
PROD026_DIRECTION J [0.00022175999999999996, 0.99977824] 
PROD026_I 49 [0.019392895999999993, 7.257599999999998e-05, 7.257599999999998e-05, 7.257599999999998e-05, 0.980389376] 
PROD026_J 5 [0.0020486399999999996, 0.99765184, 5.183999999999999e-05, 5.183999999999999e-05, 9.215999999999996e-05, 5.183999999999999e-05, 5.183999999999999e-05] 
PROD026_K 1 [0.98060096, 0.01927807999999999, 0.00012095999999999997] 
INJ006_I 52 [6.047999999999998e-05, 6.047999999999998e-05, 0.00010079999999999996, 0.99965728, 6.047999999999998e-05, 6.047999999999998e-05] 
INJ006_J 27 [4.535999999999999e-05, 4.535999999999999e-05, 4.535999999999999e-05, 0.0003621599999999999, 4.535999999999999e-05, 0.0005656799999999999, 0.99884536, 4.535999999999999e-05] 
INJ006_K 13 [9.071999999999999e-05, 9.071999999999999e-05, 0.99972784, 9.071999999999999e-05] 
INJ010_DIRECTION J [0.00018143999999999997, 0.99981856] 
INJ010_I 68 [7.257599999999998e-05, 0.999709696, 7.257599999999998e-05, 7.257599999999998e-05, 7.257599999999998e-05] 
INJ010_J 38 [7.257599999999998e-05, 0.0039893759999999985, 7.257599999999998e-05, 7.257599999999998e-05, 0.995792896] 
INJ010_K 15 [0.0005707199999999998, 9.071999999999999e-05, 0.99924784, 9.071999999999999e-05] 
INJ017_DIRECTION I [0.99977824, 0.00022175999999999996] 
INJ017_I 36 [6.047999999999998e-05, 0.0005404799999999999, 6.047999999999998e-05, 6.047999999999998e-05, 0.9991772800000001, 0.00010079999999999996] 
INJ017_J 22 [5.183999999999999e-05, 5.183999999999999e-05, 5.183999999999999e-05, 5.183999999999999e-05, 0.99813184, 0.0015686399999999996, 9.215999999999996e-05] 
INJ017_K 16 [7.257599999999998e-05, 7.257599999999998e-05, 7.257599999999998e-05, 7.257599999999998e-05, 0.999709696] 
INJ019_DIRECTION J [0.00018143999999999997, 0.99981856] 
INJ019_I 28 [6.047999999999998e-05, 6.047999999999998e-05, 0.99965728, 0.00010079999999999996, 6.047999999999998e-05, 6.047999999999998e-05] 
INJ019_J 49 [0.0008875199999999998, 9.071999999999999e-05, 9.071999999999999e-05, 0.99893104] 
INJ019_K 15 [9.071999999999999e-05, 9.071999999999999e-05, 0.99941104, 0.00040751999999999987] 
INJ021_DIRECTION J [0.00022175999999999996, 0.99977824] 
INJ021_I 22 [4.031999999999999e-05, 0.99884032, 4.031999999999999e-05, 0.0005606399999999999, 4.031999999999999e-05, 4.031999999999999e-05, 0.00035711999999999983, 4.031999999999999e-05, 4.031999999999999e-05] 
INJ021_J 29 [6.047999999999998e-05, 6.047999999999998e-05, 6.047999999999998e-05, 0.99965728, 0.00010079999999999996, 6.047999999999998e-05] 
INJ021_K 12 [0.00013103999999999994, 9.071999999999999e-05, 0.99577072, 0.004007519999999999] 
INJ022_DIRECTION I [0.99977824, 0.00022175999999999996] 
INJ022_I 67 [7.257599999999998e-05, 0.9996693759999999, 7.257599999999998e-05, 7.257599999999998e-05, 0.00011289599999999998] 
INJ022_J 22 [9.071999999999999e-05, 0.98092784, 0.018890719999999993, 9.071999999999999e-05] 
INJ022_K 8 [0.00011289599999999998, 0.998872576, 7.257599999999998e-05, 7.257599999999998e-05, 0.0008693759999999998] 
INJ023_DIRECTION J [0.0007017599999999998, 0.99929824] 
INJ023_I 39 [0.0017404799999999998, 0.99766048, 6.047999999999998e-05, 0.00010079999999999996, 0.0003772799999999999, 6.047999999999998e-05] 
INJ023_J 9 [0.99526048, 6.047999999999998e-05, 0.0036604799999999985, 6.047999999999998e-05, 0.0008975999999999998, 6.047999999999998e-05] 
INJ023_K 7 [0.99861856, 0.0013814399999999996] 
NA1A_CONSIDER 1 [0.00022175999999999996, 0.99977824] 

Elite 5 OF_MAX_VPL 2801255352.53
NA2_CONSIDER 0 [0.99617824, 0.0038217599999999983] 
NA3D_CONSIDER 0 [0.98018144, 0.019818559999999992] 
PltPRDSTL_PltPRDSTO 23250 [0.997636288, 3.628799999999999e-05, 0.0017566079999999993, 3.628799999999999e-05, 3.628799999999999e-05, 3.628799999999999e-05, 0.00035308799999999994, 3.628799999999999e-05, 3.628799999999999e-05, 3.628799999999999e-05] 
PltPRDSTW 11857.5 [0.99766048, 6.047999999999998e-05, 0.0003772799999999999, 6.047999999999998e-05, 0.00010079999999999996, 0.0017404799999999998] 
PltINJSTW 30380 [3.023999999999999e-05, 3.023999999999999e-05, 0.99763024, 0.0020270399999999995, 7.055999999999997e-05, 3.023999999999999e-05, 3.023999999999999e-05, 3.023999999999999e-05, 3.023999999999999e-05, 3.023999999999999e-05, 3.023999999999999e-05, 3.023999999999999e-05] 
PROD005_DIRECTION I [0.99782176, 0.0021782399999999997] 
PROD005_I 29 [9.071999999999999e-05, 0.00040751999999999987, 9.071999999999999e-05, 0.99941104] 
PROD005_J 20 [8.567999999999999e-05, 0.0003621599999999999, 4.535999999999999e-05, 4.535999999999999e-05, 0.99932536, 4.535999999999999e-05, 4.535999999999999e-05, 4.535999999999999e-05] 
PROD005_K 1 [0.99975808, 0.00012095999999999997, 0.00012095999999999997] 
PROD006_I 54 [9.071999999999999e-05, 9.071999999999999e-05, 9.071999999999999e-05, 0.99972784] 
PROD006_J 3 [0.00018143999999999997, 0.99981856] 
PROD007_I 62 [7.257599999999998e-05, 0.00011289599999999998, 7.257599999999998e-05, 0.9996693759999999, 7.257599999999998e-05] 
PROD007_J 12 [0.00012095999999999997, 0.00012095999999999997, 0.99975808] 
PROD009_DIRECTION I [0.99946144, 0.0005385599999999999] 
PROD009_I 7 [7.257599999999998e-05, 7.257599999999998e-05, 0.916069376, 0.00011289599999999998, 0.08367257599999998] 
PROD009_J 41 [5.183999999999999e-05, 5.183999999999999e-05, 5.183999999999999e-05, 0.99964864, 5.183999999999999e-05, 9.215999999999996e-05, 5.183999999999999e-05] 
PROD009_K 1 [0.99975808, 0.00012095999999999997, 0.00012095999999999997] 
PROD010_DIRECTION J [0.00022175999999999996, 0.99977824] 
PROD010_I 31 [4.535999999999999e-05, 0.0003621599999999999, 0.99936568, 4.535999999999999e-05, 4.535999999999999e-05, 4.535999999999999e-05, 4.535999999999999e-05, 4.535999999999999e-05] 
PROD010_J 34 [0.00036863999999999983, 0.0036518399999999986, 5.183999999999999e-05, 5.183999999999999e-05, 0.99577216, 5.183999999999999e-05, 5.183999999999999e-05] 
PROD010_K 1 [0.99971776, 0.00016127999999999995, 0.00012095999999999997] 
PROD012_DIRECTION J [0.00022175999999999996, 0.99977824] 
PROD012_I 40 [8.063999999999997e-05, 4.031999999999999e-05, 0.0015571199999999997, 0.99812032, 4.031999999999999e-05, 4.031999999999999e-05, 4.031999999999999e-05, 4.031999999999999e-05, 4.031999999999999e-05] 
PROD012_J 39 [3.29890909090909e-05, 3.29890909090909e-05, 3.29890909090909e-05, 3.29890909090909e-05, 0.0005129890909090907, 3.29890909090909e-05, 3.29890909090909e-05, 3.29890909090909e-05, 3.29890909090909e-05, 0.9991901090909091, 3.29890909090909e-05] 
PROD012_K 1 [0.99971776, 0.00012095999999999997, 0.00016127999999999995] 
PROD014_DIRECTION J [0.00022175999999999996, 0.99977824] 
PROD014_I 46 [0.98485184, 5.183999999999999e-05, 0.014368639999999993, 0.0005318399999999999, 9.215999999999996e-05, 5.183999999999999e-05, 5.183999999999999e-05] 
PROD014_J 41 [3.628799999999999e-05, 3.628799999999999e-05, 0.00039340799999999993, 3.628799999999999e-05, 3.628799999999999e-05, 3.628799999999999e-05, 3.628799999999999e-05, 0.9993162879999999, 3.628799999999999e-05, 3.628799999999999e-05] 
PROD014_K 3 [0.00016127999999999995, 0.00012095999999999997, 0.99971776] 
PROD021_DIRECTION I [0.99981856, 0.00018143999999999997] 
PROD021_I 15 [0.0020270399999999995, 0.99767056, 3.023999999999999e-05, 3.023999999999999e-05, 3.023999999999999e-05, 3.023999999999999e-05, 3.023999999999999e-05, 3.023999999999999e-05, 3.023999999999999e-05, 3.023999999999999e-05, 3.023999999999999e-05, 3.023999999999999e-05] 
PROD021_J 41 [5.183999999999999e-05, 5.183999999999999e-05, 0.0005318399999999999, 5.183999999999999e-05, 0.99885184, 0.00040896, 5.183999999999999e-05] 
PROD021_K 1 [0.99892096, 0.0009177599999999998, 0.00016127999999999995] 
PROD023A_DIRECTION J [0.00022175999999999996, 0.99977824] 
PROD023A_I 60 [7.257599999999998e-05, 7.257599999999998e-05, 7.257599999999998e-05, 7.257599999999998e-05, 0.999709696] 
PROD023A_J 16 [0.014060479999999995, 6.047999999999998e-05, 6.047999999999998e-05, 0.9856976, 6.047999999999998e-05, 6.047999999999998e-05] 
PROD023A_K 1 [0.99975808, 0.00012095999999999997, 0.00012095999999999997] 
PROD024A_I 57 [5.183999999999999e-05, 0.99889216, 5.183999999999999e-05, 5.183999999999999e-05, 0.0008486399999999998, 5.183999999999999e-05, 5.183999999999999e-05] 
PROD024A_J 34 [9.071999999999999e-05, 0.9996875199999999, 0.00013103999999999994, 9.071999999999999e-05] 
PROD024A_K 2 [0.00012095999999999997, 0.99975808, 0.00012095999999999997] 
PROD025A_DIRECTION J [0.00018143999999999997, 0.99981856] 
PROD025A_I 54 [0.9991772800000001, 6.047999999999998e-05, 0.00010079999999999996, 0.0005404799999999999, 6.047999999999998e-05, 6.047999999999998e-05] 
PROD025A_J 23 [7.257599999999998e-05, 7.257599999999998e-05, 0.994072576, 0.005669375999999998, 0.00011289599999999998] 
PROD025A_K 2 [0.00012095999999999997, 0.99975808, 0.00012095999999999997] 
PROD026_DIRECTION J [0.00022175999999999996, 0.99977824] 
PROD026_I 49 [0.019392895999999993, 7.257599999999998e-05, 7.257599999999998e-05, 7.257599999999998e-05, 0.980389376] 
PROD026_J 5 [0.0020486399999999996, 0.99765184, 5.183999999999999e-05, 5.183999999999999e-05, 9.215999999999996e-05, 5.183999999999999e-05, 5.183999999999999e-05] 
PROD026_K 1 [0.98060096, 0.01927807999999999, 0.00012095999999999997] 
INJ006_I 52 [6.047999999999998e-05, 6.047999999999998e-05, 0.00010079999999999996, 0.99965728, 6.047999999999998e-05, 6.047999999999998e-05] 
INJ006_J 27 [4.535999999999999e-05, 4.535999999999999e-05, 4.535999999999999e-05, 0.0003621599999999999, 4.535999999999999e-05, 0.0005656799999999999, 0.99884536, 4.535999999999999e-05] 
INJ006_K 13 [9.071999999999999e-05, 9.071999999999999e-05, 0.99972784, 9.071999999999999e-05] 
INJ010_DIRECTION J [0.00018143999999999997, 0.99981856] 
INJ010_I 68 [7.257599999999998e-05, 0.999709696, 7.257599999999998e-05, 7.257599999999998e-05, 7.257599999999998e-05] 
INJ010_J 38 [7.257599999999998e-05, 0.0039893759999999985, 7.257599999999998e-05, 7.257599999999998e-05, 0.995792896] 
INJ010_K 15 [0.0005707199999999998, 9.071999999999999e-05, 0.99924784, 9.071999999999999e-05] 
INJ017_DIRECTION I [0.99977824, 0.00022175999999999996] 
INJ017_I 36 [6.047999999999998e-05, 0.0005404799999999999, 6.047999999999998e-05, 6.047999999999998e-05, 0.9991772800000001, 0.00010079999999999996] 
INJ017_J 22 [5.183999999999999e-05, 5.183999999999999e-05, 5.183999999999999e-05, 5.183999999999999e-05, 0.99813184, 0.0015686399999999996, 9.215999999999996e-05] 
INJ017_K 16 [7.257599999999998e-05, 7.257599999999998e-05, 7.257599999999998e-05, 7.257599999999998e-05, 0.999709696] 
INJ019_DIRECTION J [0.00018143999999999997, 0.99981856] 
INJ019_I 28 [6.047999999999998e-05, 6.047999999999998e-05, 0.99965728, 0.00010079999999999996, 6.047999999999998e-05, 6.047999999999998e-05] 
INJ019_J 49 [0.0008875199999999998, 9.071999999999999e-05, 9.071999999999999e-05, 0.99893104] 
INJ019_K 15 [9.071999999999999e-05, 9.071999999999999e-05, 0.99941104, 0.00040751999999999987] 
INJ021_DIRECTION J [0.00022175999999999996, 0.99977824] 
INJ021_I 22 [4.031999999999999e-05, 0.99884032, 4.031999999999999e-05, 0.0005606399999999999, 4.031999999999999e-05, 4.031999999999999e-05, 0.00035711999999999983, 4.031999999999999e-05, 4.031999999999999e-05] 
INJ021_J 29 [6.047999999999998e-05, 6.047999999999998e-05, 6.047999999999998e-05, 0.99965728, 0.00010079999999999996, 6.047999999999998e-05] 
INJ021_K 12 [0.00013103999999999994, 9.071999999999999e-05, 0.99577072, 0.004007519999999999] 
INJ022_DIRECTION I [0.99977824, 0.00022175999999999996] 
INJ022_I 67 [7.257599999999998e-05, 0.9996693759999999, 7.257599999999998e-05, 7.257599999999998e-05, 0.00011289599999999998] 
INJ022_J 22 [9.071999999999999e-05, 0.98092784, 0.018890719999999993, 9.071999999999999e-05] 
INJ022_K 8 [0.00011289599999999998, 0.998872576, 7.257599999999998e-05, 7.257599999999998e-05, 0.0008693759999999998] 
INJ023_DIRECTION J [0.0007017599999999998, 0.99929824] 
INJ023_I 39 [0.0017404799999999998, 0.99766048, 6.047999999999998e-05, 0.00010079999999999996, 0.0003772799999999999, 6.047999999999998e-05] 
INJ023_J 9 [0.99526048, 6.047999999999998e-05, 0.0036604799999999985, 6.047999999999998e-05, 0.0008975999999999998, 6.047999999999998e-05] 
INJ023_K 7 [0.99861856, 0.0013814399999999996] 
NA1A_CONSIDER 1 [0.00022175999999999996, 0.99977824] 

