Elite 1 OF_MAX_VPL 2850184590.6
NA2_CONSIDER 0 [0.99981856, 0.00018143999999999997] 
NA3D_CONSIDER 1 [0.00022175999999999996, 0.99977824] 
PltPRDSTL_PltPRDSTO 22475 [3.628799999999999e-05, 0.998836288, 0.00035308799999999994, 7.660799999999998e-05, 3.628799999999999e-05, 0.000516288, 3.628799999999999e-05, 3.628799999999999e-05, 3.628799999999999e-05, 3.628799999999999e-05] 
PltPRDSTW 11160 [6.047999999999998e-05, 0.9991772800000001, 6.047999999999998e-05, 6.047999999999998e-05, 6.047999999999998e-05, 0.0005807999999999998] 
PltINJSTW 27125 [3.023999999999999e-05, 3.023999999999999e-05, 3.023999999999999e-05, 3.023999999999999e-05, 3.023999999999999e-05, 0.99811024, 3.023999999999999e-05, 3.023999999999999e-05, 0.0015470399999999997, 7.055999999999997e-05, 3.023999999999999e-05, 3.023999999999999e-05] 
PROD005_DIRECTION I [0.99981856, 0.00018143999999999997] 
PROD005_I 28 [0.00013103999999999994, 9.071999999999999e-05, 0.9996875199999999, 9.071999999999999e-05] 
PROD005_J 23 [4.535999999999999e-05, 4.535999999999999e-05, 4.535999999999999e-05, 0.0003621599999999999, 4.535999999999999e-05, 4.535999999999999e-05, 0.0017656799999999997, 0.99764536] 
PROD005_K 2 [0.00016127999999999995, 0.99971776, 0.00012095999999999997] 
PROD006_I 52 [9.071999999999999e-05, 0.9996875199999999, 9.071999999999999e-05, 0.00013103999999999994] 
PROD006_J 3 [0.00018143999999999997, 0.99981856] 
PROD007_I 63 [7.257599999999998e-05, 7.257599999999998e-05, 0.00011289599999999998, 7.257599999999998e-05, 0.9996693759999999] 
PROD007_J 12 [0.00012095999999999997, 0.004558079999999999, 0.99532096] 
PROD009_DIRECTION I [0.99977824, 0.00022175999999999996] 
PROD009_I 5 [0.983712896, 7.257599999999998e-05, 0.0017525759999999998, 0.014389375999999992, 7.257599999999998e-05] 
PROD009_J 40 [5.183999999999999e-05, 5.183999999999999e-05, 0.01844863999999999, 5.183999999999999e-05, 9.215999999999996e-05, 0.98125184, 5.183999999999999e-05] 
PROD009_K 3 [0.00012095999999999997, 0.0006009599999999999, 0.99927808] 
PROD010_DIRECTION I [0.99981856, 0.00018143999999999997] 
PROD010_I 30 [4.535999999999999e-05, 0.99768568, 4.535999999999999e-05, 0.0017253599999999994, 0.0003621599999999999, 4.535999999999999e-05, 4.535999999999999e-05, 4.535999999999999e-05] 
PROD010_J 34 [0.0008486399999999998, 5.183999999999999e-05, 5.183999999999999e-05, 5.183999999999999e-05, 0.99885184, 5.183999999999999e-05, 9.215999999999996e-05] 
PROD010_K 2 [0.00012095999999999997, 0.99975808, 0.00012095999999999997] 
PROD012_DIRECTION J [0.00018143999999999997, 0.99981856] 
PROD012_I 37 [0.99963712, 4.031999999999999e-05, 4.031999999999999e-05, 4.031999999999999e-05, 4.031999999999999e-05, 4.031999999999999e-05, 8.063999999999997e-05, 4.031999999999999e-05, 4.031999999999999e-05] 
PROD012_J 30 [0.9988329890909091, 3.29890909090909e-05, 3.29890909090909e-05, 3.29890909090909e-05, 3.29890909090909e-05, 3.29890909090909e-05, 3.29890909090909e-05, 7.33090909090909e-05, 3.29890909090909e-05, 0.0008297890909090908, 3.29890909090909e-05] 
PROD012_K 2 [0.004037759999999999, 0.99580096, 0.00016127999999999995] 
PROD014_DIRECTION I [0.99981856, 0.00018143999999999997] 
PROD014_I 46 [0.98036864, 5.183999999999999e-05, 0.01937215999999999, 5.183999999999999e-05, 5.183999999999999e-05, 5.183999999999999e-05, 5.183999999999999e-05] 
PROD014_J 41 [3.628799999999999e-05, 0.005356607999999998, 3.628799999999999e-05, 3.628799999999999e-05, 3.628799999999999e-05, 3.628799999999999e-05, 3.628799999999999e-05, 0.994353088, 3.628799999999999e-05, 3.628799999999999e-05] 
PROD014_K 3 [0.00012095999999999997, 0.00012095999999999997, 0.99975808] 
PROD021_DIRECTION I [0.99981856, 0.00018143999999999997] 
PROD021_I 18 [7.055999999999997e-05, 0.00531024, 3.023999999999999e-05, 3.023999999999999e-05, 0.99434704, 3.023999999999999e-05, 3.023999999999999e-05, 3.023999999999999e-05, 3.023999999999999e-05, 3.023999999999999e-05, 3.023999999999999e-05, 3.023999999999999e-05] 
PROD021_J 41 [9.215999999999996e-05, 5.183999999999999e-05, 5.183999999999999e-05, 5.183999999999999e-05, 0.99964864, 5.183999999999999e-05, 5.183999999999999e-05] 
PROD021_K 3 [0.00016127999999999995, 0.00043775999999999977, 0.99940096] 
PROD023A_DIRECTION J [0.00018143999999999997, 0.99981856] 
PROD023A_I 56 [0.9996693759999999, 7.257599999999998e-05, 7.257599999999998e-05, 7.257599999999998e-05, 0.00011289599999999998] 
PROD023A_J 16 [6.047999999999998e-05, 6.047999999999998e-05, 0.0004175999999999999, 0.99934048, 6.047999999999998e-05, 6.047999999999998e-05] 
PROD023A_K 3 [0.014917759999999993, 0.00016127999999999995, 0.98492096] 
PROD024A_I 57 [5.183999999999999e-05, 0.99968896, 5.183999999999999e-05, 5.183999999999999e-05, 5.183999999999999e-05, 5.183999999999999e-05, 5.183999999999999e-05] 
PROD024A_J 33 [0.99937072, 9.071999999999999e-05, 0.00044783999999999986, 9.071999999999999e-05] 
PROD024A_K 2 [0.00012095999999999997, 0.99940096, 0.0004780799999999997] 
PROD025A_DIRECTION J [0.00022175999999999996, 0.99977824] 
PROD025A_I 55 [6.047999999999998e-05, 0.9941008, 0.005657279999999997, 6.047999999999998e-05, 6.047999999999998e-05, 6.047999999999998e-05] 
PROD025A_J 21 [0.9996693759999999, 7.257599999999998e-05, 0.00011289599999999998, 7.257599999999998e-05, 7.257599999999998e-05] 
PROD025A_K 1 [0.99975808, 0.00012095999999999997, 0.00012095999999999997] 
PROD026_DIRECTION I [0.99981856, 0.00018143999999999997] 
PROD026_I 47 [7.257599999999998e-05, 7.257599999999998e-05, 0.999709696, 7.257599999999998e-05, 7.257599999999998e-05] 
PROD026_J 7 [5.183999999999999e-05, 5.183999999999999e-05, 0.0036518399999999986, 0.99604864, 5.183999999999999e-05, 5.183999999999999e-05, 9.215999999999996e-05] 
PROD026_K 1 [0.99975808, 0.00012095999999999997, 0.00012095999999999997] 
INJ006_I 52 [6.047999999999998e-05, 0.0005404799999999999, 6.047999999999998e-05, 0.9992176, 6.047999999999998e-05, 6.047999999999998e-05] 
INJ006_J 25 [4.535999999999999e-05, 4.535999999999999e-05, 4.535999999999999e-05, 4.535999999999999e-05, 0.99404536, 8.567999999999999e-05, 0.005162159999999999, 0.0005253599999999999] 
INJ006_K 12 [9.071999999999999e-05, 0.9996875199999999, 9.071999999999999e-05, 0.00013103999999999994] 
INJ010_DIRECTION I [0.99981856, 0.00018143999999999997] 
INJ010_I 72 [7.257599999999998e-05, 7.257599999999998e-05, 0.00038937599999999987, 0.00011289599999999998, 0.999352576] 
INJ010_J 32 [0.00038937599999999987, 0.998152576, 7.257599999999998e-05, 0.0013128959999999998, 7.257599999999998e-05] 
INJ010_K 8 [0.00013103999999999994, 0.9996875199999999, 9.071999999999999e-05, 9.071999999999999e-05] 
INJ017_DIRECTION I [0.99950176, 0.0004982399999999998] 
INJ017_I 38 [0.00010079999999999996, 0.0003772799999999999, 6.047999999999998e-05, 6.047999999999998e-05, 6.047999999999998e-05, 0.99934048] 
INJ017_J 14 [0.99964864, 5.183999999999999e-05, 5.183999999999999e-05, 5.183999999999999e-05, 5.183999999999999e-05, 9.215999999999996e-05, 5.183999999999999e-05] 
INJ017_K 8 [0.00038937599999999987, 0.9812725760000001, 7.257599999999998e-05, 0.0005928959999999999, 0.017672575999999992] 
INJ019_DIRECTION J [0.0009782399999999996, 0.99902176] 
INJ019_I 32 [6.047999999999998e-05, 6.047999999999998e-05, 6.047999999999998e-05, 0.0012604799999999996, 0.99845728, 0.00010079999999999996] 
INJ019_J 43 [0.99972784, 9.071999999999999e-05, 9.071999999999999e-05, 9.071999999999999e-05] 
INJ019_K 11 [9.071999999999999e-05, 0.99972784, 9.071999999999999e-05, 9.071999999999999e-05] 
INJ021_DIRECTION I [0.99977824, 0.00022175999999999996] 
INJ021_I 22 [4.031999999999999e-05, 0.99915712, 4.031999999999999e-05, 4.031999999999999e-05, 4.031999999999999e-05, 4.031999999999999e-05, 0.0005606399999999999, 4.031999999999999e-05, 4.031999999999999e-05] 
INJ021_J 29 [6.047999999999998e-05, 6.047999999999998e-05, 6.047999999999998e-05, 0.9977008, 0.0012604799999999996, 0.0008572799999999999] 
INJ021_K 16 [9.071999999999999e-05, 9.071999999999999e-05, 9.071999999999999e-05, 0.99972784] 
INJ022_DIRECTION J [0.0007017599999999998, 0.99929824] 
INJ022_I 65 [0.9996693759999999, 7.257599999999998e-05, 7.257599999999998e-05, 7.257599999999998e-05, 0.00011289599999999998] 
INJ022_J 26 [9.071999999999999e-05, 9.071999999999999e-05, 0.00013103999999999994, 0.9996875199999999] 
INJ022_K 15 [7.257599999999998e-05, 7.257599999999998e-05, 0.00011289599999999998, 0.09846937599999997, 0.901272576] 
INJ023_DIRECTION J [0.0004982399999999998, 0.99950176] 
INJ023_I 41 [6.047999999999998e-05, 0.018140479999999994, 0.98006048, 0.0012604799999999996, 0.0004175999999999999, 6.047999999999998e-05] 
INJ023_J 19 [6.047999999999998e-05, 6.047999999999998e-05, 0.0003772799999999999, 6.047999999999998e-05, 6.047999999999998e-05, 0.9993808] 
INJ023_K 15 [0.00018143999999999997, 0.99981856] 
NA1A_CONSIDER 1 [0.00022175999999999996, 0.99977824] 

Elite 2 OF_MAX_VPL 2837361879.63
NA2_CONSIDER 0 [0.99981856, 0.00018143999999999997] 
NA3D_CONSIDER 1 [0.00022175999999999996, 0.99977824] 
PltPRDSTL_PltPRDSTO 22475 [3.628799999999999e-05, 0.998836288, 0.00035308799999999994, 7.660799999999998e-05, 3.628799999999999e-05, 0.000516288, 3.628799999999999e-05, 3.628799999999999e-05, 3.628799999999999e-05, 3.628799999999999e-05] 
PltPRDSTW 11160 [6.047999999999998e-05, 0.9991772800000001, 6.047999999999998e-05, 6.047999999999998e-05, 6.047999999999998e-05, 0.0005807999999999998] 
PltINJSTW 27125 [3.023999999999999e-05, 3.023999999999999e-05, 3.023999999999999e-05, 3.023999999999999e-05, 3.023999999999999e-05, 0.99811024, 3.023999999999999e-05, 3.023999999999999e-05, 0.0015470399999999997, 7.055999999999997e-05, 3.023999999999999e-05, 3.023999999999999e-05] 
PROD005_DIRECTION I [0.99981856, 0.00018143999999999997] 
PROD005_I 28 [0.00013103999999999994, 9.071999999999999e-05, 0.9996875199999999, 9.071999999999999e-05] 
PROD005_J 23 [4.535999999999999e-05, 4.535999999999999e-05, 4.535999999999999e-05, 0.0003621599999999999, 4.535999999999999e-05, 4.535999999999999e-05, 0.0017656799999999997, 0.99764536] 
PROD005_K 2 [0.00016127999999999995, 0.99971776, 0.00012095999999999997] 
PROD006_I 52 [9.071999999999999e-05, 0.9996875199999999, 9.071999999999999e-05, 0.00013103999999999994] 
PROD006_J 3 [0.00018143999999999997, 0.99981856] 
PROD007_I 63 [7.257599999999998e-05, 7.257599999999998e-05, 0.00011289599999999998, 7.257599999999998e-05, 0.9996693759999999] 
PROD007_J 12 [0.00012095999999999997, 0.004558079999999999, 0.99532096] 
PROD009_DIRECTION I [0.99977824, 0.00022175999999999996] 
PROD009_I 5 [0.983712896, 7.257599999999998e-05, 0.0017525759999999998, 0.014389375999999992, 7.257599999999998e-05] 
PROD009_J 40 [5.183999999999999e-05, 5.183999999999999e-05, 0.91844864, 5.183999999999999e-05, 9.215999999999996e-05, 0.08125183999999999, 5.183999999999999e-05] 
PROD009_K 3 [0.00012095999999999997, 0.0006009599999999999, 0.99927808] 
PROD010_DIRECTION I [0.99981856, 0.00018143999999999997] 
PROD010_I 30 [4.535999999999999e-05, 0.99768568, 4.535999999999999e-05, 0.0017253599999999994, 0.0003621599999999999, 4.535999999999999e-05, 4.535999999999999e-05, 4.535999999999999e-05] 
PROD010_J 34 [0.0008486399999999998, 5.183999999999999e-05, 5.183999999999999e-05, 5.183999999999999e-05, 0.99885184, 5.183999999999999e-05, 9.215999999999996e-05] 
PROD010_K 2 [0.00012095999999999997, 0.99975808, 0.00012095999999999997] 
PROD012_DIRECTION J [0.00018143999999999997, 0.99981856] 
PROD012_I 37 [0.99963712, 4.031999999999999e-05, 4.031999999999999e-05, 4.031999999999999e-05, 4.031999999999999e-05, 4.031999999999999e-05, 8.063999999999997e-05, 4.031999999999999e-05, 4.031999999999999e-05] 
PROD012_J 30 [0.9988329890909091, 3.29890909090909e-05, 3.29890909090909e-05, 3.29890909090909e-05, 3.29890909090909e-05, 3.29890909090909e-05, 3.29890909090909e-05, 7.33090909090909e-05, 3.29890909090909e-05, 0.0008297890909090908, 3.29890909090909e-05] 
PROD012_K 2 [0.004037759999999999, 0.99580096, 0.00016127999999999995] 
PROD014_DIRECTION I [0.99981856, 0.00018143999999999997] 
PROD014_I 46 [0.98036864, 5.183999999999999e-05, 0.01937215999999999, 5.183999999999999e-05, 5.183999999999999e-05, 5.183999999999999e-05, 5.183999999999999e-05] 
PROD014_J 41 [3.628799999999999e-05, 0.005356607999999998, 3.628799999999999e-05, 3.628799999999999e-05, 3.628799999999999e-05, 3.628799999999999e-05, 3.628799999999999e-05, 0.994353088, 3.628799999999999e-05, 3.628799999999999e-05] 
PROD014_K 3 [0.00012095999999999997, 0.00012095999999999997, 0.99975808] 
PROD021_DIRECTION I [0.99981856, 0.00018143999999999997] 
PROD021_I 18 [7.055999999999997e-05, 0.00531024, 3.023999999999999e-05, 3.023999999999999e-05, 0.99434704, 3.023999999999999e-05, 3.023999999999999e-05, 3.023999999999999e-05, 3.023999999999999e-05, 3.023999999999999e-05, 3.023999999999999e-05, 3.023999999999999e-05] 
PROD021_J 41 [9.215999999999996e-05, 5.183999999999999e-05, 5.183999999999999e-05, 5.183999999999999e-05, 0.99964864, 5.183999999999999e-05, 5.183999999999999e-05] 
PROD021_K 3 [0.00016127999999999995, 0.00043775999999999977, 0.99940096] 
PROD023A_DIRECTION J [0.00018143999999999997, 0.99981856] 
PROD023A_I 56 [0.9996693759999999, 7.257599999999998e-05, 7.257599999999998e-05, 7.257599999999998e-05, 0.00011289599999999998] 
PROD023A_J 16 [6.047999999999998e-05, 6.047999999999998e-05, 0.0004175999999999999, 0.99934048, 6.047999999999998e-05, 6.047999999999998e-05] 
PROD023A_K 3 [0.014917759999999993, 0.00016127999999999995, 0.98492096] 
PROD024A_I 57 [5.183999999999999e-05, 0.99968896, 5.183999999999999e-05, 5.183999999999999e-05, 5.183999999999999e-05, 5.183999999999999e-05, 5.183999999999999e-05] 
PROD024A_J 33 [0.99937072, 9.071999999999999e-05, 0.00044783999999999986, 9.071999999999999e-05] 
PROD024A_K 2 [0.00012095999999999997, 0.99940096, 0.0004780799999999997] 
PROD025A_DIRECTION J [0.00022175999999999996, 0.99977824] 
PROD025A_I 55 [6.047999999999998e-05, 0.9941008, 0.005657279999999997, 6.047999999999998e-05, 6.047999999999998e-05, 6.047999999999998e-05] 
PROD025A_J 21 [0.9996693759999999, 7.257599999999998e-05, 0.00011289599999999998, 7.257599999999998e-05, 7.257599999999998e-05] 
PROD025A_K 1 [0.99975808, 0.00012095999999999997, 0.00012095999999999997] 
PROD026_DIRECTION I [0.99981856, 0.00018143999999999997] 
PROD026_I 47 [7.257599999999998e-05, 7.257599999999998e-05, 0.999709696, 7.257599999999998e-05, 7.257599999999998e-05] 
PROD026_J 7 [5.183999999999999e-05, 5.183999999999999e-05, 0.0036518399999999986, 0.99604864, 5.183999999999999e-05, 5.183999999999999e-05, 9.215999999999996e-05] 
PROD026_K 1 [0.99975808, 0.00012095999999999997, 0.00012095999999999997] 
INJ006_I 52 [6.047999999999998e-05, 0.0005404799999999999, 6.047999999999998e-05, 0.9992176, 6.047999999999998e-05, 6.047999999999998e-05] 
INJ006_J 25 [4.535999999999999e-05, 4.535999999999999e-05, 4.535999999999999e-05, 4.535999999999999e-05, 0.99404536, 8.567999999999999e-05, 0.005162159999999999, 0.0005253599999999999] 
INJ006_K 12 [9.071999999999999e-05, 0.9996875199999999, 9.071999999999999e-05, 0.00013103999999999994] 
INJ010_DIRECTION I [0.99981856, 0.00018143999999999997] 
INJ010_I 72 [7.257599999999998e-05, 7.257599999999998e-05, 0.00038937599999999987, 0.00011289599999999998, 0.999352576] 
INJ010_J 32 [0.00038937599999999987, 0.998152576, 7.257599999999998e-05, 0.0013128959999999998, 7.257599999999998e-05] 
INJ010_K 8 [0.00013103999999999994, 0.9996875199999999, 9.071999999999999e-05, 9.071999999999999e-05] 
INJ017_DIRECTION I [0.99950176, 0.0004982399999999998] 
INJ017_I 38 [0.00010079999999999996, 0.0003772799999999999, 6.047999999999998e-05, 6.047999999999998e-05, 6.047999999999998e-05, 0.99934048] 
INJ017_J 14 [0.99964864, 5.183999999999999e-05, 5.183999999999999e-05, 5.183999999999999e-05, 5.183999999999999e-05, 9.215999999999996e-05, 5.183999999999999e-05] 
INJ017_K 8 [0.00038937599999999987, 0.9812725760000001, 7.257599999999998e-05, 0.0005928959999999999, 0.017672575999999992] 
INJ019_DIRECTION J [0.0009782399999999996, 0.99902176] 
INJ019_I 32 [6.047999999999998e-05, 6.047999999999998e-05, 6.047999999999998e-05, 0.0012604799999999996, 0.99845728, 0.00010079999999999996] 
INJ019_J 43 [0.99972784, 9.071999999999999e-05, 9.071999999999999e-05, 9.071999999999999e-05] 
INJ019_K 11 [9.071999999999999e-05, 0.99972784, 9.071999999999999e-05, 9.071999999999999e-05] 
INJ021_DIRECTION I [0.99977824, 0.00022175999999999996] 
INJ021_I 22 [4.031999999999999e-05, 0.99915712, 4.031999999999999e-05, 4.031999999999999e-05, 4.031999999999999e-05, 4.031999999999999e-05, 0.0005606399999999999, 4.031999999999999e-05, 4.031999999999999e-05] 
INJ021_J 29 [6.047999999999998e-05, 6.047999999999998e-05, 6.047999999999998e-05, 0.9977008, 0.0012604799999999996, 0.0008572799999999999] 
INJ021_K 16 [9.071999999999999e-05, 9.071999999999999e-05, 9.071999999999999e-05, 0.99972784] 
INJ022_DIRECTION J [0.0007017599999999998, 0.99929824] 
INJ022_I 65 [0.9996693759999999, 7.257599999999998e-05, 7.257599999999998e-05, 7.257599999999998e-05, 0.00011289599999999998] 
INJ022_J 26 [9.071999999999999e-05, 9.071999999999999e-05, 0.00013103999999999994, 0.9996875199999999] 
INJ022_K 12 [7.257599999999998e-05, 7.257599999999998e-05, 0.00011289599999999998, 0.998469376, 0.0012725759999999997] 
INJ023_DIRECTION J [0.0004982399999999998, 0.99950176] 
INJ023_I 41 [6.047999999999998e-05, 0.018140479999999994, 0.98006048, 0.0012604799999999996, 0.0004175999999999999, 6.047999999999998e-05] 
INJ023_J 19 [6.047999999999998e-05, 6.047999999999998e-05, 0.0003772799999999999, 6.047999999999998e-05, 6.047999999999998e-05, 0.9993808] 
INJ023_K 15 [0.00018143999999999997, 0.99981856] 
NA1A_CONSIDER 1 [0.00022175999999999996, 0.99977824] 

Elite 3 OF_MAX_VPL 2837361879.63
NA2_CONSIDER 0 [0.99981856, 0.00018143999999999997] 
NA3D_CONSIDER 1 [0.00022175999999999996, 0.99977824] 
PltPRDSTL_PltPRDSTO 22475 [3.628799999999999e-05, 0.998836288, 0.00035308799999999994, 7.660799999999998e-05, 3.628799999999999e-05, 0.000516288, 3.628799999999999e-05, 3.628799999999999e-05, 3.628799999999999e-05, 3.628799999999999e-05] 
PltPRDSTW 11160 [6.047999999999998e-05, 0.9991772800000001, 6.047999999999998e-05, 6.047999999999998e-05, 6.047999999999998e-05, 0.0005807999999999998] 
PltINJSTW 27125 [3.023999999999999e-05, 3.023999999999999e-05, 3.023999999999999e-05, 3.023999999999999e-05, 3.023999999999999e-05, 0.99811024, 3.023999999999999e-05, 3.023999999999999e-05, 0.0015470399999999997, 7.055999999999997e-05, 3.023999999999999e-05, 3.023999999999999e-05] 
PROD005_DIRECTION I [0.99981856, 0.00018143999999999997] 
PROD005_I 28 [0.00013103999999999994, 9.071999999999999e-05, 0.9996875199999999, 9.071999999999999e-05] 
PROD005_J 23 [4.535999999999999e-05, 4.535999999999999e-05, 4.535999999999999e-05, 0.0003621599999999999, 4.535999999999999e-05, 4.535999999999999e-05, 0.0017656799999999997, 0.99764536] 
PROD005_K 2 [0.00016127999999999995, 0.99971776, 0.00012095999999999997] 
PROD006_I 52 [9.071999999999999e-05, 0.9996875199999999, 9.071999999999999e-05, 0.00013103999999999994] 
PROD006_J 3 [0.00018143999999999997, 0.99981856] 
PROD007_I 63 [7.257599999999998e-05, 7.257599999999998e-05, 0.00011289599999999998, 7.257599999999998e-05, 0.9996693759999999] 
PROD007_J 12 [0.00012095999999999997, 0.004558079999999999, 0.99532096] 
PROD009_DIRECTION I [0.99977824, 0.00022175999999999996] 
PROD009_I 5 [0.983712896, 7.257599999999998e-05, 0.0017525759999999998, 0.014389375999999992, 7.257599999999998e-05] 
PROD009_J 40 [5.183999999999999e-05, 5.183999999999999e-05, 0.91844864, 5.183999999999999e-05, 9.215999999999996e-05, 0.08125183999999999, 5.183999999999999e-05] 
PROD009_K 3 [0.00012095999999999997, 0.0006009599999999999, 0.99927808] 
PROD010_DIRECTION I [0.99981856, 0.00018143999999999997] 
PROD010_I 30 [4.535999999999999e-05, 0.99768568, 4.535999999999999e-05, 0.0017253599999999994, 0.0003621599999999999, 4.535999999999999e-05, 4.535999999999999e-05, 4.535999999999999e-05] 
PROD010_J 34 [0.0008486399999999998, 5.183999999999999e-05, 5.183999999999999e-05, 5.183999999999999e-05, 0.99885184, 5.183999999999999e-05, 9.215999999999996e-05] 
PROD010_K 2 [0.00012095999999999997, 0.99975808, 0.00012095999999999997] 
PROD012_DIRECTION J [0.00018143999999999997, 0.99981856] 
PROD012_I 37 [0.99963712, 4.031999999999999e-05, 4.031999999999999e-05, 4.031999999999999e-05, 4.031999999999999e-05, 4.031999999999999e-05, 8.063999999999997e-05, 4.031999999999999e-05, 4.031999999999999e-05] 
PROD012_J 30 [0.9988329890909091, 3.29890909090909e-05, 3.29890909090909e-05, 3.29890909090909e-05, 3.29890909090909e-05, 3.29890909090909e-05, 3.29890909090909e-05, 7.33090909090909e-05, 3.29890909090909e-05, 0.0008297890909090908, 3.29890909090909e-05] 
PROD012_K 2 [0.004037759999999999, 0.99580096, 0.00016127999999999995] 
PROD014_DIRECTION I [0.99981856, 0.00018143999999999997] 
PROD014_I 46 [0.98036864, 5.183999999999999e-05, 0.01937215999999999, 5.183999999999999e-05, 5.183999999999999e-05, 5.183999999999999e-05, 5.183999999999999e-05] 
PROD014_J 41 [3.628799999999999e-05, 0.005356607999999998, 3.628799999999999e-05, 3.628799999999999e-05, 3.628799999999999e-05, 3.628799999999999e-05, 3.628799999999999e-05, 0.994353088, 3.628799999999999e-05, 3.628799999999999e-05] 
PROD014_K 3 [0.00012095999999999997, 0.00012095999999999997, 0.99975808] 
PROD021_DIRECTION I [0.99981856, 0.00018143999999999997] 
PROD021_I 18 [7.055999999999997e-05, 0.00531024, 3.023999999999999e-05, 3.023999999999999e-05, 0.99434704, 3.023999999999999e-05, 3.023999999999999e-05, 3.023999999999999e-05, 3.023999999999999e-05, 3.023999999999999e-05, 3.023999999999999e-05, 3.023999999999999e-05] 
PROD021_J 41 [9.215999999999996e-05, 5.183999999999999e-05, 5.183999999999999e-05, 5.183999999999999e-05, 0.99964864, 5.183999999999999e-05, 5.183999999999999e-05] 
PROD021_K 3 [0.00016127999999999995, 0.00043775999999999977, 0.99940096] 
PROD023A_DIRECTION J [0.00018143999999999997, 0.99981856] 
PROD023A_I 56 [0.9996693759999999, 7.257599999999998e-05, 7.257599999999998e-05, 7.257599999999998e-05, 0.00011289599999999998] 
PROD023A_J 16 [6.047999999999998e-05, 6.047999999999998e-05, 0.0004175999999999999, 0.99934048, 6.047999999999998e-05, 6.047999999999998e-05] 
PROD023A_K 3 [0.014917759999999993, 0.00016127999999999995, 0.98492096] 
PROD024A_I 57 [5.183999999999999e-05, 0.99968896, 5.183999999999999e-05, 5.183999999999999e-05, 5.183999999999999e-05, 5.183999999999999e-05, 5.183999999999999e-05] 
PROD024A_J 33 [0.99937072, 9.071999999999999e-05, 0.00044783999999999986, 9.071999999999999e-05] 
PROD024A_K 2 [0.00012095999999999997, 0.99940096, 0.0004780799999999997] 
PROD025A_DIRECTION J [0.00022175999999999996, 0.99977824] 
PROD025A_I 55 [6.047999999999998e-05, 0.9941008, 0.005657279999999997, 6.047999999999998e-05, 6.047999999999998e-05, 6.047999999999998e-05] 
PROD025A_J 21 [0.9996693759999999, 7.257599999999998e-05, 0.00011289599999999998, 7.257599999999998e-05, 7.257599999999998e-05] 
PROD025A_K 1 [0.99975808, 0.00012095999999999997, 0.00012095999999999997] 
PROD026_DIRECTION I [0.99981856, 0.00018143999999999997] 
PROD026_I 47 [7.257599999999998e-05, 7.257599999999998e-05, 0.999709696, 7.257599999999998e-05, 7.257599999999998e-05] 
PROD026_J 7 [5.183999999999999e-05, 5.183999999999999e-05, 0.0036518399999999986, 0.99604864, 5.183999999999999e-05, 5.183999999999999e-05, 9.215999999999996e-05] 
PROD026_K 1 [0.99975808, 0.00012095999999999997, 0.00012095999999999997] 
INJ006_I 52 [6.047999999999998e-05, 0.0005404799999999999, 6.047999999999998e-05, 0.9992176, 6.047999999999998e-05, 6.047999999999998e-05] 
INJ006_J 25 [4.535999999999999e-05, 4.535999999999999e-05, 4.535999999999999e-05, 4.535999999999999e-05, 0.99404536, 8.567999999999999e-05, 0.005162159999999999, 0.0005253599999999999] 
INJ006_K 12 [9.071999999999999e-05, 0.9996875199999999, 9.071999999999999e-05, 0.00013103999999999994] 
INJ010_DIRECTION I [0.99981856, 0.00018143999999999997] 
INJ010_I 72 [7.257599999999998e-05, 7.257599999999998e-05, 0.00038937599999999987, 0.00011289599999999998, 0.999352576] 
INJ010_J 32 [0.00038937599999999987, 0.998152576, 7.257599999999998e-05, 0.0013128959999999998, 7.257599999999998e-05] 
INJ010_K 8 [0.00013103999999999994, 0.9996875199999999, 9.071999999999999e-05, 9.071999999999999e-05] 
INJ017_DIRECTION I [0.99950176, 0.0004982399999999998] 
INJ017_I 38 [0.00010079999999999996, 0.0003772799999999999, 6.047999999999998e-05, 6.047999999999998e-05, 6.047999999999998e-05, 0.99934048] 
INJ017_J 14 [0.99964864, 5.183999999999999e-05, 5.183999999999999e-05, 5.183999999999999e-05, 5.183999999999999e-05, 9.215999999999996e-05, 5.183999999999999e-05] 
INJ017_K 8 [0.00038937599999999987, 0.9812725760000001, 7.257599999999998e-05, 0.0005928959999999999, 0.017672575999999992] 
INJ019_DIRECTION J [0.0009782399999999996, 0.99902176] 
INJ019_I 32 [6.047999999999998e-05, 6.047999999999998e-05, 6.047999999999998e-05, 0.0012604799999999996, 0.99845728, 0.00010079999999999996] 
INJ019_J 43 [0.99972784, 9.071999999999999e-05, 9.071999999999999e-05, 9.071999999999999e-05] 
INJ019_K 11 [9.071999999999999e-05, 0.99972784, 9.071999999999999e-05, 9.071999999999999e-05] 
INJ021_DIRECTION I [0.99977824, 0.00022175999999999996] 
INJ021_I 22 [4.031999999999999e-05, 0.99915712, 4.031999999999999e-05, 4.031999999999999e-05, 4.031999999999999e-05, 4.031999999999999e-05, 0.0005606399999999999, 4.031999999999999e-05, 4.031999999999999e-05] 
INJ021_J 29 [6.047999999999998e-05, 6.047999999999998e-05, 6.047999999999998e-05, 0.9977008, 0.0012604799999999996, 0.0008572799999999999] 
INJ021_K 16 [9.071999999999999e-05, 9.071999999999999e-05, 9.071999999999999e-05, 0.99972784] 
INJ022_DIRECTION J [0.0007017599999999998, 0.99929824] 
INJ022_I 65 [0.9996693759999999, 7.257599999999998e-05, 7.257599999999998e-05, 7.257599999999998e-05, 0.00011289599999999998] 
INJ022_J 26 [9.071999999999999e-05, 9.071999999999999e-05, 0.00013103999999999994, 0.9996875199999999] 
INJ022_K 12 [7.257599999999998e-05, 7.257599999999998e-05, 0.00011289599999999998, 0.998469376, 0.0012725759999999997] 
INJ023_DIRECTION J [0.0004982399999999998, 0.99950176] 
INJ023_I 41 [6.047999999999998e-05, 0.018140479999999994, 0.98006048, 0.0012604799999999996, 0.0004175999999999999, 6.047999999999998e-05] 
INJ023_J 19 [6.047999999999998e-05, 6.047999999999998e-05, 0.0003772799999999999, 6.047999999999998e-05, 6.047999999999998e-05, 0.9993808] 
INJ023_K 15 [0.00018143999999999997, 0.99981856] 
NA1A_CONSIDER 1 [0.00022175999999999996, 0.99977824] 

Elite 4 OF_MAX_VPL 2837361879.63
NA2_CONSIDER 0 [0.99981856, 0.00018143999999999997] 
NA3D_CONSIDER 1 [0.00022175999999999996, 0.99977824] 
PltPRDSTL_PltPRDSTO 22475 [3.628799999999999e-05, 0.998836288, 0.00035308799999999994, 7.660799999999998e-05, 3.628799999999999e-05, 0.000516288, 3.628799999999999e-05, 3.628799999999999e-05, 3.628799999999999e-05, 3.628799999999999e-05] 
PltPRDSTW 11160 [6.047999999999998e-05, 0.9991772800000001, 6.047999999999998e-05, 6.047999999999998e-05, 6.047999999999998e-05, 0.0005807999999999998] 
PltINJSTW 27125 [3.023999999999999e-05, 3.023999999999999e-05, 3.023999999999999e-05, 3.023999999999999e-05, 3.023999999999999e-05, 0.99811024, 3.023999999999999e-05, 3.023999999999999e-05, 0.0015470399999999997, 7.055999999999997e-05, 3.023999999999999e-05, 3.023999999999999e-05] 
PROD005_DIRECTION I [0.99981856, 0.00018143999999999997] 
PROD005_I 28 [0.00013103999999999994, 9.071999999999999e-05, 0.9996875199999999, 9.071999999999999e-05] 
PROD005_J 23 [4.535999999999999e-05, 4.535999999999999e-05, 4.535999999999999e-05, 0.0003621599999999999, 4.535999999999999e-05, 4.535999999999999e-05, 0.0017656799999999997, 0.99764536] 
PROD005_K 2 [0.00016127999999999995, 0.99971776, 0.00012095999999999997] 
PROD006_I 52 [9.071999999999999e-05, 0.9996875199999999, 9.071999999999999e-05, 0.00013103999999999994] 
PROD006_J 3 [0.00018143999999999997, 0.99981856] 
PROD007_I 63 [7.257599999999998e-05, 7.257599999999998e-05, 0.00011289599999999998, 7.257599999999998e-05, 0.9996693759999999] 
PROD007_J 12 [0.00012095999999999997, 0.004558079999999999, 0.99532096] 
PROD009_DIRECTION I [0.99977824, 0.00022175999999999996] 
PROD009_I 5 [0.983712896, 7.257599999999998e-05, 0.0017525759999999998, 0.014389375999999992, 7.257599999999998e-05] 
PROD009_J 40 [5.183999999999999e-05, 5.183999999999999e-05, 0.91844864, 5.183999999999999e-05, 9.215999999999996e-05, 0.08125183999999999, 5.183999999999999e-05] 
PROD009_K 3 [0.00012095999999999997, 0.0006009599999999999, 0.99927808] 
PROD010_DIRECTION I [0.99981856, 0.00018143999999999997] 
PROD010_I 30 [4.535999999999999e-05, 0.99768568, 4.535999999999999e-05, 0.0017253599999999994, 0.0003621599999999999, 4.535999999999999e-05, 4.535999999999999e-05, 4.535999999999999e-05] 
PROD010_J 34 [0.0008486399999999998, 5.183999999999999e-05, 5.183999999999999e-05, 5.183999999999999e-05, 0.99885184, 5.183999999999999e-05, 9.215999999999996e-05] 
PROD010_K 2 [0.00012095999999999997, 0.99975808, 0.00012095999999999997] 
PROD012_DIRECTION J [0.00018143999999999997, 0.99981856] 
PROD012_I 37 [0.99963712, 4.031999999999999e-05, 4.031999999999999e-05, 4.031999999999999e-05, 4.031999999999999e-05, 4.031999999999999e-05, 8.063999999999997e-05, 4.031999999999999e-05, 4.031999999999999e-05] 
PROD012_J 30 [0.9988329890909091, 3.29890909090909e-05, 3.29890909090909e-05, 3.29890909090909e-05, 3.29890909090909e-05, 3.29890909090909e-05, 3.29890909090909e-05, 7.33090909090909e-05, 3.29890909090909e-05, 0.0008297890909090908, 3.29890909090909e-05] 
PROD012_K 2 [0.004037759999999999, 0.99580096, 0.00016127999999999995] 
PROD014_DIRECTION I [0.99981856, 0.00018143999999999997] 
PROD014_I 46 [0.98036864, 5.183999999999999e-05, 0.01937215999999999, 5.183999999999999e-05, 5.183999999999999e-05, 5.183999999999999e-05, 5.183999999999999e-05] 
PROD014_J 41 [3.628799999999999e-05, 0.005356607999999998, 3.628799999999999e-05, 3.628799999999999e-05, 3.628799999999999e-05, 3.628799999999999e-05, 3.628799999999999e-05, 0.994353088, 3.628799999999999e-05, 3.628799999999999e-05] 
PROD014_K 3 [0.00012095999999999997, 0.00012095999999999997, 0.99975808] 
PROD021_DIRECTION I [0.99981856, 0.00018143999999999997] 
PROD021_I 18 [7.055999999999997e-05, 0.00531024, 3.023999999999999e-05, 3.023999999999999e-05, 0.99434704, 3.023999999999999e-05, 3.023999999999999e-05, 3.023999999999999e-05, 3.023999999999999e-05, 3.023999999999999e-05, 3.023999999999999e-05, 3.023999999999999e-05] 
PROD021_J 41 [9.215999999999996e-05, 5.183999999999999e-05, 5.183999999999999e-05, 5.183999999999999e-05, 0.99964864, 5.183999999999999e-05, 5.183999999999999e-05] 
PROD021_K 3 [0.00016127999999999995, 0.00043775999999999977, 0.99940096] 
PROD023A_DIRECTION J [0.00018143999999999997, 0.99981856] 
PROD023A_I 56 [0.9996693759999999, 7.257599999999998e-05, 7.257599999999998e-05, 7.257599999999998e-05, 0.00011289599999999998] 
PROD023A_J 16 [6.047999999999998e-05, 6.047999999999998e-05, 0.0004175999999999999, 0.99934048, 6.047999999999998e-05, 6.047999999999998e-05] 
PROD023A_K 3 [0.014917759999999993, 0.00016127999999999995, 0.98492096] 
PROD024A_I 57 [5.183999999999999e-05, 0.99968896, 5.183999999999999e-05, 5.183999999999999e-05, 5.183999999999999e-05, 5.183999999999999e-05, 5.183999999999999e-05] 
PROD024A_J 33 [0.99937072, 9.071999999999999e-05, 0.00044783999999999986, 9.071999999999999e-05] 
PROD024A_K 2 [0.00012095999999999997, 0.99940096, 0.0004780799999999997] 
PROD025A_DIRECTION J [0.00022175999999999996, 0.99977824] 
PROD025A_I 55 [6.047999999999998e-05, 0.9941008, 0.005657279999999997, 6.047999999999998e-05, 6.047999999999998e-05, 6.047999999999998e-05] 
PROD025A_J 21 [0.9996693759999999, 7.257599999999998e-05, 0.00011289599999999998, 7.257599999999998e-05, 7.257599999999998e-05] 
PROD025A_K 1 [0.99975808, 0.00012095999999999997, 0.00012095999999999997] 
PROD026_DIRECTION I [0.99981856, 0.00018143999999999997] 
PROD026_I 47 [7.257599999999998e-05, 7.257599999999998e-05, 0.999709696, 7.257599999999998e-05, 7.257599999999998e-05] 
PROD026_J 7 [5.183999999999999e-05, 5.183999999999999e-05, 0.0036518399999999986, 0.99604864, 5.183999999999999e-05, 5.183999999999999e-05, 9.215999999999996e-05] 
PROD026_K 1 [0.99975808, 0.00012095999999999997, 0.00012095999999999997] 
INJ006_I 52 [6.047999999999998e-05, 0.0005404799999999999, 6.047999999999998e-05, 0.9992176, 6.047999999999998e-05, 6.047999999999998e-05] 
INJ006_J 25 [4.535999999999999e-05, 4.535999999999999e-05, 4.535999999999999e-05, 4.535999999999999e-05, 0.99404536, 8.567999999999999e-05, 0.005162159999999999, 0.0005253599999999999] 
INJ006_K 12 [9.071999999999999e-05, 0.9996875199999999, 9.071999999999999e-05, 0.00013103999999999994] 
INJ010_DIRECTION I [0.99981856, 0.00018143999999999997] 
INJ010_I 72 [7.257599999999998e-05, 7.257599999999998e-05, 0.00038937599999999987, 0.00011289599999999998, 0.999352576] 
INJ010_J 32 [0.00038937599999999987, 0.998152576, 7.257599999999998e-05, 0.0013128959999999998, 7.257599999999998e-05] 
INJ010_K 8 [0.00013103999999999994, 0.9996875199999999, 9.071999999999999e-05, 9.071999999999999e-05] 
INJ017_DIRECTION I [0.99950176, 0.0004982399999999998] 
INJ017_I 38 [0.00010079999999999996, 0.0003772799999999999, 6.047999999999998e-05, 6.047999999999998e-05, 6.047999999999998e-05, 0.99934048] 
INJ017_J 14 [0.99964864, 5.183999999999999e-05, 5.183999999999999e-05, 5.183999999999999e-05, 5.183999999999999e-05, 9.215999999999996e-05, 5.183999999999999e-05] 
INJ017_K 8 [0.00038937599999999987, 0.9812725760000001, 7.257599999999998e-05, 0.0005928959999999999, 0.017672575999999992] 
INJ019_DIRECTION J [0.0009782399999999996, 0.99902176] 
INJ019_I 32 [6.047999999999998e-05, 6.047999999999998e-05, 6.047999999999998e-05, 0.0012604799999999996, 0.99845728, 0.00010079999999999996] 
INJ019_J 43 [0.99972784, 9.071999999999999e-05, 9.071999999999999e-05, 9.071999999999999e-05] 
INJ019_K 11 [9.071999999999999e-05, 0.99972784, 9.071999999999999e-05, 9.071999999999999e-05] 
INJ021_DIRECTION I [0.99977824, 0.00022175999999999996] 
INJ021_I 22 [4.031999999999999e-05, 0.99915712, 4.031999999999999e-05, 4.031999999999999e-05, 4.031999999999999e-05, 4.031999999999999e-05, 0.0005606399999999999, 4.031999999999999e-05, 4.031999999999999e-05] 
INJ021_J 29 [6.047999999999998e-05, 6.047999999999998e-05, 6.047999999999998e-05, 0.9977008, 0.0012604799999999996, 0.0008572799999999999] 
INJ021_K 16 [9.071999999999999e-05, 9.071999999999999e-05, 9.071999999999999e-05, 0.99972784] 
INJ022_DIRECTION J [0.0007017599999999998, 0.99929824] 
INJ022_I 65 [0.9996693759999999, 7.257599999999998e-05, 7.257599999999998e-05, 7.257599999999998e-05, 0.00011289599999999998] 
INJ022_J 26 [9.071999999999999e-05, 9.071999999999999e-05, 0.00013103999999999994, 0.9996875199999999] 
INJ022_K 12 [7.257599999999998e-05, 7.257599999999998e-05, 0.00011289599999999998, 0.998469376, 0.0012725759999999997] 
INJ023_DIRECTION J [0.0004982399999999998, 0.99950176] 
INJ023_I 41 [6.047999999999998e-05, 0.018140479999999994, 0.98006048, 0.0012604799999999996, 0.0004175999999999999, 6.047999999999998e-05] 
INJ023_J 19 [6.047999999999998e-05, 6.047999999999998e-05, 0.0003772799999999999, 6.047999999999998e-05, 6.047999999999998e-05, 0.9993808] 
INJ023_K 15 [0.00018143999999999997, 0.99981856] 
NA1A_CONSIDER 1 [0.00022175999999999996, 0.99977824] 

Elite 5 OF_MAX_VPL 2837361879.63
NA2_CONSIDER 0 [0.99981856, 0.00018143999999999997] 
NA3D_CONSIDER 1 [0.00022175999999999996, 0.99977824] 
PltPRDSTL_PltPRDSTO 22475 [3.628799999999999e-05, 0.998836288, 0.00035308799999999994, 7.660799999999998e-05, 3.628799999999999e-05, 0.000516288, 3.628799999999999e-05, 3.628799999999999e-05, 3.628799999999999e-05, 3.628799999999999e-05] 
PltPRDSTW 11160 [6.047999999999998e-05, 0.9991772800000001, 6.047999999999998e-05, 6.047999999999998e-05, 6.047999999999998e-05, 0.0005807999999999998] 
PltINJSTW 27125 [3.023999999999999e-05, 3.023999999999999e-05, 3.023999999999999e-05, 3.023999999999999e-05, 3.023999999999999e-05, 0.99811024, 3.023999999999999e-05, 3.023999999999999e-05, 0.0015470399999999997, 7.055999999999997e-05, 3.023999999999999e-05, 3.023999999999999e-05] 
PROD005_DIRECTION I [0.99981856, 0.00018143999999999997] 
PROD005_I 28 [0.00013103999999999994, 9.071999999999999e-05, 0.9996875199999999, 9.071999999999999e-05] 
PROD005_J 23 [4.535999999999999e-05, 4.535999999999999e-05, 4.535999999999999e-05, 0.0003621599999999999, 4.535999999999999e-05, 4.535999999999999e-05, 0.0017656799999999997, 0.99764536] 
PROD005_K 2 [0.00016127999999999995, 0.99971776, 0.00012095999999999997] 
PROD006_I 52 [9.071999999999999e-05, 0.9996875199999999, 9.071999999999999e-05, 0.00013103999999999994] 
PROD006_J 3 [0.00018143999999999997, 0.99981856] 
PROD007_I 63 [7.257599999999998e-05, 7.257599999999998e-05, 0.00011289599999999998, 7.257599999999998e-05, 0.9996693759999999] 
PROD007_J 12 [0.00012095999999999997, 0.004558079999999999, 0.99532096] 
PROD009_DIRECTION I [0.99977824, 0.00022175999999999996] 
PROD009_I 5 [0.983712896, 7.257599999999998e-05, 0.0017525759999999998, 0.014389375999999992, 7.257599999999998e-05] 
PROD009_J 40 [5.183999999999999e-05, 5.183999999999999e-05, 0.91844864, 5.183999999999999e-05, 9.215999999999996e-05, 0.08125183999999999, 5.183999999999999e-05] 
PROD009_K 3 [0.00012095999999999997, 0.0006009599999999999, 0.99927808] 
PROD010_DIRECTION I [0.99981856, 0.00018143999999999997] 
PROD010_I 30 [4.535999999999999e-05, 0.99768568, 4.535999999999999e-05, 0.0017253599999999994, 0.0003621599999999999, 4.535999999999999e-05, 4.535999999999999e-05, 4.535999999999999e-05] 
PROD010_J 34 [0.0008486399999999998, 5.183999999999999e-05, 5.183999999999999e-05, 5.183999999999999e-05, 0.99885184, 5.183999999999999e-05, 9.215999999999996e-05] 
PROD010_K 2 [0.00012095999999999997, 0.99975808, 0.00012095999999999997] 
PROD012_DIRECTION J [0.00018143999999999997, 0.99981856] 
PROD012_I 37 [0.99963712, 4.031999999999999e-05, 4.031999999999999e-05, 4.031999999999999e-05, 4.031999999999999e-05, 4.031999999999999e-05, 8.063999999999997e-05, 4.031999999999999e-05, 4.031999999999999e-05] 
PROD012_J 30 [0.9988329890909091, 3.29890909090909e-05, 3.29890909090909e-05, 3.29890909090909e-05, 3.29890909090909e-05, 3.29890909090909e-05, 3.29890909090909e-05, 7.33090909090909e-05, 3.29890909090909e-05, 0.0008297890909090908, 3.29890909090909e-05] 
PROD012_K 2 [0.004037759999999999, 0.99580096, 0.00016127999999999995] 
PROD014_DIRECTION I [0.99981856, 0.00018143999999999997] 
PROD014_I 46 [0.98036864, 5.183999999999999e-05, 0.01937215999999999, 5.183999999999999e-05, 5.183999999999999e-05, 5.183999999999999e-05, 5.183999999999999e-05] 
PROD014_J 41 [3.628799999999999e-05, 0.005356607999999998, 3.628799999999999e-05, 3.628799999999999e-05, 3.628799999999999e-05, 3.628799999999999e-05, 3.628799999999999e-05, 0.994353088, 3.628799999999999e-05, 3.628799999999999e-05] 
PROD014_K 3 [0.00012095999999999997, 0.00012095999999999997, 0.99975808] 
PROD021_DIRECTION I [0.99981856, 0.00018143999999999997] 
PROD021_I 18 [7.055999999999997e-05, 0.00531024, 3.023999999999999e-05, 3.023999999999999e-05, 0.99434704, 3.023999999999999e-05, 3.023999999999999e-05, 3.023999999999999e-05, 3.023999999999999e-05, 3.023999999999999e-05, 3.023999999999999e-05, 3.023999999999999e-05] 
PROD021_J 41 [9.215999999999996e-05, 5.183999999999999e-05, 5.183999999999999e-05, 5.183999999999999e-05, 0.99964864, 5.183999999999999e-05, 5.183999999999999e-05] 
PROD021_K 3 [0.00016127999999999995, 0.00043775999999999977, 0.99940096] 
PROD023A_DIRECTION J [0.00018143999999999997, 0.99981856] 
PROD023A_I 56 [0.9996693759999999, 7.257599999999998e-05, 7.257599999999998e-05, 7.257599999999998e-05, 0.00011289599999999998] 
PROD023A_J 16 [6.047999999999998e-05, 6.047999999999998e-05, 0.0004175999999999999, 0.99934048, 6.047999999999998e-05, 6.047999999999998e-05] 
PROD023A_K 3 [0.014917759999999993, 0.00016127999999999995, 0.98492096] 
PROD024A_I 57 [5.183999999999999e-05, 0.99968896, 5.183999999999999e-05, 5.183999999999999e-05, 5.183999999999999e-05, 5.183999999999999e-05, 5.183999999999999e-05] 
PROD024A_J 33 [0.99937072, 9.071999999999999e-05, 0.00044783999999999986, 9.071999999999999e-05] 
PROD024A_K 2 [0.00012095999999999997, 0.99940096, 0.0004780799999999997] 
PROD025A_DIRECTION J [0.00022175999999999996, 0.99977824] 
PROD025A_I 55 [6.047999999999998e-05, 0.9941008, 0.005657279999999997, 6.047999999999998e-05, 6.047999999999998e-05, 6.047999999999998e-05] 
PROD025A_J 21 [0.9996693759999999, 7.257599999999998e-05, 0.00011289599999999998, 7.257599999999998e-05, 7.257599999999998e-05] 
PROD025A_K 1 [0.99975808, 0.00012095999999999997, 0.00012095999999999997] 
PROD026_DIRECTION I [0.99981856, 0.00018143999999999997] 
PROD026_I 47 [7.257599999999998e-05, 7.257599999999998e-05, 0.999709696, 7.257599999999998e-05, 7.257599999999998e-05] 
PROD026_J 7 [5.183999999999999e-05, 5.183999999999999e-05, 0.0036518399999999986, 0.99604864, 5.183999999999999e-05, 5.183999999999999e-05, 9.215999999999996e-05] 
PROD026_K 1 [0.99975808, 0.00012095999999999997, 0.00012095999999999997] 
INJ006_I 52 [6.047999999999998e-05, 0.0005404799999999999, 6.047999999999998e-05, 0.9992176, 6.047999999999998e-05, 6.047999999999998e-05] 
INJ006_J 25 [4.535999999999999e-05, 4.535999999999999e-05, 4.535999999999999e-05, 4.535999999999999e-05, 0.99404536, 8.567999999999999e-05, 0.005162159999999999, 0.0005253599999999999] 
INJ006_K 12 [9.071999999999999e-05, 0.9996875199999999, 9.071999999999999e-05, 0.00013103999999999994] 
INJ010_DIRECTION I [0.99981856, 0.00018143999999999997] 
INJ010_I 72 [7.257599999999998e-05, 7.257599999999998e-05, 0.00038937599999999987, 0.00011289599999999998, 0.999352576] 
INJ010_J 32 [0.00038937599999999987, 0.998152576, 7.257599999999998e-05, 0.0013128959999999998, 7.257599999999998e-05] 
INJ010_K 8 [0.00013103999999999994, 0.9996875199999999, 9.071999999999999e-05, 9.071999999999999e-05] 
INJ017_DIRECTION I [0.99950176, 0.0004982399999999998] 
INJ017_I 38 [0.00010079999999999996, 0.0003772799999999999, 6.047999999999998e-05, 6.047999999999998e-05, 6.047999999999998e-05, 0.99934048] 
INJ017_J 14 [0.99964864, 5.183999999999999e-05, 5.183999999999999e-05, 5.183999999999999e-05, 5.183999999999999e-05, 9.215999999999996e-05, 5.183999999999999e-05] 
INJ017_K 8 [0.00038937599999999987, 0.9812725760000001, 7.257599999999998e-05, 0.0005928959999999999, 0.017672575999999992] 
INJ019_DIRECTION J [0.0009782399999999996, 0.99902176] 
INJ019_I 32 [6.047999999999998e-05, 6.047999999999998e-05, 6.047999999999998e-05, 0.0012604799999999996, 0.99845728, 0.00010079999999999996] 
INJ019_J 43 [0.99972784, 9.071999999999999e-05, 9.071999999999999e-05, 9.071999999999999e-05] 
INJ019_K 11 [9.071999999999999e-05, 0.99972784, 9.071999999999999e-05, 9.071999999999999e-05] 
INJ021_DIRECTION I [0.99977824, 0.00022175999999999996] 
INJ021_I 22 [4.031999999999999e-05, 0.99915712, 4.031999999999999e-05, 4.031999999999999e-05, 4.031999999999999e-05, 4.031999999999999e-05, 0.0005606399999999999, 4.031999999999999e-05, 4.031999999999999e-05] 
INJ021_J 29 [6.047999999999998e-05, 6.047999999999998e-05, 6.047999999999998e-05, 0.9977008, 0.0012604799999999996, 0.0008572799999999999] 
INJ021_K 16 [9.071999999999999e-05, 9.071999999999999e-05, 9.071999999999999e-05, 0.99972784] 
INJ022_DIRECTION J [0.0007017599999999998, 0.99929824] 
INJ022_I 65 [0.9996693759999999, 7.257599999999998e-05, 7.257599999999998e-05, 7.257599999999998e-05, 0.00011289599999999998] 
INJ022_J 26 [9.071999999999999e-05, 9.071999999999999e-05, 0.00013103999999999994, 0.9996875199999999] 
INJ022_K 12 [7.257599999999998e-05, 7.257599999999998e-05, 0.00011289599999999998, 0.998469376, 0.0012725759999999997] 
INJ023_DIRECTION J [0.0004982399999999998, 0.99950176] 
INJ023_I 41 [6.047999999999998e-05, 0.018140479999999994, 0.98006048, 0.0012604799999999996, 0.0004175999999999999, 6.047999999999998e-05] 
INJ023_J 19 [6.047999999999998e-05, 6.047999999999998e-05, 0.0003772799999999999, 6.047999999999998e-05, 6.047999999999998e-05, 0.9993808] 
INJ023_K 15 [0.00018143999999999997, 0.99981856] 
NA1A_CONSIDER 1 [0.00022175999999999996, 0.99977824] 

