Elite 1 OF_MAX_VPL 2838954949.05
NA2_CONSIDER 0 [0.99981856, 0.00018143999999999997] 
NA3D_CONSIDER 1 [0.00207744, 0.99792256] 
PltPRDSTL_PltPRDSTO 23250 [0.9993162879999999, 0.0002926079999999999, 3.628799999999999e-05, 3.628799999999999e-05, 3.628799999999999e-05, 3.628799999999999e-05, 0.00013708799999999997, 3.628799999999999e-05, 3.628799999999999e-05, 3.628799999999999e-05] 
PltPRDSTW 9765 [0.0003167999999999999, 0.0036604799999999985, 0.00016127999999999995, 0.99574048, 6.047999999999998e-05, 6.047999999999998e-05] 
PltINJSTW 30380 [3.023999999999999e-05, 0.003987359999999999, 0.99571024, 3.023999999999999e-05, 3.023999999999999e-05, 3.023999999999999e-05, 3.023999999999999e-05, 3.023999999999999e-05, 3.023999999999999e-05, 3.023999999999999e-05, 3.023999999999999e-05, 3.023999999999999e-05] 
PROD005_DIRECTION I [0.99799744, 0.00200256] 
PROD005_I 27 [9.071999999999999e-05, 0.99972784, 9.071999999999999e-05, 9.071999999999999e-05] 
PROD005_J 21 [0.00014616, 4.535999999999999e-05, 8.567999999999999e-05, 0.0019413599999999996, 4.535999999999999e-05, 0.99764536, 4.535999999999999e-05, 4.535999999999999e-05] 
PROD005_K 1 [0.99961696, 0.00016127999999999995, 0.00022175999999999996] 
PROD006_I 54 [0.9803470400000001, 0.00019151999999999993, 9.071999999999999e-05, 0.01937071999999999] 
PROD006_J 3 [0.00043775999999999977, 0.99956224] 
PROD007_I 60 [0.0017525759999999998, 0.998029696, 7.257599999999998e-05, 7.257599999999998e-05, 7.257599999999998e-05] 
PROD007_J 11 [0.00043775999999999977, 0.99944128, 0.00012095999999999997] 
PROD009_DIRECTION I [0.98221856, 0.017781439999999992] 
PROD009_I 6 [7.257599999999998e-05, 0.999608896, 0.000173376, 7.257599999999998e-05, 7.257599999999998e-05] 
PROD009_J 39 [5.183999999999999e-05, 0.99968896, 5.183999999999999e-05, 5.183999999999999e-05, 5.183999999999999e-05, 5.183999999999999e-05, 5.183999999999999e-05] 
PROD009_K 1 [0.99944128, 0.00043775999999999977, 0.00012095999999999997] 
PROD010_DIRECTION I [0.99981856, 0.00018143999999999997] 
PROD010_I 31 [4.535999999999999e-05, 4.535999999999999e-05, 0.99764536, 4.535999999999999e-05, 4.535999999999999e-05, 8.567999999999999e-05, 0.0019413599999999996, 0.00014616] 
PROD010_J 32 [5.183999999999999e-05, 5.183999999999999e-05, 0.99943264, 5.183999999999999e-05, 5.183999999999999e-05, 0.00026783999999999993, 9.215999999999996e-05] 
PROD010_K 1 [0.99965728, 0.00022175999999999996, 0.00012095999999999997] 
PROD012_DIRECTION J [0.00018143999999999997, 0.99981856] 
PROD012_I 37 [0.99957664, 4.031999999999999e-05, 4.031999999999999e-05, 4.031999999999999e-05, 4.031999999999999e-05, 0.00014111999999999995, 4.031999999999999e-05, 4.031999999999999e-05, 4.031999999999999e-05] 
PROD012_J 33 [3.29890909090909e-05, 3.29890909090909e-05, 3.29890909090909e-05, 0.9995693090909091, 3.29890909090909e-05, 3.29890909090909e-05, 3.29890909090909e-05, 0.00013378909090909087, 3.29890909090909e-05, 3.29890909090909e-05, 3.29890909090909e-05] 
PROD012_K 2 [0.00016127999999999995, 0.99971776, 0.00012095999999999997] 
PROD014_DIRECTION J [0.00018143999999999997, 0.99981856] 
PROD014_I 47 [5.183999999999999e-05, 0.99964864, 5.183999999999999e-05, 5.183999999999999e-05, 9.215999999999996e-05, 5.183999999999999e-05, 5.183999999999999e-05] 
PROD014_J 41 [0.00013708799999999997, 3.628799999999999e-05, 3.628799999999999e-05, 3.628799999999999e-05, 3.628799999999999e-05, 0.0002926079999999999, 3.628799999999999e-05, 0.9993162879999999, 3.628799999999999e-05, 3.628799999999999e-05] 
PROD014_K 3 [0.00012095999999999997, 0.0002620799999999999, 0.99961696] 
PROD021_DIRECTION J [0.00018143999999999997, 0.99981856] 
PROD021_I 16 [3.023999999999999e-05, 3.023999999999999e-05, 0.99952624, 7.055999999999997e-05, 0.00013103999999999994, 3.023999999999999e-05, 3.023999999999999e-05, 3.023999999999999e-05, 3.023999999999999e-05, 3.023999999999999e-05, 3.023999999999999e-05, 3.023999999999999e-05] 
PROD021_J 38 [5.183999999999999e-05, 0.99786784, 0.00019295999999999997, 5.183999999999999e-05, 5.183999999999999e-05, 5.183999999999999e-05, 0.0017318399999999995] 
PROD021_K 2 [0.00016127999999999995, 0.99961696, 0.00022175999999999996] 
PROD023A_DIRECTION I [0.99607744, 0.003922559999999999] 
PROD023A_I 59 [7.257599999999998e-05, 7.257599999999998e-05, 0.00011289599999999998, 0.9996693759999999, 7.257599999999998e-05] 
PROD023A_J 15 [6.047999999999998e-05, 0.00016127999999999995, 0.9993808, 0.00027647999999999995, 6.047999999999998e-05, 6.047999999999998e-05] 
PROD023A_K 1 [0.99965728, 0.00012095999999999997, 0.00022175999999999996] 
PROD024A_I 56 [0.99964864, 5.183999999999999e-05, 5.183999999999999e-05, 5.183999999999999e-05, 5.183999999999999e-05, 9.215999999999996e-05, 5.183999999999999e-05] 
PROD024A_J 33 [0.99941104, 0.00019151999999999993, 0.0003067199999999999, 9.071999999999999e-05] 
PROD024A_K 2 [0.00016127999999999995, 0.99940096, 0.00043775999999999977] 
PROD025A_DIRECTION J [0.00018143999999999997, 0.99981856] 
PROD025A_I 54 [0.99934048, 0.00027647999999999995, 6.047999999999998e-05, 0.00010079999999999996, 6.047999999999998e-05, 0.00016127999999999995] 
PROD025A_J 22 [0.00038937599999999987, 0.997672576, 7.257599999999998e-05, 0.0017928959999999998, 7.257599999999998e-05] 
PROD025A_K 2 [0.00016127999999999995, 0.99971776, 0.00012095999999999997] 
PROD026_DIRECTION I [0.99960256, 0.00039743999999999994] 
PROD026_I 45 [0.999352576, 7.257599999999998e-05, 7.257599999999998e-05, 0.00011289599999999998, 0.00038937599999999987] 
PROD026_J 6 [5.183999999999999e-05, 5.183999999999999e-05, 0.99943264, 9.215999999999996e-05, 5.183999999999999e-05, 0.00026783999999999993, 5.183999999999999e-05] 
PROD026_K 2 [0.016016959999999993, 0.98386208, 0.00012095999999999997] 
INJ006_I 51 [6.047999999999998e-05, 0.003916799999999999, 0.99584128, 6.047999999999998e-05, 6.047999999999998e-05, 6.047999999999998e-05] 
INJ006_J 26 [4.535999999999999e-05, 4.535999999999999e-05, 8.567999999999999e-05, 4.535999999999999e-05, 0.017645359999999992, 0.98182616, 4.535999999999999e-05, 0.00026136] 
INJ006_K 13 [9.071999999999999e-05, 9.071999999999999e-05, 0.99972784, 9.071999999999999e-05] 
INJ010_DIRECTION J [0.0003225599999999999, 0.99967744] 
INJ010_I 70 [0.09966937599999998, 7.257599999999998e-05, 0.900112896, 7.257599999999998e-05, 7.257599999999998e-05] 
INJ010_J 36 [7.257599999999998e-05, 7.257599999999998e-05, 7.257599999999998e-05, 0.999709696, 7.257599999999998e-05] 
INJ010_K 6 [0.99951184, 0.0003067199999999999, 9.071999999999999e-05, 9.071999999999999e-05] 
INJ017_DIRECTION I [0.99946144, 0.0005385599999999999] 
INJ017_I 34 [0.00016127999999999995, 6.047999999999998e-05, 0.00027647999999999995, 0.9993808, 6.047999999999998e-05, 6.047999999999998e-05] 
INJ017_J 18 [5.183999999999999e-05, 5.183999999999999e-05, 0.99943264, 9.215999999999996e-05, 5.183999999999999e-05, 5.183999999999999e-05, 0.00026783999999999993] 
INJ017_K 15 [0.014213695999999994, 7.257599999999998e-05, 7.257599999999998e-05, 0.985568576, 7.257599999999998e-05] 
INJ019_DIRECTION J [0.0004982399999999998, 0.99950176] 
INJ019_I 28 [6.047999999999998e-05, 0.0003772799999999999, 0.99934048, 0.00010079999999999996, 6.047999999999998e-05, 6.047999999999998e-05] 
INJ019_J 45 [0.00013103999999999994, 0.9996875199999999, 9.071999999999999e-05, 9.071999999999999e-05] 
INJ019_K 6 [0.99769072, 0.00013103999999999994, 0.0020875199999999994, 9.071999999999999e-05] 
INJ021_DIRECTION J [0.00018143999999999997, 0.99981856] 
INJ021_I 21 [0.99963712, 8.063999999999997e-05, 4.031999999999999e-05, 4.031999999999999e-05, 4.031999999999999e-05, 4.031999999999999e-05, 4.031999999999999e-05, 4.031999999999999e-05, 4.031999999999999e-05] 
INJ021_J 29 [0.00010079999999999996, 6.047999999999998e-05, 6.047999999999998e-05, 0.99934048, 0.0003772799999999999, 6.047999999999998e-05] 
INJ021_K 12 [9.071999999999999e-05, 9.071999999999999e-05, 0.99972784, 9.071999999999999e-05] 
INJ022_DIRECTION J [0.0021177599999999993, 0.99788224] 
INJ022_I 73 [7.257599999999998e-05, 0.0002885759999999999, 7.257599999999998e-05, 7.257599999999998e-05, 0.999493696] 
INJ022_J 22 [0.0003067199999999999, 0.99951184, 9.071999999999999e-05, 9.071999999999999e-05] 
INJ022_K 6 [0.999709696, 7.257599999999998e-05, 7.257599999999998e-05, 7.257599999999998e-05, 7.257599999999998e-05] 
INJ023_DIRECTION J [0.00018143999999999997, 0.99981856] 
INJ023_I 41 [6.047999999999998e-05, 0.00010079999999999996, 0.99944128, 6.047999999999998e-05, 0.00027647999999999995, 6.047999999999998e-05] 
INJ023_J 19 [6.047999999999998e-05, 6.047999999999998e-05, 0.005596799999999998, 6.047999999999998e-05, 6.047999999999998e-05, 0.99416128] 
INJ023_K 15 [0.00018143999999999997, 0.99981856] 
NA1A_CONSIDER 0 [0.99977824, 0.00022175999999999996] 

Elite 2 OF_MAX_VPL 2835873908.79
NA2_CONSIDER 0 [0.99981856, 0.00018143999999999997] 
NA3D_CONSIDER 1 [0.00207744, 0.99792256] 
PltPRDSTL_PltPRDSTO 23250 [0.9993162879999999, 0.0002926079999999999, 3.628799999999999e-05, 3.628799999999999e-05, 3.628799999999999e-05, 3.628799999999999e-05, 0.00013708799999999997, 3.628799999999999e-05, 3.628799999999999e-05, 3.628799999999999e-05] 
PltPRDSTW 9765 [0.0003167999999999999, 0.0036604799999999985, 0.00016127999999999995, 0.99574048, 6.047999999999998e-05, 6.047999999999998e-05] 
PltINJSTW 30380 [3.023999999999999e-05, 0.003987359999999999, 0.99571024, 3.023999999999999e-05, 3.023999999999999e-05, 3.023999999999999e-05, 3.023999999999999e-05, 3.023999999999999e-05, 3.023999999999999e-05, 3.023999999999999e-05, 3.023999999999999e-05, 3.023999999999999e-05] 
PROD005_DIRECTION I [0.99799744, 0.00200256] 
PROD005_I 27 [9.071999999999999e-05, 0.99972784, 9.071999999999999e-05, 9.071999999999999e-05] 
PROD005_J 21 [0.00014616, 4.535999999999999e-05, 8.567999999999999e-05, 0.0019413599999999996, 4.535999999999999e-05, 0.99764536, 4.535999999999999e-05, 4.535999999999999e-05] 
PROD005_K 1 [0.99961696, 0.00016127999999999995, 0.00022175999999999996] 
PROD006_I 51 [0.9803470400000001, 0.00019151999999999993, 9.071999999999999e-05, 0.01937071999999999] 
PROD006_J 3 [0.00043775999999999977, 0.99956224] 
PROD007_I 60 [0.0017525759999999998, 0.998029696, 7.257599999999998e-05, 7.257599999999998e-05, 7.257599999999998e-05] 
PROD007_J 11 [0.00043775999999999977, 0.99944128, 0.00012095999999999997] 
PROD009_DIRECTION I [0.98221856, 0.017781439999999992] 
PROD009_I 6 [7.257599999999998e-05, 0.999608896, 0.000173376, 7.257599999999998e-05, 7.257599999999998e-05] 
PROD009_J 39 [5.183999999999999e-05, 0.99968896, 5.183999999999999e-05, 5.183999999999999e-05, 5.183999999999999e-05, 5.183999999999999e-05, 5.183999999999999e-05] 
PROD009_K 1 [0.99944128, 0.00043775999999999977, 0.00012095999999999997] 
PROD010_DIRECTION I [0.99981856, 0.00018143999999999997] 
PROD010_I 31 [4.535999999999999e-05, 4.535999999999999e-05, 0.99764536, 4.535999999999999e-05, 4.535999999999999e-05, 8.567999999999999e-05, 0.0019413599999999996, 0.00014616] 
PROD010_J 32 [5.183999999999999e-05, 5.183999999999999e-05, 0.99943264, 5.183999999999999e-05, 5.183999999999999e-05, 0.00026783999999999993, 9.215999999999996e-05] 
PROD010_K 1 [0.99965728, 0.00022175999999999996, 0.00012095999999999997] 
PROD012_DIRECTION J [0.00018143999999999997, 0.99981856] 
PROD012_I 37 [0.99957664, 4.031999999999999e-05, 4.031999999999999e-05, 4.031999999999999e-05, 4.031999999999999e-05, 0.00014111999999999995, 4.031999999999999e-05, 4.031999999999999e-05, 4.031999999999999e-05] 
PROD012_J 33 [3.29890909090909e-05, 3.29890909090909e-05, 3.29890909090909e-05, 0.9995693090909091, 3.29890909090909e-05, 3.29890909090909e-05, 3.29890909090909e-05, 0.00013378909090909087, 3.29890909090909e-05, 3.29890909090909e-05, 3.29890909090909e-05] 
PROD012_K 2 [0.00016127999999999995, 0.99971776, 0.00012095999999999997] 
PROD014_DIRECTION J [0.00018143999999999997, 0.99981856] 
PROD014_I 47 [5.183999999999999e-05, 0.99964864, 5.183999999999999e-05, 5.183999999999999e-05, 9.215999999999996e-05, 5.183999999999999e-05, 5.183999999999999e-05] 
PROD014_J 41 [0.00013708799999999997, 3.628799999999999e-05, 3.628799999999999e-05, 3.628799999999999e-05, 3.628799999999999e-05, 0.0002926079999999999, 3.628799999999999e-05, 0.9993162879999999, 3.628799999999999e-05, 3.628799999999999e-05] 
PROD014_K 3 [0.00012095999999999997, 0.0002620799999999999, 0.99961696] 
PROD021_DIRECTION J [0.00018143999999999997, 0.99981856] 
PROD021_I 16 [3.023999999999999e-05, 3.023999999999999e-05, 0.99952624, 7.055999999999997e-05, 0.00013103999999999994, 3.023999999999999e-05, 3.023999999999999e-05, 3.023999999999999e-05, 3.023999999999999e-05, 3.023999999999999e-05, 3.023999999999999e-05, 3.023999999999999e-05] 
PROD021_J 38 [5.183999999999999e-05, 0.99786784, 0.00019295999999999997, 5.183999999999999e-05, 5.183999999999999e-05, 5.183999999999999e-05, 0.0017318399999999995] 
PROD021_K 2 [0.00016127999999999995, 0.99961696, 0.00022175999999999996] 
PROD023A_DIRECTION I [0.99607744, 0.003922559999999999] 
PROD023A_I 59 [7.257599999999998e-05, 7.257599999999998e-05, 0.00011289599999999998, 0.9996693759999999, 7.257599999999998e-05] 
PROD023A_J 15 [6.047999999999998e-05, 0.00016127999999999995, 0.9993808, 0.00027647999999999995, 6.047999999999998e-05, 6.047999999999998e-05] 
PROD023A_K 1 [0.99965728, 0.00012095999999999997, 0.00022175999999999996] 
PROD024A_I 56 [0.99964864, 5.183999999999999e-05, 5.183999999999999e-05, 5.183999999999999e-05, 5.183999999999999e-05, 9.215999999999996e-05, 5.183999999999999e-05] 
PROD024A_J 33 [0.99941104, 0.00019151999999999993, 0.0003067199999999999, 9.071999999999999e-05] 
PROD024A_K 2 [0.00016127999999999995, 0.99940096, 0.00043775999999999977] 
PROD025A_DIRECTION J [0.00018143999999999997, 0.99981856] 
PROD025A_I 54 [0.99934048, 0.00027647999999999995, 6.047999999999998e-05, 0.00010079999999999996, 6.047999999999998e-05, 0.00016127999999999995] 
PROD025A_J 22 [0.00038937599999999987, 0.997672576, 7.257599999999998e-05, 0.0017928959999999998, 7.257599999999998e-05] 
PROD025A_K 2 [0.00016127999999999995, 0.99971776, 0.00012095999999999997] 
PROD026_DIRECTION I [0.99960256, 0.00039743999999999994] 
PROD026_I 45 [0.999352576, 7.257599999999998e-05, 7.257599999999998e-05, 0.00011289599999999998, 0.00038937599999999987] 
PROD026_J 6 [5.183999999999999e-05, 5.183999999999999e-05, 0.99943264, 9.215999999999996e-05, 5.183999999999999e-05, 0.00026783999999999993, 5.183999999999999e-05] 
PROD026_K 2 [0.016016959999999993, 0.98386208, 0.00012095999999999997] 
INJ006_I 51 [6.047999999999998e-05, 0.003916799999999999, 0.99584128, 6.047999999999998e-05, 6.047999999999998e-05, 6.047999999999998e-05] 
INJ006_J 26 [4.535999999999999e-05, 4.535999999999999e-05, 8.567999999999999e-05, 4.535999999999999e-05, 0.017645359999999992, 0.98182616, 4.535999999999999e-05, 0.00026136] 
INJ006_K 13 [9.071999999999999e-05, 9.071999999999999e-05, 0.99972784, 9.071999999999999e-05] 
INJ010_DIRECTION J [0.0003225599999999999, 0.99967744] 
INJ010_I 70 [0.09966937599999998, 7.257599999999998e-05, 0.900112896, 7.257599999999998e-05, 7.257599999999998e-05] 
INJ010_J 36 [7.257599999999998e-05, 7.257599999999998e-05, 7.257599999999998e-05, 0.999709696, 7.257599999999998e-05] 
INJ010_K 6 [0.99951184, 0.0003067199999999999, 9.071999999999999e-05, 9.071999999999999e-05] 
INJ017_DIRECTION I [0.99946144, 0.0005385599999999999] 
INJ017_I 34 [0.00016127999999999995, 6.047999999999998e-05, 0.00027647999999999995, 0.9993808, 6.047999999999998e-05, 6.047999999999998e-05] 
INJ017_J 18 [5.183999999999999e-05, 5.183999999999999e-05, 0.99943264, 9.215999999999996e-05, 5.183999999999999e-05, 5.183999999999999e-05, 0.00026783999999999993] 
INJ017_K 15 [0.014213695999999994, 7.257599999999998e-05, 7.257599999999998e-05, 0.985568576, 7.257599999999998e-05] 
INJ019_DIRECTION J [0.0004982399999999998, 0.99950176] 
INJ019_I 28 [6.047999999999998e-05, 0.0003772799999999999, 0.99934048, 0.00010079999999999996, 6.047999999999998e-05, 6.047999999999998e-05] 
INJ019_J 45 [0.00013103999999999994, 0.9996875199999999, 9.071999999999999e-05, 9.071999999999999e-05] 
INJ019_K 6 [0.99769072, 0.00013103999999999994, 0.0020875199999999994, 9.071999999999999e-05] 
INJ021_DIRECTION J [0.00018143999999999997, 0.99981856] 
INJ021_I 21 [0.99963712, 8.063999999999997e-05, 4.031999999999999e-05, 4.031999999999999e-05, 4.031999999999999e-05, 4.031999999999999e-05, 4.031999999999999e-05, 4.031999999999999e-05, 4.031999999999999e-05] 
INJ021_J 29 [0.00010079999999999996, 6.047999999999998e-05, 6.047999999999998e-05, 0.99934048, 0.0003772799999999999, 6.047999999999998e-05] 
INJ021_K 12 [9.071999999999999e-05, 9.071999999999999e-05, 0.99972784, 9.071999999999999e-05] 
INJ022_DIRECTION J [0.0021177599999999993, 0.99788224] 
INJ022_I 73 [7.257599999999998e-05, 0.0002885759999999999, 7.257599999999998e-05, 7.257599999999998e-05, 0.999493696] 
INJ022_J 22 [0.0003067199999999999, 0.99951184, 9.071999999999999e-05, 9.071999999999999e-05] 
INJ022_K 6 [0.999709696, 7.257599999999998e-05, 7.257599999999998e-05, 7.257599999999998e-05, 7.257599999999998e-05] 
INJ023_DIRECTION J [0.00018143999999999997, 0.99981856] 
INJ023_I 41 [6.047999999999998e-05, 0.00010079999999999996, 0.99944128, 6.047999999999998e-05, 0.00027647999999999995, 6.047999999999998e-05] 
INJ023_J 19 [6.047999999999998e-05, 6.047999999999998e-05, 0.005596799999999998, 6.047999999999998e-05, 6.047999999999998e-05, 0.99416128] 
INJ023_K 15 [0.00018143999999999997, 0.99981856] 
NA1A_CONSIDER 0 [0.99977824, 0.00022175999999999996] 

Elite 3 OF_MAX_VPL 2835873908.79
NA2_CONSIDER 0 [0.99981856, 0.00018143999999999997] 
NA3D_CONSIDER 1 [0.00207744, 0.99792256] 
PltPRDSTL_PltPRDSTO 23250 [0.9993162879999999, 0.0002926079999999999, 3.628799999999999e-05, 3.628799999999999e-05, 3.628799999999999e-05, 3.628799999999999e-05, 0.00013708799999999997, 3.628799999999999e-05, 3.628799999999999e-05, 3.628799999999999e-05] 
PltPRDSTW 9765 [0.0003167999999999999, 0.0036604799999999985, 0.00016127999999999995, 0.99574048, 6.047999999999998e-05, 6.047999999999998e-05] 
PltINJSTW 30380 [3.023999999999999e-05, 0.003987359999999999, 0.99571024, 3.023999999999999e-05, 3.023999999999999e-05, 3.023999999999999e-05, 3.023999999999999e-05, 3.023999999999999e-05, 3.023999999999999e-05, 3.023999999999999e-05, 3.023999999999999e-05, 3.023999999999999e-05] 
PROD005_DIRECTION I [0.99799744, 0.00200256] 
PROD005_I 27 [9.071999999999999e-05, 0.99972784, 9.071999999999999e-05, 9.071999999999999e-05] 
PROD005_J 21 [0.00014616, 4.535999999999999e-05, 8.567999999999999e-05, 0.0019413599999999996, 4.535999999999999e-05, 0.99764536, 4.535999999999999e-05, 4.535999999999999e-05] 
PROD005_K 1 [0.99961696, 0.00016127999999999995, 0.00022175999999999996] 
PROD006_I 51 [0.9803470400000001, 0.00019151999999999993, 9.071999999999999e-05, 0.01937071999999999] 
PROD006_J 3 [0.00043775999999999977, 0.99956224] 
PROD007_I 60 [0.0017525759999999998, 0.998029696, 7.257599999999998e-05, 7.257599999999998e-05, 7.257599999999998e-05] 
PROD007_J 11 [0.00043775999999999977, 0.99944128, 0.00012095999999999997] 
PROD009_DIRECTION I [0.98221856, 0.017781439999999992] 
PROD009_I 6 [7.257599999999998e-05, 0.999608896, 0.000173376, 7.257599999999998e-05, 7.257599999999998e-05] 
PROD009_J 39 [5.183999999999999e-05, 0.99968896, 5.183999999999999e-05, 5.183999999999999e-05, 5.183999999999999e-05, 5.183999999999999e-05, 5.183999999999999e-05] 
PROD009_K 1 [0.99944128, 0.00043775999999999977, 0.00012095999999999997] 
PROD010_DIRECTION I [0.99981856, 0.00018143999999999997] 
PROD010_I 31 [4.535999999999999e-05, 4.535999999999999e-05, 0.99764536, 4.535999999999999e-05, 4.535999999999999e-05, 8.567999999999999e-05, 0.0019413599999999996, 0.00014616] 
PROD010_J 32 [5.183999999999999e-05, 5.183999999999999e-05, 0.99943264, 5.183999999999999e-05, 5.183999999999999e-05, 0.00026783999999999993, 9.215999999999996e-05] 
PROD010_K 1 [0.99965728, 0.00022175999999999996, 0.00012095999999999997] 
PROD012_DIRECTION J [0.00018143999999999997, 0.99981856] 
PROD012_I 37 [0.99957664, 4.031999999999999e-05, 4.031999999999999e-05, 4.031999999999999e-05, 4.031999999999999e-05, 0.00014111999999999995, 4.031999999999999e-05, 4.031999999999999e-05, 4.031999999999999e-05] 
PROD012_J 33 [3.29890909090909e-05, 3.29890909090909e-05, 3.29890909090909e-05, 0.9995693090909091, 3.29890909090909e-05, 3.29890909090909e-05, 3.29890909090909e-05, 0.00013378909090909087, 3.29890909090909e-05, 3.29890909090909e-05, 3.29890909090909e-05] 
PROD012_K 2 [0.00016127999999999995, 0.99971776, 0.00012095999999999997] 
PROD014_DIRECTION J [0.00018143999999999997, 0.99981856] 
PROD014_I 47 [5.183999999999999e-05, 0.99964864, 5.183999999999999e-05, 5.183999999999999e-05, 9.215999999999996e-05, 5.183999999999999e-05, 5.183999999999999e-05] 
PROD014_J 41 [0.00013708799999999997, 3.628799999999999e-05, 3.628799999999999e-05, 3.628799999999999e-05, 3.628799999999999e-05, 0.0002926079999999999, 3.628799999999999e-05, 0.9993162879999999, 3.628799999999999e-05, 3.628799999999999e-05] 
PROD014_K 3 [0.00012095999999999997, 0.0002620799999999999, 0.99961696] 
PROD021_DIRECTION J [0.00018143999999999997, 0.99981856] 
PROD021_I 16 [3.023999999999999e-05, 3.023999999999999e-05, 0.99952624, 7.055999999999997e-05, 0.00013103999999999994, 3.023999999999999e-05, 3.023999999999999e-05, 3.023999999999999e-05, 3.023999999999999e-05, 3.023999999999999e-05, 3.023999999999999e-05, 3.023999999999999e-05] 
PROD021_J 38 [5.183999999999999e-05, 0.99786784, 0.00019295999999999997, 5.183999999999999e-05, 5.183999999999999e-05, 5.183999999999999e-05, 0.0017318399999999995] 
PROD021_K 2 [0.00016127999999999995, 0.99961696, 0.00022175999999999996] 
PROD023A_DIRECTION I [0.99607744, 0.003922559999999999] 
PROD023A_I 59 [7.257599999999998e-05, 7.257599999999998e-05, 0.00011289599999999998, 0.9996693759999999, 7.257599999999998e-05] 
PROD023A_J 15 [6.047999999999998e-05, 0.00016127999999999995, 0.9993808, 0.00027647999999999995, 6.047999999999998e-05, 6.047999999999998e-05] 
PROD023A_K 1 [0.99965728, 0.00012095999999999997, 0.00022175999999999996] 
PROD024A_I 56 [0.99964864, 5.183999999999999e-05, 5.183999999999999e-05, 5.183999999999999e-05, 5.183999999999999e-05, 9.215999999999996e-05, 5.183999999999999e-05] 
PROD024A_J 33 [0.99941104, 0.00019151999999999993, 0.0003067199999999999, 9.071999999999999e-05] 
PROD024A_K 2 [0.00016127999999999995, 0.99940096, 0.00043775999999999977] 
PROD025A_DIRECTION J [0.00018143999999999997, 0.99981856] 
PROD025A_I 54 [0.99934048, 0.00027647999999999995, 6.047999999999998e-05, 0.00010079999999999996, 6.047999999999998e-05, 0.00016127999999999995] 
PROD025A_J 22 [0.00038937599999999987, 0.997672576, 7.257599999999998e-05, 0.0017928959999999998, 7.257599999999998e-05] 
PROD025A_K 2 [0.00016127999999999995, 0.99971776, 0.00012095999999999997] 
PROD026_DIRECTION I [0.99960256, 0.00039743999999999994] 
PROD026_I 45 [0.999352576, 7.257599999999998e-05, 7.257599999999998e-05, 0.00011289599999999998, 0.00038937599999999987] 
PROD026_J 6 [5.183999999999999e-05, 5.183999999999999e-05, 0.99943264, 9.215999999999996e-05, 5.183999999999999e-05, 0.00026783999999999993, 5.183999999999999e-05] 
PROD026_K 2 [0.016016959999999993, 0.98386208, 0.00012095999999999997] 
INJ006_I 51 [6.047999999999998e-05, 0.003916799999999999, 0.99584128, 6.047999999999998e-05, 6.047999999999998e-05, 6.047999999999998e-05] 
INJ006_J 26 [4.535999999999999e-05, 4.535999999999999e-05, 8.567999999999999e-05, 4.535999999999999e-05, 0.017645359999999992, 0.98182616, 4.535999999999999e-05, 0.00026136] 
INJ006_K 13 [9.071999999999999e-05, 9.071999999999999e-05, 0.99972784, 9.071999999999999e-05] 
INJ010_DIRECTION J [0.0003225599999999999, 0.99967744] 
INJ010_I 70 [0.09966937599999998, 7.257599999999998e-05, 0.900112896, 7.257599999999998e-05, 7.257599999999998e-05] 
INJ010_J 36 [7.257599999999998e-05, 7.257599999999998e-05, 7.257599999999998e-05, 0.999709696, 7.257599999999998e-05] 
INJ010_K 6 [0.99951184, 0.0003067199999999999, 9.071999999999999e-05, 9.071999999999999e-05] 
INJ017_DIRECTION I [0.99946144, 0.0005385599999999999] 
INJ017_I 34 [0.00016127999999999995, 6.047999999999998e-05, 0.00027647999999999995, 0.9993808, 6.047999999999998e-05, 6.047999999999998e-05] 
INJ017_J 18 [5.183999999999999e-05, 5.183999999999999e-05, 0.99943264, 9.215999999999996e-05, 5.183999999999999e-05, 5.183999999999999e-05, 0.00026783999999999993] 
INJ017_K 15 [0.014213695999999994, 7.257599999999998e-05, 7.257599999999998e-05, 0.985568576, 7.257599999999998e-05] 
INJ019_DIRECTION J [0.0004982399999999998, 0.99950176] 
INJ019_I 28 [6.047999999999998e-05, 0.0003772799999999999, 0.99934048, 0.00010079999999999996, 6.047999999999998e-05, 6.047999999999998e-05] 
INJ019_J 45 [0.00013103999999999994, 0.9996875199999999, 9.071999999999999e-05, 9.071999999999999e-05] 
INJ019_K 6 [0.99769072, 0.00013103999999999994, 0.0020875199999999994, 9.071999999999999e-05] 
INJ021_DIRECTION J [0.00018143999999999997, 0.99981856] 
INJ021_I 21 [0.99963712, 8.063999999999997e-05, 4.031999999999999e-05, 4.031999999999999e-05, 4.031999999999999e-05, 4.031999999999999e-05, 4.031999999999999e-05, 4.031999999999999e-05, 4.031999999999999e-05] 
INJ021_J 29 [0.00010079999999999996, 6.047999999999998e-05, 6.047999999999998e-05, 0.99934048, 0.0003772799999999999, 6.047999999999998e-05] 
INJ021_K 12 [9.071999999999999e-05, 9.071999999999999e-05, 0.99972784, 9.071999999999999e-05] 
INJ022_DIRECTION J [0.0021177599999999993, 0.99788224] 
INJ022_I 73 [7.257599999999998e-05, 0.0002885759999999999, 7.257599999999998e-05, 7.257599999999998e-05, 0.999493696] 
INJ022_J 22 [0.0003067199999999999, 0.99951184, 9.071999999999999e-05, 9.071999999999999e-05] 
INJ022_K 6 [0.999709696, 7.257599999999998e-05, 7.257599999999998e-05, 7.257599999999998e-05, 7.257599999999998e-05] 
INJ023_DIRECTION J [0.00018143999999999997, 0.99981856] 
INJ023_I 41 [6.047999999999998e-05, 0.00010079999999999996, 0.99944128, 6.047999999999998e-05, 0.00027647999999999995, 6.047999999999998e-05] 
INJ023_J 19 [6.047999999999998e-05, 6.047999999999998e-05, 0.005596799999999998, 6.047999999999998e-05, 6.047999999999998e-05, 0.99416128] 
INJ023_K 15 [0.00018143999999999997, 0.99981856] 
NA1A_CONSIDER 0 [0.99977824, 0.00022175999999999996] 

Elite 4 OF_MAX_VPL 2835873908.79
NA2_CONSIDER 0 [0.99981856, 0.00018143999999999997] 
NA3D_CONSIDER 1 [0.00207744, 0.99792256] 
PltPRDSTL_PltPRDSTO 23250 [0.9993162879999999, 0.0002926079999999999, 3.628799999999999e-05, 3.628799999999999e-05, 3.628799999999999e-05, 3.628799999999999e-05, 0.00013708799999999997, 3.628799999999999e-05, 3.628799999999999e-05, 3.628799999999999e-05] 
PltPRDSTW 9765 [0.0003167999999999999, 0.0036604799999999985, 0.00016127999999999995, 0.99574048, 6.047999999999998e-05, 6.047999999999998e-05] 
PltINJSTW 30380 [3.023999999999999e-05, 0.003987359999999999, 0.99571024, 3.023999999999999e-05, 3.023999999999999e-05, 3.023999999999999e-05, 3.023999999999999e-05, 3.023999999999999e-05, 3.023999999999999e-05, 3.023999999999999e-05, 3.023999999999999e-05, 3.023999999999999e-05] 
PROD005_DIRECTION I [0.99799744, 0.00200256] 
PROD005_I 27 [9.071999999999999e-05, 0.99972784, 9.071999999999999e-05, 9.071999999999999e-05] 
PROD005_J 21 [0.00014616, 4.535999999999999e-05, 8.567999999999999e-05, 0.0019413599999999996, 4.535999999999999e-05, 0.99764536, 4.535999999999999e-05, 4.535999999999999e-05] 
PROD005_K 1 [0.99961696, 0.00016127999999999995, 0.00022175999999999996] 
PROD006_I 51 [0.9803470400000001, 0.00019151999999999993, 9.071999999999999e-05, 0.01937071999999999] 
PROD006_J 3 [0.00043775999999999977, 0.99956224] 
PROD007_I 60 [0.0017525759999999998, 0.998029696, 7.257599999999998e-05, 7.257599999999998e-05, 7.257599999999998e-05] 
PROD007_J 11 [0.00043775999999999977, 0.99944128, 0.00012095999999999997] 
PROD009_DIRECTION I [0.98221856, 0.017781439999999992] 
PROD009_I 6 [7.257599999999998e-05, 0.999608896, 0.000173376, 7.257599999999998e-05, 7.257599999999998e-05] 
PROD009_J 39 [5.183999999999999e-05, 0.99968896, 5.183999999999999e-05, 5.183999999999999e-05, 5.183999999999999e-05, 5.183999999999999e-05, 5.183999999999999e-05] 
PROD009_K 1 [0.99944128, 0.00043775999999999977, 0.00012095999999999997] 
PROD010_DIRECTION I [0.99981856, 0.00018143999999999997] 
PROD010_I 31 [4.535999999999999e-05, 4.535999999999999e-05, 0.99764536, 4.535999999999999e-05, 4.535999999999999e-05, 8.567999999999999e-05, 0.0019413599999999996, 0.00014616] 
PROD010_J 32 [5.183999999999999e-05, 5.183999999999999e-05, 0.99943264, 5.183999999999999e-05, 5.183999999999999e-05, 0.00026783999999999993, 9.215999999999996e-05] 
PROD010_K 1 [0.99965728, 0.00022175999999999996, 0.00012095999999999997] 
PROD012_DIRECTION J [0.00018143999999999997, 0.99981856] 
PROD012_I 37 [0.99957664, 4.031999999999999e-05, 4.031999999999999e-05, 4.031999999999999e-05, 4.031999999999999e-05, 0.00014111999999999995, 4.031999999999999e-05, 4.031999999999999e-05, 4.031999999999999e-05] 
PROD012_J 33 [3.29890909090909e-05, 3.29890909090909e-05, 3.29890909090909e-05, 0.9995693090909091, 3.29890909090909e-05, 3.29890909090909e-05, 3.29890909090909e-05, 0.00013378909090909087, 3.29890909090909e-05, 3.29890909090909e-05, 3.29890909090909e-05] 
PROD012_K 2 [0.00016127999999999995, 0.99971776, 0.00012095999999999997] 
PROD014_DIRECTION J [0.00018143999999999997, 0.99981856] 
PROD014_I 47 [5.183999999999999e-05, 0.99964864, 5.183999999999999e-05, 5.183999999999999e-05, 9.215999999999996e-05, 5.183999999999999e-05, 5.183999999999999e-05] 
PROD014_J 41 [0.00013708799999999997, 3.628799999999999e-05, 3.628799999999999e-05, 3.628799999999999e-05, 3.628799999999999e-05, 0.0002926079999999999, 3.628799999999999e-05, 0.9993162879999999, 3.628799999999999e-05, 3.628799999999999e-05] 
PROD014_K 3 [0.00012095999999999997, 0.0002620799999999999, 0.99961696] 
PROD021_DIRECTION J [0.00018143999999999997, 0.99981856] 
PROD021_I 16 [3.023999999999999e-05, 3.023999999999999e-05, 0.99952624, 7.055999999999997e-05, 0.00013103999999999994, 3.023999999999999e-05, 3.023999999999999e-05, 3.023999999999999e-05, 3.023999999999999e-05, 3.023999999999999e-05, 3.023999999999999e-05, 3.023999999999999e-05] 
PROD021_J 38 [5.183999999999999e-05, 0.99786784, 0.00019295999999999997, 5.183999999999999e-05, 5.183999999999999e-05, 5.183999999999999e-05, 0.0017318399999999995] 
PROD021_K 2 [0.00016127999999999995, 0.99961696, 0.00022175999999999996] 
PROD023A_DIRECTION I [0.99607744, 0.003922559999999999] 
PROD023A_I 59 [7.257599999999998e-05, 7.257599999999998e-05, 0.00011289599999999998, 0.9996693759999999, 7.257599999999998e-05] 
PROD023A_J 15 [6.047999999999998e-05, 0.00016127999999999995, 0.9993808, 0.00027647999999999995, 6.047999999999998e-05, 6.047999999999998e-05] 
PROD023A_K 1 [0.99965728, 0.00012095999999999997, 0.00022175999999999996] 
PROD024A_I 56 [0.99964864, 5.183999999999999e-05, 5.183999999999999e-05, 5.183999999999999e-05, 5.183999999999999e-05, 9.215999999999996e-05, 5.183999999999999e-05] 
PROD024A_J 33 [0.99941104, 0.00019151999999999993, 0.0003067199999999999, 9.071999999999999e-05] 
PROD024A_K 2 [0.00016127999999999995, 0.99940096, 0.00043775999999999977] 
PROD025A_DIRECTION J [0.00018143999999999997, 0.99981856] 
PROD025A_I 54 [0.99934048, 0.00027647999999999995, 6.047999999999998e-05, 0.00010079999999999996, 6.047999999999998e-05, 0.00016127999999999995] 
PROD025A_J 22 [0.00038937599999999987, 0.997672576, 7.257599999999998e-05, 0.0017928959999999998, 7.257599999999998e-05] 
PROD025A_K 2 [0.00016127999999999995, 0.99971776, 0.00012095999999999997] 
PROD026_DIRECTION I [0.99960256, 0.00039743999999999994] 
PROD026_I 45 [0.999352576, 7.257599999999998e-05, 7.257599999999998e-05, 0.00011289599999999998, 0.00038937599999999987] 
PROD026_J 6 [5.183999999999999e-05, 5.183999999999999e-05, 0.99943264, 9.215999999999996e-05, 5.183999999999999e-05, 0.00026783999999999993, 5.183999999999999e-05] 
PROD026_K 2 [0.016016959999999993, 0.98386208, 0.00012095999999999997] 
INJ006_I 51 [6.047999999999998e-05, 0.003916799999999999, 0.99584128, 6.047999999999998e-05, 6.047999999999998e-05, 6.047999999999998e-05] 
INJ006_J 26 [4.535999999999999e-05, 4.535999999999999e-05, 8.567999999999999e-05, 4.535999999999999e-05, 0.017645359999999992, 0.98182616, 4.535999999999999e-05, 0.00026136] 
INJ006_K 13 [9.071999999999999e-05, 9.071999999999999e-05, 0.99972784, 9.071999999999999e-05] 
INJ010_DIRECTION J [0.0003225599999999999, 0.99967744] 
INJ010_I 70 [0.09966937599999998, 7.257599999999998e-05, 0.900112896, 7.257599999999998e-05, 7.257599999999998e-05] 
INJ010_J 36 [7.257599999999998e-05, 7.257599999999998e-05, 7.257599999999998e-05, 0.999709696, 7.257599999999998e-05] 
INJ010_K 6 [0.99951184, 0.0003067199999999999, 9.071999999999999e-05, 9.071999999999999e-05] 
INJ017_DIRECTION I [0.99946144, 0.0005385599999999999] 
INJ017_I 34 [0.00016127999999999995, 6.047999999999998e-05, 0.00027647999999999995, 0.9993808, 6.047999999999998e-05, 6.047999999999998e-05] 
INJ017_J 18 [5.183999999999999e-05, 5.183999999999999e-05, 0.99943264, 9.215999999999996e-05, 5.183999999999999e-05, 5.183999999999999e-05, 0.00026783999999999993] 
INJ017_K 15 [0.014213695999999994, 7.257599999999998e-05, 7.257599999999998e-05, 0.985568576, 7.257599999999998e-05] 
INJ019_DIRECTION J [0.0004982399999999998, 0.99950176] 
INJ019_I 28 [6.047999999999998e-05, 0.0003772799999999999, 0.99934048, 0.00010079999999999996, 6.047999999999998e-05, 6.047999999999998e-05] 
INJ019_J 45 [0.00013103999999999994, 0.9996875199999999, 9.071999999999999e-05, 9.071999999999999e-05] 
INJ019_K 6 [0.99769072, 0.00013103999999999994, 0.0020875199999999994, 9.071999999999999e-05] 
INJ021_DIRECTION J [0.00018143999999999997, 0.99981856] 
INJ021_I 21 [0.99963712, 8.063999999999997e-05, 4.031999999999999e-05, 4.031999999999999e-05, 4.031999999999999e-05, 4.031999999999999e-05, 4.031999999999999e-05, 4.031999999999999e-05, 4.031999999999999e-05] 
INJ021_J 29 [0.00010079999999999996, 6.047999999999998e-05, 6.047999999999998e-05, 0.99934048, 0.0003772799999999999, 6.047999999999998e-05] 
INJ021_K 12 [9.071999999999999e-05, 9.071999999999999e-05, 0.99972784, 9.071999999999999e-05] 
INJ022_DIRECTION J [0.0021177599999999993, 0.99788224] 
INJ022_I 73 [7.257599999999998e-05, 0.0002885759999999999, 7.257599999999998e-05, 7.257599999999998e-05, 0.999493696] 
INJ022_J 22 [0.0003067199999999999, 0.99951184, 9.071999999999999e-05, 9.071999999999999e-05] 
INJ022_K 6 [0.999709696, 7.257599999999998e-05, 7.257599999999998e-05, 7.257599999999998e-05, 7.257599999999998e-05] 
INJ023_DIRECTION J [0.00018143999999999997, 0.99981856] 
INJ023_I 41 [6.047999999999998e-05, 0.00010079999999999996, 0.99944128, 6.047999999999998e-05, 0.00027647999999999995, 6.047999999999998e-05] 
INJ023_J 19 [6.047999999999998e-05, 6.047999999999998e-05, 0.005596799999999998, 6.047999999999998e-05, 6.047999999999998e-05, 0.99416128] 
INJ023_K 15 [0.00018143999999999997, 0.99981856] 
NA1A_CONSIDER 0 [0.99977824, 0.00022175999999999996] 

Elite 5 OF_MAX_VPL 2835873908.79
NA2_CONSIDER 0 [0.99981856, 0.00018143999999999997] 
NA3D_CONSIDER 1 [0.00207744, 0.99792256] 
PltPRDSTL_PltPRDSTO 23250 [0.9993162879999999, 0.0002926079999999999, 3.628799999999999e-05, 3.628799999999999e-05, 3.628799999999999e-05, 3.628799999999999e-05, 0.00013708799999999997, 3.628799999999999e-05, 3.628799999999999e-05, 3.628799999999999e-05] 
PltPRDSTW 9765 [0.0003167999999999999, 0.0036604799999999985, 0.00016127999999999995, 0.99574048, 6.047999999999998e-05, 6.047999999999998e-05] 
PltINJSTW 30380 [3.023999999999999e-05, 0.003987359999999999, 0.99571024, 3.023999999999999e-05, 3.023999999999999e-05, 3.023999999999999e-05, 3.023999999999999e-05, 3.023999999999999e-05, 3.023999999999999e-05, 3.023999999999999e-05, 3.023999999999999e-05, 3.023999999999999e-05] 
PROD005_DIRECTION I [0.99799744, 0.00200256] 
PROD005_I 27 [9.071999999999999e-05, 0.99972784, 9.071999999999999e-05, 9.071999999999999e-05] 
PROD005_J 21 [0.00014616, 4.535999999999999e-05, 8.567999999999999e-05, 0.0019413599999999996, 4.535999999999999e-05, 0.99764536, 4.535999999999999e-05, 4.535999999999999e-05] 
PROD005_K 1 [0.99961696, 0.00016127999999999995, 0.00022175999999999996] 
PROD006_I 51 [0.9803470400000001, 0.00019151999999999993, 9.071999999999999e-05, 0.01937071999999999] 
PROD006_J 3 [0.00043775999999999977, 0.99956224] 
PROD007_I 60 [0.0017525759999999998, 0.998029696, 7.257599999999998e-05, 7.257599999999998e-05, 7.257599999999998e-05] 
PROD007_J 11 [0.00043775999999999977, 0.99944128, 0.00012095999999999997] 
PROD009_DIRECTION I [0.98221856, 0.017781439999999992] 
PROD009_I 6 [7.257599999999998e-05, 0.999608896, 0.000173376, 7.257599999999998e-05, 7.257599999999998e-05] 
PROD009_J 39 [5.183999999999999e-05, 0.99968896, 5.183999999999999e-05, 5.183999999999999e-05, 5.183999999999999e-05, 5.183999999999999e-05, 5.183999999999999e-05] 
PROD009_K 1 [0.99944128, 0.00043775999999999977, 0.00012095999999999997] 
PROD010_DIRECTION I [0.99981856, 0.00018143999999999997] 
PROD010_I 31 [4.535999999999999e-05, 4.535999999999999e-05, 0.99764536, 4.535999999999999e-05, 4.535999999999999e-05, 8.567999999999999e-05, 0.0019413599999999996, 0.00014616] 
PROD010_J 32 [5.183999999999999e-05, 5.183999999999999e-05, 0.99943264, 5.183999999999999e-05, 5.183999999999999e-05, 0.00026783999999999993, 9.215999999999996e-05] 
PROD010_K 1 [0.99965728, 0.00022175999999999996, 0.00012095999999999997] 
PROD012_DIRECTION J [0.00018143999999999997, 0.99981856] 
PROD012_I 37 [0.99957664, 4.031999999999999e-05, 4.031999999999999e-05, 4.031999999999999e-05, 4.031999999999999e-05, 0.00014111999999999995, 4.031999999999999e-05, 4.031999999999999e-05, 4.031999999999999e-05] 
PROD012_J 33 [3.29890909090909e-05, 3.29890909090909e-05, 3.29890909090909e-05, 0.9995693090909091, 3.29890909090909e-05, 3.29890909090909e-05, 3.29890909090909e-05, 0.00013378909090909087, 3.29890909090909e-05, 3.29890909090909e-05, 3.29890909090909e-05] 
PROD012_K 2 [0.00016127999999999995, 0.99971776, 0.00012095999999999997] 
PROD014_DIRECTION J [0.00018143999999999997, 0.99981856] 
PROD014_I 47 [5.183999999999999e-05, 0.99964864, 5.183999999999999e-05, 5.183999999999999e-05, 9.215999999999996e-05, 5.183999999999999e-05, 5.183999999999999e-05] 
PROD014_J 41 [0.00013708799999999997, 3.628799999999999e-05, 3.628799999999999e-05, 3.628799999999999e-05, 3.628799999999999e-05, 0.0002926079999999999, 3.628799999999999e-05, 0.9993162879999999, 3.628799999999999e-05, 3.628799999999999e-05] 
PROD014_K 3 [0.00012095999999999997, 0.0002620799999999999, 0.99961696] 
PROD021_DIRECTION J [0.00018143999999999997, 0.99981856] 
PROD021_I 16 [3.023999999999999e-05, 3.023999999999999e-05, 0.99952624, 7.055999999999997e-05, 0.00013103999999999994, 3.023999999999999e-05, 3.023999999999999e-05, 3.023999999999999e-05, 3.023999999999999e-05, 3.023999999999999e-05, 3.023999999999999e-05, 3.023999999999999e-05] 
PROD021_J 38 [5.183999999999999e-05, 0.99786784, 0.00019295999999999997, 5.183999999999999e-05, 5.183999999999999e-05, 5.183999999999999e-05, 0.0017318399999999995] 
PROD021_K 2 [0.00016127999999999995, 0.99961696, 0.00022175999999999996] 
PROD023A_DIRECTION I [0.99607744, 0.003922559999999999] 
PROD023A_I 59 [7.257599999999998e-05, 7.257599999999998e-05, 0.00011289599999999998, 0.9996693759999999, 7.257599999999998e-05] 
PROD023A_J 15 [6.047999999999998e-05, 0.00016127999999999995, 0.9993808, 0.00027647999999999995, 6.047999999999998e-05, 6.047999999999998e-05] 
PROD023A_K 1 [0.99965728, 0.00012095999999999997, 0.00022175999999999996] 
PROD024A_I 56 [0.99964864, 5.183999999999999e-05, 5.183999999999999e-05, 5.183999999999999e-05, 5.183999999999999e-05, 9.215999999999996e-05, 5.183999999999999e-05] 
PROD024A_J 33 [0.99941104, 0.00019151999999999993, 0.0003067199999999999, 9.071999999999999e-05] 
PROD024A_K 2 [0.00016127999999999995, 0.99940096, 0.00043775999999999977] 
PROD025A_DIRECTION J [0.00018143999999999997, 0.99981856] 
PROD025A_I 54 [0.99934048, 0.00027647999999999995, 6.047999999999998e-05, 0.00010079999999999996, 6.047999999999998e-05, 0.00016127999999999995] 
PROD025A_J 22 [0.00038937599999999987, 0.997672576, 7.257599999999998e-05, 0.0017928959999999998, 7.257599999999998e-05] 
PROD025A_K 2 [0.00016127999999999995, 0.99971776, 0.00012095999999999997] 
PROD026_DIRECTION I [0.99960256, 0.00039743999999999994] 
PROD026_I 45 [0.999352576, 7.257599999999998e-05, 7.257599999999998e-05, 0.00011289599999999998, 0.00038937599999999987] 
PROD026_J 6 [5.183999999999999e-05, 5.183999999999999e-05, 0.99943264, 9.215999999999996e-05, 5.183999999999999e-05, 0.00026783999999999993, 5.183999999999999e-05] 
PROD026_K 2 [0.016016959999999993, 0.98386208, 0.00012095999999999997] 
INJ006_I 51 [6.047999999999998e-05, 0.003916799999999999, 0.99584128, 6.047999999999998e-05, 6.047999999999998e-05, 6.047999999999998e-05] 
INJ006_J 26 [4.535999999999999e-05, 4.535999999999999e-05, 8.567999999999999e-05, 4.535999999999999e-05, 0.017645359999999992, 0.98182616, 4.535999999999999e-05, 0.00026136] 
INJ006_K 13 [9.071999999999999e-05, 9.071999999999999e-05, 0.99972784, 9.071999999999999e-05] 
INJ010_DIRECTION J [0.0003225599999999999, 0.99967744] 
INJ010_I 70 [0.09966937599999998, 7.257599999999998e-05, 0.900112896, 7.257599999999998e-05, 7.257599999999998e-05] 
INJ010_J 36 [7.257599999999998e-05, 7.257599999999998e-05, 7.257599999999998e-05, 0.999709696, 7.257599999999998e-05] 
INJ010_K 6 [0.99951184, 0.0003067199999999999, 9.071999999999999e-05, 9.071999999999999e-05] 
INJ017_DIRECTION I [0.99946144, 0.0005385599999999999] 
INJ017_I 34 [0.00016127999999999995, 6.047999999999998e-05, 0.00027647999999999995, 0.9993808, 6.047999999999998e-05, 6.047999999999998e-05] 
INJ017_J 18 [5.183999999999999e-05, 5.183999999999999e-05, 0.99943264, 9.215999999999996e-05, 5.183999999999999e-05, 5.183999999999999e-05, 0.00026783999999999993] 
INJ017_K 15 [0.014213695999999994, 7.257599999999998e-05, 7.257599999999998e-05, 0.985568576, 7.257599999999998e-05] 
INJ019_DIRECTION J [0.0004982399999999998, 0.99950176] 
INJ019_I 28 [6.047999999999998e-05, 0.0003772799999999999, 0.99934048, 0.00010079999999999996, 6.047999999999998e-05, 6.047999999999998e-05] 
INJ019_J 45 [0.00013103999999999994, 0.9996875199999999, 9.071999999999999e-05, 9.071999999999999e-05] 
INJ019_K 6 [0.99769072, 0.00013103999999999994, 0.0020875199999999994, 9.071999999999999e-05] 
INJ021_DIRECTION J [0.00018143999999999997, 0.99981856] 
INJ021_I 21 [0.99963712, 8.063999999999997e-05, 4.031999999999999e-05, 4.031999999999999e-05, 4.031999999999999e-05, 4.031999999999999e-05, 4.031999999999999e-05, 4.031999999999999e-05, 4.031999999999999e-05] 
INJ021_J 29 [0.00010079999999999996, 6.047999999999998e-05, 6.047999999999998e-05, 0.99934048, 0.0003772799999999999, 6.047999999999998e-05] 
INJ021_K 12 [9.071999999999999e-05, 9.071999999999999e-05, 0.99972784, 9.071999999999999e-05] 
INJ022_DIRECTION J [0.0021177599999999993, 0.99788224] 
INJ022_I 73 [7.257599999999998e-05, 0.0002885759999999999, 7.257599999999998e-05, 7.257599999999998e-05, 0.999493696] 
INJ022_J 22 [0.0003067199999999999, 0.99951184, 9.071999999999999e-05, 9.071999999999999e-05] 
INJ022_K 6 [0.999709696, 7.257599999999998e-05, 7.257599999999998e-05, 7.257599999999998e-05, 7.257599999999998e-05] 
INJ023_DIRECTION J [0.00018143999999999997, 0.99981856] 
INJ023_I 41 [6.047999999999998e-05, 0.00010079999999999996, 0.99944128, 6.047999999999998e-05, 0.00027647999999999995, 6.047999999999998e-05] 
INJ023_J 19 [6.047999999999998e-05, 6.047999999999998e-05, 0.005596799999999998, 6.047999999999998e-05, 6.047999999999998e-05, 0.99416128] 
INJ023_K 15 [0.00018143999999999997, 0.99981856] 
NA1A_CONSIDER 0 [0.99977824, 0.00022175999999999996] 

