Elite 1 OF_MAX_VPL 2812717181.76
NA2_CONSIDER 0 [0.99792256, 0.00207744] 
NA3D_CONSIDER 1 [0.00022175999999999996, 0.99977824] 
PltPRDSTL_PltPRDSTO 19375 [7.660799999999998e-05, 3.628799999999999e-05, 3.628799999999999e-05, 3.628799999999999e-05, 3.628799999999999e-05, 0.999633088, 3.628799999999999e-05, 3.628799999999999e-05, 3.628799999999999e-05, 3.628799999999999e-05] 
PltPRDSTW 8370 [0.0014015999999999998, 6.047999999999998e-05, 6.047999999999998e-05, 6.047999999999998e-05, 6.047999999999998e-05, 0.99835648] 
PltINJSTW 32550 [0.99952624, 3.023999999999999e-05, 7.055999999999997e-05, 3.023999999999999e-05, 3.023999999999999e-05, 3.023999999999999e-05, 3.023999999999999e-05, 3.023999999999999e-05, 3.023999999999999e-05, 0.00013103999999999994, 3.023999999999999e-05, 3.023999999999999e-05] 
PROD005_DIRECTION I [0.99956224, 0.00043775999999999977] 
PROD005_I 28 [9.071999999999999e-05, 0.00040751999999999987, 0.99937072, 0.00013103999999999994] 
PROD005_J 21 [4.535999999999999e-05, 4.535999999999999e-05, 4.535999999999999e-05, 4.535999999999999e-05, 4.535999999999999e-05, 0.9996421600000001, 8.567999999999999e-05, 4.535999999999999e-05] 
PROD005_K 1 [0.99971776, 0.00016127999999999995, 0.00012095999999999997] 
PROD006_I 52 [9.071999999999999e-05, 0.99958672, 0.00023183999999999995, 9.071999999999999e-05] 
PROD006_J 2 [0.99981856, 0.00018143999999999997] 
PROD007_I 59 [0.999709696, 7.257599999999998e-05, 7.257599999999998e-05, 7.257599999999998e-05, 7.257599999999998e-05] 
PROD007_J 10 [0.99944128, 0.00043775999999999977, 0.00012095999999999997] 
PROD009_DIRECTION J [0.0014822399999999997, 0.99851776] 
PROD009_I 8 [7.257599999999998e-05, 7.257599999999998e-05, 0.0037128959999999985, 0.995968576, 0.000173376] 
PROD009_J 40 [0.00015263999999999995, 5.183999999999999e-05, 0.99834784, 0.0012921599999999997, 5.183999999999999e-05, 5.183999999999999e-05, 5.183999999999999e-05] 
PROD009_K 1 [0.99793696, 0.0006412799999999997, 0.00142176] 
PROD010_DIRECTION J [0.00018143999999999997, 0.99981856] 
PROD010_I 31 [4.535999999999999e-05, 0.00026136, 0.99942616, 4.535999999999999e-05, 8.567999999999999e-05, 4.535999999999999e-05, 4.535999999999999e-05, 4.535999999999999e-05] 
PROD010_J 32 [0.00015263999999999995, 0.017867839999999992, 0.98173184, 5.183999999999999e-05, 5.183999999999999e-05, 5.183999999999999e-05, 9.215999999999996e-05] 
PROD010_K 1 [0.99950176, 0.0003772799999999999, 0.00012095999999999997] 
PROD012_DIRECTION I [0.99898144, 0.00101856] 
PROD012_I 39 [4.031999999999999e-05, 4.031999999999999e-05, 0.99452032, 0.005197439999999998, 4.031999999999999e-05, 4.031999999999999e-05, 4.031999999999999e-05, 4.031999999999999e-05, 4.031999999999999e-05] 
PROD012_J 40 [3.29890909090909e-05, 7.33090909090909e-05, 3.29890909090909e-05, 3.29890909090909e-05, 3.29890909090909e-05, 0.00013378909090909087, 3.29890909090909e-05, 0.014248989090909084, 3.29890909090909e-05, 0.0005129890909090907, 0.9848329890909091] 
PROD012_K 3 [0.00022175999999999996, 0.00016127999999999995, 0.99961696] 
PROD014_DIRECTION J [0.0018614399999999998, 0.99813856] 
PROD014_I 47 [5.183999999999999e-05, 0.99577216, 5.183999999999999e-05, 5.183999999999999e-05, 0.003968639999999999, 5.183999999999999e-05, 5.183999999999999e-05] 
PROD014_J 42 [3.628799999999999e-05, 3.628799999999999e-05, 3.628799999999999e-05, 0.000516288, 3.628799999999999e-05, 3.628799999999999e-05, 3.628799999999999e-05, 3.628799999999999e-05, 0.998876608, 0.00035308799999999994] 
PROD014_K 3 [0.00016127999999999995, 0.00012095999999999997, 0.99971776] 
PROD021_DIRECTION I [0.99929824, 0.0007017599999999998] 
PROD021_I 22 [3.023999999999999e-05, 3.023999999999999e-05, 7.055999999999997e-05, 0.0003470399999999999, 3.023999999999999e-05, 3.023999999999999e-05, 0.99931024, 3.023999999999999e-05, 3.023999999999999e-05, 3.023999999999999e-05, 3.023999999999999e-05, 3.023999999999999e-05] 
PROD021_J 38 [5.183999999999999e-05, 0.99583264, 5.183999999999999e-05, 0.0036518399999999986, 0.00030815999999999987, 5.183999999999999e-05, 5.183999999999999e-05] 
PROD021_K 2 [0.00132096, 0.99845728, 0.00022175999999999996] 
PROD023A_DIRECTION J [0.00039743999999999994, 0.99960256] 
PROD023A_I 56 [0.999608896, 0.000173376, 7.257599999999998e-05, 7.257599999999998e-05, 7.257599999999998e-05] 
PROD023A_J 17 [0.0002015999999999999, 6.047999999999998e-05, 6.047999999999998e-05, 0.015260479999999993, 0.98435648, 6.047999999999998e-05] 
PROD023A_K 3 [0.003720959999999999, 0.0019420799999999997, 0.99433696] 
PROD024A_I 57 [5.183999999999999e-05, 0.99954784, 9.215999999999996e-05, 5.183999999999999e-05, 0.00015263999999999995, 5.183999999999999e-05, 5.183999999999999e-05] 
PROD024A_J 33 [0.90013104, 0.09937071999999998, 0.00040751999999999987, 9.071999999999999e-05] 
PROD024A_K 1 [0.99975808, 0.00012095999999999997, 0.00012095999999999997] 
PROD025A_DIRECTION J [0.00018143999999999997, 0.99981856] 
PROD025A_I 54 [0.99776128, 6.047999999999998e-05, 0.0015167999999999998, 6.047999999999998e-05, 0.0005404799999999999, 6.047999999999998e-05] 
PROD025A_J 24 [7.257599999999998e-05, 7.257599999999998e-05, 0.0005928959999999999, 0.999088576, 0.000173376] 
PROD025A_K 1 [0.9003369600000001, 0.09950175999999997, 0.00016127999999999995] 
PROD026_DIRECTION I [0.99788224, 0.0021177599999999993] 
PROD026_I 48 [7.257599999999998e-05, 0.000173376, 7.257599999999998e-05, 0.999608896, 7.257599999999998e-05] 
PROD026_J 5 [0.00019295999999999997, 0.99933184, 5.183999999999999e-05, 5.183999999999999e-05, 5.183999999999999e-05, 0.00026783999999999993, 5.183999999999999e-05] 
PROD026_K 2 [0.00022175999999999996, 0.99961696, 0.00016127999999999995] 
INJ006_I 49 [0.99944128, 0.00010079999999999996, 6.047999999999998e-05, 0.00027647999999999995, 6.047999999999998e-05, 6.047999999999998e-05] 
INJ006_J 26 [4.535999999999999e-05, 4.535999999999999e-05, 4.535999999999999e-05, 0.00014616, 8.567999999999999e-05, 0.99594136, 0.003645359999999999, 4.535999999999999e-05] 
INJ006_K 15 [0.00013103999999999994, 0.01968751999999999, 9.071999999999999e-05, 0.98009072] 
INJ010_DIRECTION I [0.99960256, 0.00039743999999999994] 
INJ010_I 70 [7.257599999999998e-05, 0.000173376, 0.998152576, 0.0014885759999999997, 0.00011289599999999998] 
INJ010_J 38 [0.01596857599999999, 0.003773375999999999, 7.257599999999998e-05, 0.00011289599999999998, 0.980072576] 
INJ010_K 6 [0.98009072, 0.018931039999999993, 0.0008875199999999998, 9.071999999999999e-05] 
INJ017_DIRECTION J [0.00022175999999999996, 0.99977824] 
INJ017_I 36 [6.047999999999998e-05, 0.00027647999999999995, 0.00016127999999999995, 6.047999999999998e-05, 0.9993808, 6.047999999999998e-05] 
INJ017_J 26 [0.00015263999999999995, 9.215999999999996e-05, 0.0005318399999999999, 5.183999999999999e-05, 5.183999999999999e-05, 5.183999999999999e-05, 0.99906784] 
INJ017_K 15 [7.257599999999998e-05, 0.000173376, 7.257599999999998e-05, 0.999608896, 7.257599999999998e-05] 
INJ019_DIRECTION J [0.99621856, 0.0037814399999999988] 
INJ019_I 24 [0.99955648, 0.00010079999999999996, 6.047999999999998e-05, 6.047999999999998e-05, 0.00016127999999999995, 6.047999999999998e-05] 
INJ019_J 45 [9.071999999999999e-05, 0.9996875199999999, 9.071999999999999e-05, 0.00013103999999999994] 
INJ019_K 15 [9.071999999999999e-05, 0.00019151999999999993, 0.99937072, 0.0003470399999999999] 
INJ021_DIRECTION J [0.00022175999999999996, 0.99977824] 
INJ021_I 22 [0.0002966399999999999, 0.90014112, 4.031999999999999e-05, 0.09932031999999998, 4.031999999999999e-05, 4.031999999999999e-05, 4.031999999999999e-05, 4.031999999999999e-05, 4.031999999999999e-05] 
INJ021_J 27 [0.0037612799999999992, 6.047999999999998e-05, 0.9959968, 6.047999999999998e-05, 6.047999999999998e-05, 6.047999999999998e-05] 
INJ021_K 16 [0.00013103999999999994, 0.0003067199999999999, 0.00129072, 0.99827152] 
INJ022_DIRECTION I [0.99923776, 0.0007622399999999997] 
INJ022_I 67 [7.257599999999998e-05, 0.999568576, 0.000173376, 0.00011289599999999998, 7.257599999999998e-05] 
INJ022_J 20 [0.99937072, 9.071999999999999e-05, 0.00044783999999999986, 9.071999999999999e-05] 
INJ022_K 15 [7.257599999999998e-05, 7.257599999999998e-05, 0.0020088959999999996, 7.257599999999998e-05, 0.997773376] 
INJ023_DIRECTION J [0.00018143999999999997, 0.99981856] 
INJ023_I 37 [0.99406048, 6.047999999999998e-05, 0.00016127999999999995, 0.005556479999999999, 6.047999999999998e-05, 0.00010079999999999996] 
INJ023_J 9 [0.99766048, 6.047999999999998e-05, 6.047999999999998e-05, 0.0006412799999999997, 0.00010079999999999996, 0.0014764799999999996] 
INJ023_K 7 [0.99960256, 0.00039743999999999994] 
NA1A_CONSIDER 0 [0.99977824, 0.00022175999999999996] 

Elite 2 OF_MAX_VPL 2812717181.76
NA2_CONSIDER 0 [0.99792256, 0.00207744] 
NA3D_CONSIDER 1 [0.00022175999999999996, 0.99977824] 
PltPRDSTL_PltPRDSTO 19375 [7.660799999999998e-05, 3.628799999999999e-05, 3.628799999999999e-05, 3.628799999999999e-05, 3.628799999999999e-05, 0.999633088, 3.628799999999999e-05, 3.628799999999999e-05, 3.628799999999999e-05, 3.628799999999999e-05] 
PltPRDSTW 8370 [0.0014015999999999998, 6.047999999999998e-05, 6.047999999999998e-05, 6.047999999999998e-05, 6.047999999999998e-05, 0.99835648] 
PltINJSTW 32550 [0.99952624, 3.023999999999999e-05, 7.055999999999997e-05, 3.023999999999999e-05, 3.023999999999999e-05, 3.023999999999999e-05, 3.023999999999999e-05, 3.023999999999999e-05, 3.023999999999999e-05, 0.00013103999999999994, 3.023999999999999e-05, 3.023999999999999e-05] 
PROD005_DIRECTION I [0.99956224, 0.00043775999999999977] 
PROD005_I 28 [9.071999999999999e-05, 0.00040751999999999987, 0.99937072, 0.00013103999999999994] 
PROD005_J 21 [4.535999999999999e-05, 4.535999999999999e-05, 4.535999999999999e-05, 4.535999999999999e-05, 4.535999999999999e-05, 0.9996421600000001, 8.567999999999999e-05, 4.535999999999999e-05] 
PROD005_K 1 [0.99971776, 0.00016127999999999995, 0.00012095999999999997] 
PROD006_I 52 [9.071999999999999e-05, 0.99958672, 0.00023183999999999995, 9.071999999999999e-05] 
PROD006_J 2 [0.99981856, 0.00018143999999999997] 
PROD007_I 59 [0.999709696, 7.257599999999998e-05, 7.257599999999998e-05, 7.257599999999998e-05, 7.257599999999998e-05] 
PROD007_J 10 [0.99944128, 0.00043775999999999977, 0.00012095999999999997] 
PROD009_DIRECTION J [0.0014822399999999997, 0.99851776] 
PROD009_I 8 [7.257599999999998e-05, 7.257599999999998e-05, 0.0037128959999999985, 0.995968576, 0.000173376] 
PROD009_J 40 [0.00015263999999999995, 5.183999999999999e-05, 0.99834784, 0.0012921599999999997, 5.183999999999999e-05, 5.183999999999999e-05, 5.183999999999999e-05] 
PROD009_K 1 [0.99793696, 0.0006412799999999997, 0.00142176] 
PROD010_DIRECTION J [0.00018143999999999997, 0.99981856] 
PROD010_I 31 [4.535999999999999e-05, 0.00026136, 0.99942616, 4.535999999999999e-05, 8.567999999999999e-05, 4.535999999999999e-05, 4.535999999999999e-05, 4.535999999999999e-05] 
PROD010_J 32 [0.00015263999999999995, 0.017867839999999992, 0.98173184, 5.183999999999999e-05, 5.183999999999999e-05, 5.183999999999999e-05, 9.215999999999996e-05] 
PROD010_K 1 [0.99950176, 0.0003772799999999999, 0.00012095999999999997] 
PROD012_DIRECTION I [0.99898144, 0.00101856] 
PROD012_I 39 [4.031999999999999e-05, 4.031999999999999e-05, 0.99452032, 0.005197439999999998, 4.031999999999999e-05, 4.031999999999999e-05, 4.031999999999999e-05, 4.031999999999999e-05, 4.031999999999999e-05] 
PROD012_J 40 [3.29890909090909e-05, 7.33090909090909e-05, 3.29890909090909e-05, 3.29890909090909e-05, 3.29890909090909e-05, 0.00013378909090909087, 3.29890909090909e-05, 0.014248989090909084, 3.29890909090909e-05, 0.0005129890909090907, 0.9848329890909091] 
PROD012_K 3 [0.00022175999999999996, 0.00016127999999999995, 0.99961696] 
PROD014_DIRECTION J [0.0018614399999999998, 0.99813856] 
PROD014_I 47 [5.183999999999999e-05, 0.99577216, 5.183999999999999e-05, 5.183999999999999e-05, 0.003968639999999999, 5.183999999999999e-05, 5.183999999999999e-05] 
PROD014_J 42 [3.628799999999999e-05, 3.628799999999999e-05, 3.628799999999999e-05, 0.000516288, 3.628799999999999e-05, 3.628799999999999e-05, 3.628799999999999e-05, 3.628799999999999e-05, 0.998876608, 0.00035308799999999994] 
PROD014_K 3 [0.00016127999999999995, 0.00012095999999999997, 0.99971776] 
PROD021_DIRECTION I [0.99929824, 0.0007017599999999998] 
PROD021_I 22 [3.023999999999999e-05, 3.023999999999999e-05, 7.055999999999997e-05, 0.0003470399999999999, 3.023999999999999e-05, 3.023999999999999e-05, 0.99931024, 3.023999999999999e-05, 3.023999999999999e-05, 3.023999999999999e-05, 3.023999999999999e-05, 3.023999999999999e-05] 
PROD021_J 38 [5.183999999999999e-05, 0.99583264, 5.183999999999999e-05, 0.0036518399999999986, 0.00030815999999999987, 5.183999999999999e-05, 5.183999999999999e-05] 
PROD021_K 2 [0.00132096, 0.99845728, 0.00022175999999999996] 
PROD023A_DIRECTION J [0.00039743999999999994, 0.99960256] 
PROD023A_I 56 [0.999608896, 0.000173376, 7.257599999999998e-05, 7.257599999999998e-05, 7.257599999999998e-05] 
PROD023A_J 17 [0.0002015999999999999, 6.047999999999998e-05, 6.047999999999998e-05, 0.015260479999999993, 0.98435648, 6.047999999999998e-05] 
PROD023A_K 3 [0.003720959999999999, 0.0019420799999999997, 0.99433696] 
PROD024A_I 57 [5.183999999999999e-05, 0.99954784, 9.215999999999996e-05, 5.183999999999999e-05, 0.00015263999999999995, 5.183999999999999e-05, 5.183999999999999e-05] 
PROD024A_J 33 [0.90013104, 0.09937071999999998, 0.00040751999999999987, 9.071999999999999e-05] 
PROD024A_K 1 [0.99975808, 0.00012095999999999997, 0.00012095999999999997] 
PROD025A_DIRECTION J [0.00018143999999999997, 0.99981856] 
PROD025A_I 54 [0.99776128, 6.047999999999998e-05, 0.0015167999999999998, 6.047999999999998e-05, 0.0005404799999999999, 6.047999999999998e-05] 
PROD025A_J 24 [7.257599999999998e-05, 7.257599999999998e-05, 0.0005928959999999999, 0.999088576, 0.000173376] 
PROD025A_K 1 [0.9003369600000001, 0.09950175999999997, 0.00016127999999999995] 
PROD026_DIRECTION I [0.99788224, 0.0021177599999999993] 
PROD026_I 48 [7.257599999999998e-05, 0.000173376, 7.257599999999998e-05, 0.999608896, 7.257599999999998e-05] 
PROD026_J 5 [0.00019295999999999997, 0.99933184, 5.183999999999999e-05, 5.183999999999999e-05, 5.183999999999999e-05, 0.00026783999999999993, 5.183999999999999e-05] 
PROD026_K 2 [0.00022175999999999996, 0.99961696, 0.00016127999999999995] 
INJ006_I 49 [0.99944128, 0.00010079999999999996, 6.047999999999998e-05, 0.00027647999999999995, 6.047999999999998e-05, 6.047999999999998e-05] 
INJ006_J 26 [4.535999999999999e-05, 4.535999999999999e-05, 4.535999999999999e-05, 0.00014616, 8.567999999999999e-05, 0.99594136, 0.003645359999999999, 4.535999999999999e-05] 
INJ006_K 15 [0.00013103999999999994, 0.01968751999999999, 9.071999999999999e-05, 0.98009072] 
INJ010_DIRECTION I [0.99960256, 0.00039743999999999994] 
INJ010_I 70 [7.257599999999998e-05, 0.000173376, 0.998152576, 0.0014885759999999997, 0.00011289599999999998] 
INJ010_J 38 [0.01596857599999999, 0.003773375999999999, 7.257599999999998e-05, 0.00011289599999999998, 0.980072576] 
INJ010_K 6 [0.98009072, 0.018931039999999993, 0.0008875199999999998, 9.071999999999999e-05] 
INJ017_DIRECTION J [0.00022175999999999996, 0.99977824] 
INJ017_I 36 [6.047999999999998e-05, 0.00027647999999999995, 0.00016127999999999995, 6.047999999999998e-05, 0.9993808, 6.047999999999998e-05] 
INJ017_J 26 [0.00015263999999999995, 9.215999999999996e-05, 0.0005318399999999999, 5.183999999999999e-05, 5.183999999999999e-05, 5.183999999999999e-05, 0.99906784] 
INJ017_K 15 [7.257599999999998e-05, 0.000173376, 7.257599999999998e-05, 0.999608896, 7.257599999999998e-05] 
INJ019_DIRECTION J [0.99621856, 0.0037814399999999988] 
INJ019_I 24 [0.99955648, 0.00010079999999999996, 6.047999999999998e-05, 6.047999999999998e-05, 0.00016127999999999995, 6.047999999999998e-05] 
INJ019_J 45 [9.071999999999999e-05, 0.9996875199999999, 9.071999999999999e-05, 0.00013103999999999994] 
INJ019_K 15 [9.071999999999999e-05, 0.00019151999999999993, 0.99937072, 0.0003470399999999999] 
INJ021_DIRECTION J [0.00022175999999999996, 0.99977824] 
INJ021_I 22 [0.0002966399999999999, 0.90014112, 4.031999999999999e-05, 0.09932031999999998, 4.031999999999999e-05, 4.031999999999999e-05, 4.031999999999999e-05, 4.031999999999999e-05, 4.031999999999999e-05] 
INJ021_J 27 [0.0037612799999999992, 6.047999999999998e-05, 0.9959968, 6.047999999999998e-05, 6.047999999999998e-05, 6.047999999999998e-05] 
INJ021_K 16 [0.00013103999999999994, 0.0003067199999999999, 0.00129072, 0.99827152] 
INJ022_DIRECTION I [0.99923776, 0.0007622399999999997] 
INJ022_I 67 [7.257599999999998e-05, 0.999568576, 0.000173376, 0.00011289599999999998, 7.257599999999998e-05] 
INJ022_J 20 [0.99937072, 9.071999999999999e-05, 0.00044783999999999986, 9.071999999999999e-05] 
INJ022_K 15 [7.257599999999998e-05, 7.257599999999998e-05, 0.0020088959999999996, 7.257599999999998e-05, 0.997773376] 
INJ023_DIRECTION J [0.00018143999999999997, 0.99981856] 
INJ023_I 37 [0.99406048, 6.047999999999998e-05, 0.00016127999999999995, 0.005556479999999999, 6.047999999999998e-05, 0.00010079999999999996] 
INJ023_J 9 [0.99766048, 6.047999999999998e-05, 6.047999999999998e-05, 0.0006412799999999997, 0.00010079999999999996, 0.0014764799999999996] 
INJ023_K 7 [0.99960256, 0.00039743999999999994] 
NA1A_CONSIDER 0 [0.99977824, 0.00022175999999999996] 

Elite 3 OF_MAX_VPL 2811713762.93
NA2_CONSIDER 0 [0.99792256, 0.00207744] 
NA3D_CONSIDER 1 [0.00022175999999999996, 0.99977824] 
PltPRDSTL_PltPRDSTO 19375 [7.660799999999998e-05, 3.628799999999999e-05, 3.628799999999999e-05, 3.628799999999999e-05, 3.628799999999999e-05, 0.999633088, 3.628799999999999e-05, 3.628799999999999e-05, 3.628799999999999e-05, 3.628799999999999e-05] 
PltPRDSTW 8370 [0.0014015999999999998, 6.047999999999998e-05, 6.047999999999998e-05, 6.047999999999998e-05, 6.047999999999998e-05, 0.99835648] 
PltINJSTW 32550 [0.99952624, 3.023999999999999e-05, 7.055999999999997e-05, 3.023999999999999e-05, 3.023999999999999e-05, 3.023999999999999e-05, 3.023999999999999e-05, 3.023999999999999e-05, 3.023999999999999e-05, 0.00013103999999999994, 3.023999999999999e-05, 3.023999999999999e-05] 
PROD005_DIRECTION I [0.99956224, 0.00043775999999999977] 
PROD005_I 28 [9.071999999999999e-05, 0.00040751999999999987, 0.99937072, 0.00013103999999999994] 
PROD005_J 21 [4.535999999999999e-05, 4.535999999999999e-05, 4.535999999999999e-05, 4.535999999999999e-05, 4.535999999999999e-05, 0.9996421600000001, 8.567999999999999e-05, 4.535999999999999e-05] 
PROD005_K 1 [0.99971776, 0.00016127999999999995, 0.00012095999999999997] 
PROD006_I 52 [9.071999999999999e-05, 0.99958672, 0.00023183999999999995, 9.071999999999999e-05] 
PROD006_J 2 [0.99981856, 0.00018143999999999997] 
PROD007_I 59 [0.999709696, 7.257599999999998e-05, 7.257599999999998e-05, 7.257599999999998e-05, 7.257599999999998e-05] 
PROD007_J 10 [0.99944128, 0.00043775999999999977, 0.00012095999999999997] 
PROD009_DIRECTION J [0.0014822399999999997, 0.99851776] 
PROD009_I 8 [7.257599999999998e-05, 7.257599999999998e-05, 0.0037128959999999985, 0.995968576, 0.000173376] 
PROD009_J 40 [0.00015263999999999995, 5.183999999999999e-05, 0.99834784, 0.0012921599999999997, 5.183999999999999e-05, 5.183999999999999e-05, 5.183999999999999e-05] 
PROD009_K 1 [0.99793696, 0.0006412799999999997, 0.00142176] 
PROD010_DIRECTION J [0.00018143999999999997, 0.99981856] 
PROD010_I 31 [4.535999999999999e-05, 0.00026136, 0.99942616, 4.535999999999999e-05, 8.567999999999999e-05, 4.535999999999999e-05, 4.535999999999999e-05, 4.535999999999999e-05] 
PROD010_J 32 [0.00015263999999999995, 0.017867839999999992, 0.98173184, 5.183999999999999e-05, 5.183999999999999e-05, 5.183999999999999e-05, 9.215999999999996e-05] 
PROD010_K 1 [0.99950176, 0.0003772799999999999, 0.00012095999999999997] 
PROD012_DIRECTION I [0.99898144, 0.00101856] 
PROD012_I 39 [4.031999999999999e-05, 4.031999999999999e-05, 0.99452032, 0.005197439999999998, 4.031999999999999e-05, 4.031999999999999e-05, 4.031999999999999e-05, 4.031999999999999e-05, 4.031999999999999e-05] 
PROD012_J 40 [3.29890909090909e-05, 7.33090909090909e-05, 3.29890909090909e-05, 3.29890909090909e-05, 3.29890909090909e-05, 0.00013378909090909087, 3.29890909090909e-05, 0.014248989090909084, 3.29890909090909e-05, 0.0005129890909090907, 0.9848329890909091] 
PROD012_K 3 [0.00022175999999999996, 0.00016127999999999995, 0.99961696] 
PROD014_DIRECTION J [0.0018614399999999998, 0.99813856] 
PROD014_I 47 [5.183999999999999e-05, 0.99577216, 5.183999999999999e-05, 5.183999999999999e-05, 0.003968639999999999, 5.183999999999999e-05, 5.183999999999999e-05] 
PROD014_J 42 [3.628799999999999e-05, 3.628799999999999e-05, 3.628799999999999e-05, 0.000516288, 3.628799999999999e-05, 3.628799999999999e-05, 3.628799999999999e-05, 3.628799999999999e-05, 0.998876608, 0.00035308799999999994] 
PROD014_K 3 [0.00016127999999999995, 0.00012095999999999997, 0.99971776] 
PROD021_DIRECTION I [0.99929824, 0.0007017599999999998] 
PROD021_I 22 [3.023999999999999e-05, 3.023999999999999e-05, 7.055999999999997e-05, 0.0003470399999999999, 3.023999999999999e-05, 3.023999999999999e-05, 0.99931024, 3.023999999999999e-05, 3.023999999999999e-05, 3.023999999999999e-05, 3.023999999999999e-05, 3.023999999999999e-05] 
PROD021_J 38 [5.183999999999999e-05, 0.99583264, 5.183999999999999e-05, 0.0036518399999999986, 0.00030815999999999987, 5.183999999999999e-05, 5.183999999999999e-05] 
PROD021_K 2 [0.00132096, 0.99845728, 0.00022175999999999996] 
PROD023A_DIRECTION J [0.00039743999999999994, 0.99960256] 
PROD023A_I 56 [0.999608896, 0.000173376, 7.257599999999998e-05, 7.257599999999998e-05, 7.257599999999998e-05] 
PROD023A_J 17 [0.0002015999999999999, 6.047999999999998e-05, 6.047999999999998e-05, 0.015260479999999993, 0.98435648, 6.047999999999998e-05] 
PROD023A_K 3 [0.003720959999999999, 0.0019420799999999997, 0.99433696] 
PROD024A_I 57 [5.183999999999999e-05, 0.99954784, 9.215999999999996e-05, 5.183999999999999e-05, 0.00015263999999999995, 5.183999999999999e-05, 5.183999999999999e-05] 
PROD024A_J 34 [0.90013104, 0.09937071999999998, 0.00040751999999999987, 9.071999999999999e-05] 
PROD024A_K 1 [0.99975808, 0.00012095999999999997, 0.00012095999999999997] 
PROD025A_DIRECTION J [0.00018143999999999997, 0.99981856] 
PROD025A_I 54 [0.99776128, 6.047999999999998e-05, 0.0015167999999999998, 6.047999999999998e-05, 0.0005404799999999999, 6.047999999999998e-05] 
PROD025A_J 24 [7.257599999999998e-05, 7.257599999999998e-05, 0.0005928959999999999, 0.999088576, 0.000173376] 
PROD025A_K 1 [0.9003369600000001, 0.09950175999999997, 0.00016127999999999995] 
PROD026_DIRECTION I [0.99788224, 0.0021177599999999993] 
PROD026_I 48 [7.257599999999998e-05, 0.000173376, 7.257599999999998e-05, 0.999608896, 7.257599999999998e-05] 
PROD026_J 5 [0.00019295999999999997, 0.99933184, 5.183999999999999e-05, 5.183999999999999e-05, 5.183999999999999e-05, 0.00026783999999999993, 5.183999999999999e-05] 
PROD026_K 2 [0.00022175999999999996, 0.99961696, 0.00016127999999999995] 
INJ006_I 49 [0.99944128, 0.00010079999999999996, 6.047999999999998e-05, 0.00027647999999999995, 6.047999999999998e-05, 6.047999999999998e-05] 
INJ006_J 26 [4.535999999999999e-05, 4.535999999999999e-05, 4.535999999999999e-05, 0.00014616, 8.567999999999999e-05, 0.99594136, 0.003645359999999999, 4.535999999999999e-05] 
INJ006_K 15 [0.00013103999999999994, 0.01968751999999999, 9.071999999999999e-05, 0.98009072] 
INJ010_DIRECTION I [0.99960256, 0.00039743999999999994] 
INJ010_I 70 [7.257599999999998e-05, 0.000173376, 0.998152576, 0.0014885759999999997, 0.00011289599999999998] 
INJ010_J 38 [0.01596857599999999, 0.003773375999999999, 7.257599999999998e-05, 0.00011289599999999998, 0.980072576] 
INJ010_K 6 [0.98009072, 0.018931039999999993, 0.0008875199999999998, 9.071999999999999e-05] 
INJ017_DIRECTION J [0.00022175999999999996, 0.99977824] 
INJ017_I 36 [6.047999999999998e-05, 0.00027647999999999995, 0.00016127999999999995, 6.047999999999998e-05, 0.9993808, 6.047999999999998e-05] 
INJ017_J 26 [0.00015263999999999995, 9.215999999999996e-05, 0.0005318399999999999, 5.183999999999999e-05, 5.183999999999999e-05, 5.183999999999999e-05, 0.99906784] 
INJ017_K 15 [7.257599999999998e-05, 0.000173376, 7.257599999999998e-05, 0.999608896, 7.257599999999998e-05] 
INJ019_DIRECTION I [0.99621856, 0.0037814399999999988] 
INJ019_I 24 [0.99955648, 0.00010079999999999996, 6.047999999999998e-05, 6.047999999999998e-05, 0.00016127999999999995, 6.047999999999998e-05] 
INJ019_J 45 [9.071999999999999e-05, 0.9996875199999999, 9.071999999999999e-05, 0.00013103999999999994] 
INJ019_K 15 [9.071999999999999e-05, 0.00019151999999999993, 0.99937072, 0.0003470399999999999] 
INJ021_DIRECTION J [0.00022175999999999996, 0.99977824] 
INJ021_I 22 [0.0002966399999999999, 0.90014112, 4.031999999999999e-05, 0.09932031999999998, 4.031999999999999e-05, 4.031999999999999e-05, 4.031999999999999e-05, 4.031999999999999e-05, 4.031999999999999e-05] 
INJ021_J 27 [0.0037612799999999992, 6.047999999999998e-05, 0.9959968, 6.047999999999998e-05, 6.047999999999998e-05, 6.047999999999998e-05] 
INJ021_K 16 [0.00013103999999999994, 0.0003067199999999999, 0.00129072, 0.99827152] 
INJ022_DIRECTION I [0.99923776, 0.0007622399999999997] 
INJ022_I 67 [7.257599999999998e-05, 0.999568576, 0.000173376, 0.00011289599999999998, 7.257599999999998e-05] 
INJ022_J 20 [0.99937072, 9.071999999999999e-05, 0.00044783999999999986, 9.071999999999999e-05] 
INJ022_K 15 [7.257599999999998e-05, 7.257599999999998e-05, 0.0020088959999999996, 7.257599999999998e-05, 0.997773376] 
INJ023_DIRECTION J [0.00018143999999999997, 0.99981856] 
INJ023_I 37 [0.99406048, 6.047999999999998e-05, 0.00016127999999999995, 0.005556479999999999, 6.047999999999998e-05, 0.00010079999999999996] 
INJ023_J 9 [0.99766048, 6.047999999999998e-05, 6.047999999999998e-05, 0.0006412799999999997, 0.00010079999999999996, 0.0014764799999999996] 
INJ023_K 7 [0.99960256, 0.00039743999999999994] 
NA1A_CONSIDER 0 [0.99977824, 0.00022175999999999996] 

Elite 4 OF_MAX_VPL 2810317431.06
NA2_CONSIDER 0 [0.99792256, 0.00207744] 
NA3D_CONSIDER 1 [0.00022175999999999996, 0.99977824] 
PltPRDSTL_PltPRDSTO 19375 [7.660799999999998e-05, 3.628799999999999e-05, 3.628799999999999e-05, 3.628799999999999e-05, 3.628799999999999e-05, 0.999633088, 3.628799999999999e-05, 3.628799999999999e-05, 3.628799999999999e-05, 3.628799999999999e-05] 
PltPRDSTW 8370 [0.0014015999999999998, 6.047999999999998e-05, 6.047999999999998e-05, 6.047999999999998e-05, 6.047999999999998e-05, 0.99835648] 
PltINJSTW 32550 [0.99952624, 3.023999999999999e-05, 7.055999999999997e-05, 3.023999999999999e-05, 3.023999999999999e-05, 3.023999999999999e-05, 3.023999999999999e-05, 3.023999999999999e-05, 3.023999999999999e-05, 0.00013103999999999994, 3.023999999999999e-05, 3.023999999999999e-05] 
PROD005_DIRECTION I [0.99956224, 0.00043775999999999977] 
PROD005_I 28 [9.071999999999999e-05, 0.00040751999999999987, 0.99937072, 0.00013103999999999994] 
PROD005_J 21 [4.535999999999999e-05, 4.535999999999999e-05, 4.535999999999999e-05, 4.535999999999999e-05, 4.535999999999999e-05, 0.9996421600000001, 8.567999999999999e-05, 4.535999999999999e-05] 
PROD005_K 1 [0.99971776, 0.00016127999999999995, 0.00012095999999999997] 
PROD006_I 52 [9.071999999999999e-05, 0.99958672, 0.00023183999999999995, 9.071999999999999e-05] 
PROD006_J 2 [0.99981856, 0.00018143999999999997] 
PROD007_I 59 [0.999709696, 7.257599999999998e-05, 7.257599999999998e-05, 7.257599999999998e-05, 7.257599999999998e-05] 
PROD007_J 10 [0.99944128, 0.00043775999999999977, 0.00012095999999999997] 
PROD009_DIRECTION J [0.0014822399999999997, 0.99851776] 
PROD009_I 8 [7.257599999999998e-05, 7.257599999999998e-05, 0.0037128959999999985, 0.995968576, 0.000173376] 
PROD009_J 40 [0.00015263999999999995, 5.183999999999999e-05, 0.99834784, 0.0012921599999999997, 5.183999999999999e-05, 5.183999999999999e-05, 5.183999999999999e-05] 
PROD009_K 1 [0.99793696, 0.0006412799999999997, 0.00142176] 
PROD010_DIRECTION J [0.00018143999999999997, 0.99981856] 
PROD010_I 31 [4.535999999999999e-05, 0.00026136, 0.99942616, 4.535999999999999e-05, 8.567999999999999e-05, 4.535999999999999e-05, 4.535999999999999e-05, 4.535999999999999e-05] 
PROD010_J 32 [0.00015263999999999995, 0.017867839999999992, 0.98173184, 5.183999999999999e-05, 5.183999999999999e-05, 5.183999999999999e-05, 9.215999999999996e-05] 
PROD010_K 1 [0.99950176, 0.0003772799999999999, 0.00012095999999999997] 
PROD012_DIRECTION I [0.99898144, 0.00101856] 
PROD012_I 39 [4.031999999999999e-05, 4.031999999999999e-05, 0.99452032, 0.005197439999999998, 4.031999999999999e-05, 4.031999999999999e-05, 4.031999999999999e-05, 4.031999999999999e-05, 4.031999999999999e-05] 
PROD012_J 40 [3.29890909090909e-05, 7.33090909090909e-05, 3.29890909090909e-05, 3.29890909090909e-05, 3.29890909090909e-05, 0.00013378909090909087, 3.29890909090909e-05, 0.014248989090909084, 3.29890909090909e-05, 0.0005129890909090907, 0.9848329890909091] 
PROD012_K 3 [0.00022175999999999996, 0.00016127999999999995, 0.99961696] 
PROD014_DIRECTION J [0.0018614399999999998, 0.99813856] 
PROD014_I 47 [5.183999999999999e-05, 0.99577216, 5.183999999999999e-05, 5.183999999999999e-05, 0.003968639999999999, 5.183999999999999e-05, 5.183999999999999e-05] 
PROD014_J 42 [3.628799999999999e-05, 3.628799999999999e-05, 3.628799999999999e-05, 0.000516288, 3.628799999999999e-05, 3.628799999999999e-05, 3.628799999999999e-05, 3.628799999999999e-05, 0.998876608, 0.00035308799999999994] 
PROD014_K 3 [0.00016127999999999995, 0.00012095999999999997, 0.99971776] 
PROD021_DIRECTION I [0.99929824, 0.0007017599999999998] 
PROD021_I 22 [3.023999999999999e-05, 3.023999999999999e-05, 7.055999999999997e-05, 0.0003470399999999999, 3.023999999999999e-05, 3.023999999999999e-05, 0.99931024, 3.023999999999999e-05, 3.023999999999999e-05, 3.023999999999999e-05, 3.023999999999999e-05, 3.023999999999999e-05] 
PROD021_J 38 [5.183999999999999e-05, 0.99583264, 5.183999999999999e-05, 0.0036518399999999986, 0.00030815999999999987, 5.183999999999999e-05, 5.183999999999999e-05] 
PROD021_K 2 [0.00132096, 0.99845728, 0.00022175999999999996] 
PROD023A_DIRECTION J [0.00039743999999999994, 0.99960256] 
PROD023A_I 56 [0.999608896, 0.000173376, 7.257599999999998e-05, 7.257599999999998e-05, 7.257599999999998e-05] 
PROD023A_J 17 [0.0002015999999999999, 6.047999999999998e-05, 6.047999999999998e-05, 0.015260479999999993, 0.98435648, 6.047999999999998e-05] 
PROD023A_K 3 [0.003720959999999999, 0.0019420799999999997, 0.99433696] 
PROD024A_I 57 [5.183999999999999e-05, 0.99954784, 9.215999999999996e-05, 5.183999999999999e-05, 0.00015263999999999995, 5.183999999999999e-05, 5.183999999999999e-05] 
PROD024A_J 33 [0.90013104, 0.09937071999999998, 0.00040751999999999987, 9.071999999999999e-05] 
PROD024A_K 1 [0.99975808, 0.00012095999999999997, 0.00012095999999999997] 
PROD025A_DIRECTION J [0.00018143999999999997, 0.99981856] 
PROD025A_I 54 [0.99776128, 6.047999999999998e-05, 0.0015167999999999998, 6.047999999999998e-05, 0.0005404799999999999, 6.047999999999998e-05] 
PROD025A_J 24 [7.257599999999998e-05, 7.257599999999998e-05, 0.0005928959999999999, 0.999088576, 0.000173376] 
PROD025A_K 1 [0.9003369600000001, 0.09950175999999997, 0.00016127999999999995] 
PROD026_DIRECTION I [0.99788224, 0.0021177599999999993] 
PROD026_I 48 [7.257599999999998e-05, 0.000173376, 7.257599999999998e-05, 0.999608896, 7.257599999999998e-05] 
PROD026_J 5 [0.00019295999999999997, 0.99933184, 5.183999999999999e-05, 5.183999999999999e-05, 5.183999999999999e-05, 0.00026783999999999993, 5.183999999999999e-05] 
PROD026_K 2 [0.00022175999999999996, 0.99961696, 0.00016127999999999995] 
INJ006_I 49 [0.99944128, 0.00010079999999999996, 6.047999999999998e-05, 0.00027647999999999995, 6.047999999999998e-05, 6.047999999999998e-05] 
INJ006_J 26 [4.535999999999999e-05, 4.535999999999999e-05, 4.535999999999999e-05, 0.00014616, 8.567999999999999e-05, 0.99594136, 0.003645359999999999, 4.535999999999999e-05] 
INJ006_K 15 [0.00013103999999999994, 0.01968751999999999, 9.071999999999999e-05, 0.98009072] 
INJ010_DIRECTION I [0.99960256, 0.00039743999999999994] 
INJ010_I 70 [7.257599999999998e-05, 0.000173376, 0.998152576, 0.0014885759999999997, 0.00011289599999999998] 
INJ010_J 38 [0.01596857599999999, 0.003773375999999999, 7.257599999999998e-05, 0.00011289599999999998, 0.980072576] 
INJ010_K 6 [0.98009072, 0.018931039999999993, 0.0008875199999999998, 9.071999999999999e-05] 
INJ017_DIRECTION J [0.00022175999999999996, 0.99977824] 
INJ017_I 36 [6.047999999999998e-05, 0.00027647999999999995, 0.00016127999999999995, 6.047999999999998e-05, 0.9993808, 6.047999999999998e-05] 
INJ017_J 26 [0.00015263999999999995, 9.215999999999996e-05, 0.0005318399999999999, 5.183999999999999e-05, 5.183999999999999e-05, 5.183999999999999e-05, 0.99906784] 
INJ017_K 15 [7.257599999999998e-05, 0.000173376, 7.257599999999998e-05, 0.999608896, 7.257599999999998e-05] 
INJ019_DIRECTION I [0.99621856, 0.0037814399999999988] 
INJ019_I 24 [0.99955648, 0.00010079999999999996, 6.047999999999998e-05, 6.047999999999998e-05, 0.00016127999999999995, 6.047999999999998e-05] 
INJ019_J 45 [9.071999999999999e-05, 0.9996875199999999, 9.071999999999999e-05, 0.00013103999999999994] 
INJ019_K 15 [9.071999999999999e-05, 0.00019151999999999993, 0.99937072, 0.0003470399999999999] 
INJ021_DIRECTION J [0.00022175999999999996, 0.99977824] 
INJ021_I 22 [0.0002966399999999999, 0.90014112, 4.031999999999999e-05, 0.09932031999999998, 4.031999999999999e-05, 4.031999999999999e-05, 4.031999999999999e-05, 4.031999999999999e-05, 4.031999999999999e-05] 
INJ021_J 27 [0.0037612799999999992, 6.047999999999998e-05, 0.9959968, 6.047999999999998e-05, 6.047999999999998e-05, 6.047999999999998e-05] 
INJ021_K 16 [0.00013103999999999994, 0.0003067199999999999, 0.00129072, 0.99827152] 
INJ022_DIRECTION I [0.99923776, 0.0007622399999999997] 
INJ022_I 67 [7.257599999999998e-05, 0.999568576, 0.000173376, 0.00011289599999999998, 7.257599999999998e-05] 
INJ022_J 20 [0.99937072, 9.071999999999999e-05, 0.00044783999999999986, 9.071999999999999e-05] 
INJ022_K 15 [7.257599999999998e-05, 7.257599999999998e-05, 0.0020088959999999996, 7.257599999999998e-05, 0.997773376] 
INJ023_DIRECTION J [0.00018143999999999997, 0.99981856] 
INJ023_I 37 [0.99406048, 6.047999999999998e-05, 0.00016127999999999995, 0.005556479999999999, 6.047999999999998e-05, 0.00010079999999999996] 
INJ023_J 9 [0.99766048, 6.047999999999998e-05, 6.047999999999998e-05, 0.0006412799999999997, 0.00010079999999999996, 0.0014764799999999996] 
INJ023_K 7 [0.99960256, 0.00039743999999999994] 
NA1A_CONSIDER 0 [0.99977824, 0.00022175999999999996] 

Elite 5 OF_MAX_VPL 2810317431.06
NA2_CONSIDER 0 [0.99792256, 0.00207744] 
NA3D_CONSIDER 1 [0.00022175999999999996, 0.99977824] 
PltPRDSTL_PltPRDSTO 19375 [7.660799999999998e-05, 3.628799999999999e-05, 3.628799999999999e-05, 3.628799999999999e-05, 3.628799999999999e-05, 0.999633088, 3.628799999999999e-05, 3.628799999999999e-05, 3.628799999999999e-05, 3.628799999999999e-05] 
PltPRDSTW 8370 [0.0014015999999999998, 6.047999999999998e-05, 6.047999999999998e-05, 6.047999999999998e-05, 6.047999999999998e-05, 0.99835648] 
PltINJSTW 32550 [0.99952624, 3.023999999999999e-05, 7.055999999999997e-05, 3.023999999999999e-05, 3.023999999999999e-05, 3.023999999999999e-05, 3.023999999999999e-05, 3.023999999999999e-05, 3.023999999999999e-05, 0.00013103999999999994, 3.023999999999999e-05, 3.023999999999999e-05] 
PROD005_DIRECTION I [0.99956224, 0.00043775999999999977] 
PROD005_I 28 [9.071999999999999e-05, 0.00040751999999999987, 0.99937072, 0.00013103999999999994] 
PROD005_J 21 [4.535999999999999e-05, 4.535999999999999e-05, 4.535999999999999e-05, 4.535999999999999e-05, 4.535999999999999e-05, 0.9996421600000001, 8.567999999999999e-05, 4.535999999999999e-05] 
PROD005_K 1 [0.99971776, 0.00016127999999999995, 0.00012095999999999997] 
PROD006_I 52 [9.071999999999999e-05, 0.99958672, 0.00023183999999999995, 9.071999999999999e-05] 
PROD006_J 2 [0.99981856, 0.00018143999999999997] 
PROD007_I 59 [0.999709696, 7.257599999999998e-05, 7.257599999999998e-05, 7.257599999999998e-05, 7.257599999999998e-05] 
PROD007_J 10 [0.99944128, 0.00043775999999999977, 0.00012095999999999997] 
PROD009_DIRECTION J [0.0014822399999999997, 0.99851776] 
PROD009_I 8 [7.257599999999998e-05, 7.257599999999998e-05, 0.0037128959999999985, 0.995968576, 0.000173376] 
PROD009_J 40 [0.00015263999999999995, 5.183999999999999e-05, 0.99834784, 0.0012921599999999997, 5.183999999999999e-05, 5.183999999999999e-05, 5.183999999999999e-05] 
PROD009_K 1 [0.99793696, 0.0006412799999999997, 0.00142176] 
PROD010_DIRECTION J [0.00018143999999999997, 0.99981856] 
PROD010_I 31 [4.535999999999999e-05, 0.00026136, 0.99942616, 4.535999999999999e-05, 8.567999999999999e-05, 4.535999999999999e-05, 4.535999999999999e-05, 4.535999999999999e-05] 
PROD010_J 32 [0.00015263999999999995, 0.017867839999999992, 0.98173184, 5.183999999999999e-05, 5.183999999999999e-05, 5.183999999999999e-05, 9.215999999999996e-05] 
PROD010_K 1 [0.99950176, 0.0003772799999999999, 0.00012095999999999997] 
PROD012_DIRECTION I [0.99898144, 0.00101856] 
PROD012_I 39 [4.031999999999999e-05, 4.031999999999999e-05, 0.99452032, 0.005197439999999998, 4.031999999999999e-05, 4.031999999999999e-05, 4.031999999999999e-05, 4.031999999999999e-05, 4.031999999999999e-05] 
PROD012_J 40 [3.29890909090909e-05, 7.33090909090909e-05, 3.29890909090909e-05, 3.29890909090909e-05, 3.29890909090909e-05, 0.00013378909090909087, 3.29890909090909e-05, 0.014248989090909084, 3.29890909090909e-05, 0.0005129890909090907, 0.9848329890909091] 
PROD012_K 3 [0.00022175999999999996, 0.00016127999999999995, 0.99961696] 
PROD014_DIRECTION J [0.0018614399999999998, 0.99813856] 
PROD014_I 47 [5.183999999999999e-05, 0.99577216, 5.183999999999999e-05, 5.183999999999999e-05, 0.003968639999999999, 5.183999999999999e-05, 5.183999999999999e-05] 
PROD014_J 42 [3.628799999999999e-05, 3.628799999999999e-05, 3.628799999999999e-05, 0.000516288, 3.628799999999999e-05, 3.628799999999999e-05, 3.628799999999999e-05, 3.628799999999999e-05, 0.998876608, 0.00035308799999999994] 
PROD014_K 3 [0.00016127999999999995, 0.00012095999999999997, 0.99971776] 
PROD021_DIRECTION I [0.99929824, 0.0007017599999999998] 
PROD021_I 22 [3.023999999999999e-05, 3.023999999999999e-05, 7.055999999999997e-05, 0.0003470399999999999, 3.023999999999999e-05, 3.023999999999999e-05, 0.99931024, 3.023999999999999e-05, 3.023999999999999e-05, 3.023999999999999e-05, 3.023999999999999e-05, 3.023999999999999e-05] 
PROD021_J 38 [5.183999999999999e-05, 0.99583264, 5.183999999999999e-05, 0.0036518399999999986, 0.00030815999999999987, 5.183999999999999e-05, 5.183999999999999e-05] 
PROD021_K 2 [0.00132096, 0.99845728, 0.00022175999999999996] 
PROD023A_DIRECTION J [0.00039743999999999994, 0.99960256] 
PROD023A_I 56 [0.999608896, 0.000173376, 7.257599999999998e-05, 7.257599999999998e-05, 7.257599999999998e-05] 
PROD023A_J 17 [0.0002015999999999999, 6.047999999999998e-05, 6.047999999999998e-05, 0.015260479999999993, 0.98435648, 6.047999999999998e-05] 
PROD023A_K 3 [0.003720959999999999, 0.0019420799999999997, 0.99433696] 
PROD024A_I 57 [5.183999999999999e-05, 0.99954784, 9.215999999999996e-05, 5.183999999999999e-05, 0.00015263999999999995, 5.183999999999999e-05, 5.183999999999999e-05] 
PROD024A_J 33 [0.90013104, 0.09937071999999998, 0.00040751999999999987, 9.071999999999999e-05] 
PROD024A_K 1 [0.99975808, 0.00012095999999999997, 0.00012095999999999997] 
PROD025A_DIRECTION J [0.00018143999999999997, 0.99981856] 
PROD025A_I 54 [0.99776128, 6.047999999999998e-05, 0.0015167999999999998, 6.047999999999998e-05, 0.0005404799999999999, 6.047999999999998e-05] 
PROD025A_J 24 [7.257599999999998e-05, 7.257599999999998e-05, 0.0005928959999999999, 0.999088576, 0.000173376] 
PROD025A_K 1 [0.9003369600000001, 0.09950175999999997, 0.00016127999999999995] 
PROD026_DIRECTION I [0.99788224, 0.0021177599999999993] 
PROD026_I 48 [7.257599999999998e-05, 0.000173376, 7.257599999999998e-05, 0.999608896, 7.257599999999998e-05] 
PROD026_J 5 [0.00019295999999999997, 0.99933184, 5.183999999999999e-05, 5.183999999999999e-05, 5.183999999999999e-05, 0.00026783999999999993, 5.183999999999999e-05] 
PROD026_K 2 [0.00022175999999999996, 0.99961696, 0.00016127999999999995] 
INJ006_I 49 [0.99944128, 0.00010079999999999996, 6.047999999999998e-05, 0.00027647999999999995, 6.047999999999998e-05, 6.047999999999998e-05] 
INJ006_J 26 [4.535999999999999e-05, 4.535999999999999e-05, 4.535999999999999e-05, 0.00014616, 8.567999999999999e-05, 0.99594136, 0.003645359999999999, 4.535999999999999e-05] 
INJ006_K 15 [0.00013103999999999994, 0.01968751999999999, 9.071999999999999e-05, 0.98009072] 
INJ010_DIRECTION I [0.99960256, 0.00039743999999999994] 
INJ010_I 70 [7.257599999999998e-05, 0.000173376, 0.998152576, 0.0014885759999999997, 0.00011289599999999998] 
INJ010_J 38 [0.01596857599999999, 0.003773375999999999, 7.257599999999998e-05, 0.00011289599999999998, 0.980072576] 
INJ010_K 6 [0.98009072, 0.018931039999999993, 0.0008875199999999998, 9.071999999999999e-05] 
INJ017_DIRECTION J [0.00022175999999999996, 0.99977824] 
INJ017_I 36 [6.047999999999998e-05, 0.00027647999999999995, 0.00016127999999999995, 6.047999999999998e-05, 0.9993808, 6.047999999999998e-05] 
INJ017_J 26 [0.00015263999999999995, 9.215999999999996e-05, 0.0005318399999999999, 5.183999999999999e-05, 5.183999999999999e-05, 5.183999999999999e-05, 0.99906784] 
INJ017_K 15 [7.257599999999998e-05, 0.000173376, 7.257599999999998e-05, 0.999608896, 7.257599999999998e-05] 
INJ019_DIRECTION I [0.99621856, 0.0037814399999999988] 
INJ019_I 24 [0.99955648, 0.00010079999999999996, 6.047999999999998e-05, 6.047999999999998e-05, 0.00016127999999999995, 6.047999999999998e-05] 
INJ019_J 45 [9.071999999999999e-05, 0.9996875199999999, 9.071999999999999e-05, 0.00013103999999999994] 
INJ019_K 15 [9.071999999999999e-05, 0.00019151999999999993, 0.99937072, 0.0003470399999999999] 
INJ021_DIRECTION J [0.00022175999999999996, 0.99977824] 
INJ021_I 22 [0.0002966399999999999, 0.90014112, 4.031999999999999e-05, 0.09932031999999998, 4.031999999999999e-05, 4.031999999999999e-05, 4.031999999999999e-05, 4.031999999999999e-05, 4.031999999999999e-05] 
INJ021_J 27 [0.0037612799999999992, 6.047999999999998e-05, 0.9959968, 6.047999999999998e-05, 6.047999999999998e-05, 6.047999999999998e-05] 
INJ021_K 16 [0.00013103999999999994, 0.0003067199999999999, 0.00129072, 0.99827152] 
INJ022_DIRECTION I [0.99923776, 0.0007622399999999997] 
INJ022_I 67 [7.257599999999998e-05, 0.999568576, 0.000173376, 0.00011289599999999998, 7.257599999999998e-05] 
INJ022_J 20 [0.99937072, 9.071999999999999e-05, 0.00044783999999999986, 9.071999999999999e-05] 
INJ022_K 15 [7.257599999999998e-05, 7.257599999999998e-05, 0.0020088959999999996, 7.257599999999998e-05, 0.997773376] 
INJ023_DIRECTION J [0.00018143999999999997, 0.99981856] 
INJ023_I 37 [0.99406048, 6.047999999999998e-05, 0.00016127999999999995, 0.005556479999999999, 6.047999999999998e-05, 0.00010079999999999996] 
INJ023_J 9 [0.99766048, 6.047999999999998e-05, 6.047999999999998e-05, 0.0006412799999999997, 0.00010079999999999996, 0.0014764799999999996] 
INJ023_K 7 [0.99960256, 0.00039743999999999994] 
NA1A_CONSIDER 0 [0.99977824, 0.00022175999999999996] 

