Elite 1 OF_MAX_VPL 2872346028.8
NA2_CONSIDER 0 [0.8903479376299177, 0.10965206237008235] 
NA3D_CONSIDER 0 [0.8408558393570835, 0.15914416064291634] 
PltPRDSTL_PltPRDSTO 23250 [0.5014614513342319, 0.05277675753504069, 0.05277675753504069, 0.07601712384463527, 0.05277675753504069, 0.05277675753504069, 0.05308412207584785, 0.05277675753504069, 0.05277675753504069, 0.05277675753504069] 
PltPRDSTW 9765 [0.06863781831793742, 0.06863781831793742, 0.06863781831793742, 0.6496628303549479, 0.06863781831793742, 0.07578589637330249] 
PltINJSTW 27210 [0.04782086202693192, 0.047721111748616325, 0.047721111748616325, 0.047721111748616325, 0.45563514987914255, 0.06684023175998821, 0.047934862345006886, 0.047721111748616325, 0.047721111748616325, 0.047721111748616325, 0.047721111748616325, 0.047721111748616325] 
PROD005_DIRECTION J [0.8914204510040463, 0.10857954899595369] 
PROD005_I 27 [0.0805711520177617, 0.7537367288051935, 0.08512096715928308, 0.0805711520177617] 
PROD005_J 21 [0.05882378863298981, 0.05865940485741526, 0.05865940485741526, 0.05865940485741526, 0.05865940485741526, 0.5573601191031484, 0.06494825844296719, 0.08423021439123356] 
PROD005_K 2 [0.08893671982768357, 0.8216838068049666, 0.08937947336735] 
PROD006_I 54 [0.07750219544933529, 0.12589371722785145, 0.0778524730218314, 0.7187516143009819] 
PROD006_J 3 [0.09818657671793085, 0.9018134232820691] 
PROD007_I 60 [0.07494291769512215, 0.7003257051616095, 0.07472990782178267, 0.07518635755036727, 0.07481511177111846] 
PROD007_J 12 [0.08875950241248444, 0.08904549067240577, 0.8221950069151098] 
PROD009_DIRECTION I [0.9018134232820691, 0.09818657671793085] 
PROD009_I 5 [0.7005629006550996, 0.0747850247298729, 0.07486988199427541, 0.07499716789087918, 0.0747850247298729] 
PROD009_J 41 [0.06255374651544755, 0.5905237708683726, 0.06255374651544755, 0.06255374651544755, 0.06602666963644285, 0.09316444710114327, 0.06262387284769842] 
PROD009_K 1 [0.818905006590314, 0.09292491761935576, 0.08817007579033018] 
PROD010_DIRECTION J [0.09918472826290448, 0.9008152717370956] 
PROD010_I 36 [0.060725468851464175, 0.06066688910821312, 0.06066688910821312, 0.06066688910821312, 0.06066688910821312, 0.06066688910821312, 0.06112715851947143, 0.5748129270879989] 
PROD010_J 35 [0.06470893783104163, 0.06470893783104163, 0.06506169662612003, 0.06470893783104163, 0.06470893783104163, 0.6111631451392205, 0.06493940691049285] 
PROD010_K 2 [0.08889959271335655, 0.8223151176207028, 0.08878528966594054] 
PROD012_DIRECTION I [0.9009283167130178, 0.09907168328698238] 
PROD012_I 40 [0.05572113101021948, 0.05572113101021948, 0.05577494316480026, 0.5280227243150384, 0.05572113101021948, 0.05572113101021948, 0.08145273667285258, 0.055855661396671426, 0.05600941040975936] 
PROD012_J 39 [0.05113764839109724, 0.051366965386396096, 0.05113764839109724, 0.05113764839109724, 0.05113764839109724, 0.05124466298890338, 0.05113764839109724, 0.05113764839109724, 0.05113764839109724, 0.4882443786568001, 0.0511804542302197] 
PROD012_K 2 [0.08955165529944248, 0.8216838068049663, 0.08876453789559105] 
PROD014_DIRECTION I [0.9015323943171113, 0.0984676056828888] 
PROD014_I 50 [0.06442835236438084, 0.06764617015685048, 0.06442835236438084, 0.064599426221702, 0.6100409941639242, 0.06442835236438084, 0.06442835236438084] 
PROD014_J 38 [0.05337651794139306, 0.05337651794139306, 0.05337651794139306, 0.05337651794139306, 0.511881274904456, 0.05337651794139306, 0.05386622905647453, 0.05337651794139306, 0.060616870449317906, 0.05337651794139306] 
PROD014_K 2 [0.08885674466276897, 0.822114825337786, 0.08902842999944499] 
PROD021_DIRECTION I [0.9009283167130178, 0.09907168328698238] 
PROD021_I 14 [0.4650871980809383, 0.048624928266747657, 0.048624928266747657, 0.048624928266747657, 0.048624928266747657, 0.048624928266747657, 0.048624928266747657, 0.04866351925158506, 0.048624928266747657, 0.048624928266747657, 0.048624928266747657, 0.048624928266747657] 
PROD021_J 38 [0.06278131971446886, 0.5907664067796091, 0.09525982531352913, 0.06284848904898642, 0.06278131971446886, 0.06278131971446886, 0.06278131971446886] 
PROD021_K 3 [0.09292491761935576, 0.08817007579033018, 0.818905006590314] 
PROD023A_DIRECTION I [0.9010977164976934, 0.09890228350230668] 
PROD023A_I 57 [0.07482079284013869, 0.7007168286394453, 0.07482079284013869, 0.07482079284013869, 0.07482079284013869] 
PROD023A_J 17 [0.10391259915440167, 0.06701923184767104, 0.06709513916773388, 0.06701923184767104, 0.6279345661348513, 0.06701923184767104] 
PROD023A_K 1 [0.12759749120532612, 0.7883206170295268, 0.08408189176514708] 
PROD024A_I 56 [0.6113046900354562, 0.0647443300747219, 0.06490813687201641, 0.0647443300747219, 0.0647443300747219, 0.06480985279363971, 0.0647443300747219] 
PROD024A_J 35 [0.08117993499771407, 0.08117993499771407, 0.7564601950068578, 0.08117993499771407] 
PROD024A_K 2 [0.08854040496680775, 0.8182443666442462, 0.0932152283889461] 
PROD025A_DIRECTION I [0.9014198272830823, 0.09858017271691766] 
PROD025A_I 59 [0.06936765488356231, 0.06936765488356231, 0.06944207697697485, 0.06976634466970096, 0.06936765488356231, 0.6526886137026373] 
PROD025A_J 23 [0.0748407267950157, 0.07521126611516699, 0.7004366371221504, 0.07475568498383343, 0.07475568498383343] 
PROD025A_K 3 [0.08864974994086272, 0.08966644325417081, 0.8216838068049663] 
PROD026_DIRECTION I [0.9015323943171113, 0.0984676056828888] 
PROD026_I 49 [0.07195160355616952, 0.07186206369551254, 0.07186206369551254, 0.11117077315774654, 0.6731534958950588] 
PROD026_J 4 [0.6087776453199578, 0.06411246142568963, 0.06429080034740686, 0.06411246142568963, 0.06411246142568963, 0.07048170862987668, 0.06411246142568963] 
PROD026_K 2 [0.08444351515282715, 0.7755074083994409, 0.14004907644773204] 
INJ006_I 50 [0.06941128421262667, 0.6528694937839754, 0.06941128421262667, 0.06948536936551779, 0.06941128421262667, 0.06941128421262667] 
INJ006_J 23 [0.06070930208399873, 0.06070930208399873, 0.5749767601442773, 0.06070930208399873, 0.06070930208399873, 0.06070930208399873, 0.06070930208399873, 0.06076742735173034] 
INJ006_K 13 [0.08147695593605464, 0.08113405328842113, 0.7562549374871032, 0.08113405328842113] 
INJ010_DIRECTION J [0.09818657671793085, 0.9018134232820691] 
INJ010_I 66 [0.7003257051616095, 0.07472990782178267, 0.07527156149970306, 0.07472990782178267, 0.07494291769512215] 
INJ010_J 34 [0.07205125926710915, 0.07181197495368938, 0.6792788834524088, 0.07181197495368938, 0.10504590737310322] 
INJ010_K 15 [0.7191594851428019, 0.0775199256448679, 0.12570042839291842, 0.07762016081941185] 
INJ017_DIRECTION I [0.9018134232820691, 0.09818657671793085] 
INJ017_I 38 [0.06698211827129766, 0.06698211827129766, 0.06698211827129766, 0.06758234758449432, 0.1035112254633158, 0.6279600721382969] 
INJ017_J 24 [0.06251113939520034, 0.06258723622747248, 0.06251113939520034, 0.06627974442201123, 0.08893365060080557, 0.5946659505641096, 0.06251113939520034] 
INJ017_K 15 [0.07445885279431762, 0.0743713937944729, 0.0743713937944729, 0.6987828408287335, 0.07801551878800302] 
INJ019_DIRECTION J [0.09907168328698238, 0.9009283167130178] 
INJ019_I 26 [0.06941128421262667, 0.6528694937839754, 0.06941128421262667, 0.06941128421262667, 0.06941128421262667, 0.06948536936551779] 
INJ019_J 45 [0.08163511510120876, 0.756145640956874, 0.0811096219709586, 0.0811096219709586] 
INJ019_K 6 [0.7564016463117725, 0.081166847466448, 0.0812646587553313, 0.081166847466448] 
INJ021_DIRECTION J [0.14216747904956856, 0.8578325209504315] 
INJ021_I 27 [0.05549054301880019, 0.07865100821310429, 0.055431647408102046, 0.060690184077579146, 0.0555788864348474, 0.055431647408102046, 0.5278627886232607, 0.055431647408102046, 0.055431647408102046] 
INJ021_J 33 [0.07221994888240243, 0.06919419918362626, 0.06941492256590781, 0.06900106622412991, 0.06900106622412991, 0.6511687969198038] 
INJ021_K 16 [0.08116684746644803, 0.08126465875533133, 0.08116684746644803, 0.7564016463117726] 
INJ022_DIRECTION J [0.09818657671793085, 0.9018134232820691] 
INJ022_I 73 [0.07472990782178265, 0.07539936742370673, 0.07472990782178265, 0.07481511177111845, 0.7003257051616094] 
INJ022_J 22 [0.08123202547345929, 0.7562549374871032, 0.08113405328842113, 0.0813789837510165] 
INJ022_K 6 [0.7003257051616095, 0.07527156149970306, 0.07472990782178267, 0.07472990782178267, 0.07494291769512215] 
INJ023_DIRECTION J [0.09907168328698238, 0.9009283167130178] 
INJ023_I 39 [0.06698211827129766, 0.6279600721382969, 0.1035112254633158, 0.06717310032549659, 0.06698211827129766, 0.06739136553029537] 
INJ023_J 11 [0.06699480862876026, 0.6280923048483359, 0.06699480862876026, 0.1035192654769135, 0.06740400378846986, 0.06699480862876026] 
INJ023_K 15 [0.09818657671793085, 0.9018134232820691] 
NA1A_CONSIDER 1 [0.15914416064291634, 0.8408558393570835] 

Elite 2 OF_MAX_VPL 2838087636.71
NA2_CONSIDER 0 [0.8903479376299177, 0.10965206237008235] 
NA3D_CONSIDER 0 [0.8408558393570835, 0.15914416064291634] 
PltPRDSTL_PltPRDSTO 23250 [0.5014614513342319, 0.05277675753504069, 0.05277675753504069, 0.07601712384463527, 0.05277675753504069, 0.05277675753504069, 0.05308412207584785, 0.05277675753504069, 0.05277675753504069, 0.05277675753504069] 
PltPRDSTW 9765 [0.06863781831793742, 0.06863781831793742, 0.06863781831793742, 0.6496628303549479, 0.06863781831793742, 0.07578589637330249] 
PltINJSTW 27210 [0.04782086202693192, 0.047721111748616325, 0.047721111748616325, 0.047721111748616325, 0.45563514987914255, 0.06684023175998821, 0.047934862345006886, 0.047721111748616325, 0.047721111748616325, 0.047721111748616325, 0.047721111748616325, 0.047721111748616325] 
PROD005_DIRECTION I [0.8914204510040463, 0.10857954899595369] 
PROD005_I 27 [0.0805711520177617, 0.7537367288051935, 0.08512096715928308, 0.0805711520177617] 
PROD005_J 21 [0.05882378863298981, 0.05865940485741526, 0.05865940485741526, 0.05865940485741526, 0.05865940485741526, 0.5573601191031484, 0.06494825844296719, 0.08423021439123356] 
PROD005_K 2 [0.08893671982768357, 0.8216838068049666, 0.08937947336735] 
PROD006_I 54 [0.07750219544933529, 0.12589371722785145, 0.0778524730218314, 0.7187516143009819] 
PROD006_J 3 [0.09818657671793085, 0.9018134232820691] 
PROD007_I 60 [0.07494291769512215, 0.7003257051616095, 0.07472990782178267, 0.07518635755036727, 0.07481511177111846] 
PROD007_J 12 [0.08875950241248444, 0.08904549067240577, 0.8221950069151098] 
PROD009_DIRECTION I [0.9018134232820691, 0.09818657671793085] 
PROD009_I 5 [0.7005629006550996, 0.0747850247298729, 0.07486988199427541, 0.07499716789087918, 0.0747850247298729] 
PROD009_J 39 [0.06255374651544755, 0.5905237708683726, 0.06255374651544755, 0.06255374651544755, 0.06602666963644285, 0.09316444710114327, 0.06262387284769842] 
PROD009_K 1 [0.818905006590314, 0.09292491761935576, 0.08817007579033018] 
PROD010_DIRECTION J [0.09918472826290448, 0.9008152717370956] 
PROD010_I 36 [0.060725468851464175, 0.06066688910821312, 0.06066688910821312, 0.06066688910821312, 0.06066688910821312, 0.06066688910821312, 0.06112715851947143, 0.5748129270879989] 
PROD010_J 35 [0.06470893783104163, 0.06470893783104163, 0.06506169662612003, 0.06470893783104163, 0.06470893783104163, 0.6111631451392205, 0.06493940691049285] 
PROD010_K 2 [0.08889959271335655, 0.8223151176207028, 0.08878528966594054] 
PROD012_DIRECTION I [0.9009283167130178, 0.09907168328698238] 
PROD012_I 40 [0.05572113101021948, 0.05572113101021948, 0.05577494316480026, 0.5280227243150384, 0.05572113101021948, 0.05572113101021948, 0.08145273667285258, 0.055855661396671426, 0.05600941040975936] 
PROD012_J 39 [0.05113764839109724, 0.051366965386396096, 0.05113764839109724, 0.05113764839109724, 0.05113764839109724, 0.05124466298890338, 0.05113764839109724, 0.05113764839109724, 0.05113764839109724, 0.4882443786568001, 0.0511804542302197] 
PROD012_K 2 [0.08955165529944248, 0.8216838068049663, 0.08876453789559105] 
PROD014_DIRECTION I [0.9015323943171113, 0.0984676056828888] 
PROD014_I 50 [0.06442835236438084, 0.06764617015685048, 0.06442835236438084, 0.064599426221702, 0.6100409941639242, 0.06442835236438084, 0.06442835236438084] 
PROD014_J 38 [0.05337651794139306, 0.05337651794139306, 0.05337651794139306, 0.05337651794139306, 0.511881274904456, 0.05337651794139306, 0.05386622905647453, 0.05337651794139306, 0.060616870449317906, 0.05337651794139306] 
PROD014_K 2 [0.08885674466276897, 0.822114825337786, 0.08902842999944499] 
PROD021_DIRECTION I [0.9009283167130178, 0.09907168328698238] 
PROD021_I 14 [0.4650871980809383, 0.048624928266747657, 0.048624928266747657, 0.048624928266747657, 0.048624928266747657, 0.048624928266747657, 0.048624928266747657, 0.04866351925158506, 0.048624928266747657, 0.048624928266747657, 0.048624928266747657, 0.048624928266747657] 
PROD021_J 38 [0.06278131971446886, 0.5907664067796091, 0.09525982531352913, 0.06284848904898642, 0.06278131971446886, 0.06278131971446886, 0.06278131971446886] 
PROD021_K 3 [0.09292491761935576, 0.08817007579033018, 0.818905006590314] 
PROD023A_DIRECTION I [0.9010977164976934, 0.09890228350230668] 
PROD023A_I 57 [0.07482079284013869, 0.7007168286394453, 0.07482079284013869, 0.07482079284013869, 0.07482079284013869] 
PROD023A_J 17 [0.10391259915440167, 0.06701923184767104, 0.06709513916773388, 0.06701923184767104, 0.6279345661348513, 0.06701923184767104] 
PROD023A_K 2 [0.12759749120532612, 0.7883206170295268, 0.08408189176514708] 
PROD024A_I 56 [0.6113046900354562, 0.0647443300747219, 0.06490813687201641, 0.0647443300747219, 0.0647443300747219, 0.06480985279363971, 0.0647443300747219] 
PROD024A_J 35 [0.08117993499771407, 0.08117993499771407, 0.7564601950068578, 0.08117993499771407] 
PROD024A_K 2 [0.08854040496680775, 0.8182443666442462, 0.0932152283889461] 
PROD025A_DIRECTION I [0.9014198272830823, 0.09858017271691766] 
PROD025A_I 59 [0.06936765488356231, 0.06936765488356231, 0.06944207697697485, 0.06976634466970096, 0.06936765488356231, 0.6526886137026373] 
PROD025A_J 23 [0.0748407267950157, 0.07521126611516699, 0.7004366371221504, 0.07475568498383343, 0.07475568498383343] 
PROD025A_K 3 [0.08864974994086272, 0.08966644325417081, 0.8216838068049663] 
PROD026_DIRECTION I [0.9015323943171113, 0.0984676056828888] 
PROD026_I 49 [0.07195160355616952, 0.07186206369551254, 0.07186206369551254, 0.11117077315774654, 0.6731534958950588] 
PROD026_J 4 [0.6087776453199578, 0.06411246142568963, 0.06429080034740686, 0.06411246142568963, 0.06411246142568963, 0.07048170862987668, 0.06411246142568963] 
PROD026_K 2 [0.08444351515282715, 0.7755074083994409, 0.14004907644773204] 
INJ006_I 50 [0.06941128421262667, 0.6528694937839754, 0.06941128421262667, 0.06948536936551779, 0.06941128421262667, 0.06941128421262667] 
INJ006_J 23 [0.06070930208399873, 0.06070930208399873, 0.5749767601442773, 0.06070930208399873, 0.06070930208399873, 0.06070930208399873, 0.06070930208399873, 0.06076742735173034] 
INJ006_K 13 [0.08147695593605464, 0.08113405328842113, 0.7562549374871032, 0.08113405328842113] 
INJ010_DIRECTION J [0.09818657671793085, 0.9018134232820691] 
INJ010_I 66 [0.7003257051616095, 0.07472990782178267, 0.07527156149970306, 0.07472990782178267, 0.07494291769512215] 
INJ010_J 34 [0.07205125926710915, 0.07181197495368938, 0.6792788834524088, 0.07181197495368938, 0.10504590737310322] 
INJ010_K 6 [0.7191594851428019, 0.0775199256448679, 0.12570042839291842, 0.07762016081941185] 
INJ017_DIRECTION I [0.9018134232820691, 0.09818657671793085] 
INJ017_I 38 [0.06698211827129766, 0.06698211827129766, 0.06698211827129766, 0.06758234758449432, 0.1035112254633158, 0.6279600721382969] 
INJ017_J 24 [0.06251113939520034, 0.06258723622747248, 0.06251113939520034, 0.06627974442201123, 0.08893365060080557, 0.5946659505641096, 0.06251113939520034] 
INJ017_K 15 [0.07445885279431762, 0.0743713937944729, 0.0743713937944729, 0.6987828408287335, 0.07801551878800302] 
INJ019_DIRECTION J [0.09907168328698238, 0.9009283167130178] 
INJ019_I 26 [0.06941128421262667, 0.6528694937839754, 0.06941128421262667, 0.06941128421262667, 0.06941128421262667, 0.06948536936551779] 
INJ019_J 45 [0.08163511510120876, 0.756145640956874, 0.0811096219709586, 0.0811096219709586] 
INJ019_K 6 [0.7564016463117725, 0.081166847466448, 0.0812646587553313, 0.081166847466448] 
INJ021_DIRECTION I [0.14216747904956856, 0.8578325209504315] 
INJ021_I 27 [0.05549054301880019, 0.07865100821310429, 0.055431647408102046, 0.060690184077579146, 0.0555788864348474, 0.055431647408102046, 0.5278627886232607, 0.055431647408102046, 0.055431647408102046] 
INJ021_J 33 [0.07221994888240243, 0.06919419918362626, 0.06941492256590781, 0.06900106622412991, 0.06900106622412991, 0.6511687969198038] 
INJ021_K 16 [0.08116684746644803, 0.08126465875533133, 0.08116684746644803, 0.7564016463117726] 
INJ022_DIRECTION J [0.09818657671793085, 0.9018134232820691] 
INJ022_I 73 [0.07472990782178265, 0.07539936742370673, 0.07472990782178265, 0.07481511177111845, 0.7003257051616094] 
INJ022_J 26 [0.08123202547345929, 0.7562549374871032, 0.08113405328842113, 0.0813789837510165] 
INJ022_K 6 [0.7003257051616095, 0.07527156149970306, 0.07472990782178267, 0.07472990782178267, 0.07494291769512215] 
INJ023_DIRECTION J [0.09907168328698238, 0.9009283167130178] 
INJ023_I 39 [0.06698211827129766, 0.6279600721382969, 0.1035112254633158, 0.06717310032549659, 0.06698211827129766, 0.06739136553029537] 
INJ023_J 11 [0.06699480862876026, 0.6280923048483359, 0.06699480862876026, 0.1035192654769135, 0.06740400378846986, 0.06699480862876026] 
INJ023_K 15 [0.09818657671793085, 0.9018134232820691] 
NA1A_CONSIDER 1 [0.15914416064291634, 0.8408558393570835] 

Elite 3 OF_MAX_VPL 2835608502.86
NA2_CONSIDER 0 [0.8903479376299177, 0.10965206237008235] 
NA3D_CONSIDER 0 [0.8408558393570835, 0.15914416064291634] 
PltPRDSTL_PltPRDSTO 20925 [0.5014614513342319, 0.05277675753504069, 0.05277675753504069, 0.07601712384463527, 0.05277675753504069, 0.05277675753504069, 0.05308412207584785, 0.05277675753504069, 0.05277675753504069, 0.05277675753504069] 
PltPRDSTW 9765 [0.06863781831793742, 0.06863781831793742, 0.06863781831793742, 0.6496628303549479, 0.06863781831793742, 0.07578589637330249] 
PltINJSTW 27210 [0.04782086202693192, 0.047721111748616325, 0.047721111748616325, 0.047721111748616325, 0.45563514987914255, 0.06684023175998821, 0.047934862345006886, 0.047721111748616325, 0.047721111748616325, 0.047721111748616325, 0.047721111748616325, 0.047721111748616325] 
PROD005_DIRECTION I [0.8914204510040463, 0.10857954899595369] 
PROD005_I 27 [0.0805711520177617, 0.7537367288051935, 0.08512096715928308, 0.0805711520177617] 
PROD005_J 21 [0.05882378863298981, 0.05865940485741526, 0.05865940485741526, 0.05865940485741526, 0.05865940485741526, 0.5573601191031484, 0.06494825844296719, 0.08423021439123356] 
PROD005_K 2 [0.08893671982768357, 0.8216838068049666, 0.08937947336735] 
PROD006_I 54 [0.07750219544933529, 0.12589371722785145, 0.0778524730218314, 0.7187516143009819] 
PROD006_J 3 [0.09818657671793085, 0.9018134232820691] 
PROD007_I 60 [0.07494291769512215, 0.7003257051616095, 0.07472990782178267, 0.07518635755036727, 0.07481511177111846] 
PROD007_J 12 [0.08875950241248444, 0.08904549067240577, 0.8221950069151098] 
PROD009_DIRECTION I [0.9018134232820691, 0.09818657671793085] 
PROD009_I 5 [0.7005629006550996, 0.0747850247298729, 0.07486988199427541, 0.07499716789087918, 0.0747850247298729] 
PROD009_J 39 [0.06255374651544755, 0.5905237708683726, 0.06255374651544755, 0.06255374651544755, 0.06602666963644285, 0.09316444710114327, 0.06262387284769842] 
PROD009_K 1 [0.818905006590314, 0.09292491761935576, 0.08817007579033018] 
PROD010_DIRECTION J [0.09918472826290448, 0.9008152717370956] 
PROD010_I 36 [0.060725468851464175, 0.06066688910821312, 0.06066688910821312, 0.06066688910821312, 0.06066688910821312, 0.06066688910821312, 0.06112715851947143, 0.5748129270879989] 
PROD010_J 35 [0.06470893783104163, 0.06470893783104163, 0.06506169662612003, 0.06470893783104163, 0.06470893783104163, 0.6111631451392205, 0.06493940691049285] 
PROD010_K 2 [0.08889959271335655, 0.8223151176207028, 0.08878528966594054] 
PROD012_DIRECTION I [0.9009283167130178, 0.09907168328698238] 
PROD012_I 40 [0.05572113101021948, 0.05572113101021948, 0.05577494316480026, 0.5280227243150384, 0.05572113101021948, 0.05572113101021948, 0.08145273667285258, 0.055855661396671426, 0.05600941040975936] 
PROD012_J 39 [0.05113764839109724, 0.051366965386396096, 0.05113764839109724, 0.05113764839109724, 0.05113764839109724, 0.05124466298890338, 0.05113764839109724, 0.05113764839109724, 0.05113764839109724, 0.4882443786568001, 0.0511804542302197] 
PROD012_K 2 [0.08955165529944248, 0.8216838068049663, 0.08876453789559105] 
PROD014_DIRECTION I [0.9015323943171113, 0.0984676056828888] 
PROD014_I 50 [0.06442835236438084, 0.06764617015685048, 0.06442835236438084, 0.064599426221702, 0.6100409941639242, 0.06442835236438084, 0.06442835236438084] 
PROD014_J 38 [0.05337651794139306, 0.05337651794139306, 0.05337651794139306, 0.05337651794139306, 0.511881274904456, 0.05337651794139306, 0.05386622905647453, 0.05337651794139306, 0.060616870449317906, 0.05337651794139306] 
PROD014_K 2 [0.08885674466276897, 0.822114825337786, 0.08902842999944499] 
PROD021_DIRECTION I [0.9009283167130178, 0.09907168328698238] 
PROD021_I 14 [0.4650871980809383, 0.048624928266747657, 0.048624928266747657, 0.048624928266747657, 0.048624928266747657, 0.048624928266747657, 0.048624928266747657, 0.04866351925158506, 0.048624928266747657, 0.048624928266747657, 0.048624928266747657, 0.048624928266747657] 
PROD021_J 38 [0.06278131971446886, 0.5907664067796091, 0.09525982531352913, 0.06284848904898642, 0.06278131971446886, 0.06278131971446886, 0.06278131971446886] 
PROD021_K 3 [0.09292491761935576, 0.08817007579033018, 0.818905006590314] 
PROD023A_DIRECTION I [0.9010977164976934, 0.09890228350230668] 
PROD023A_I 57 [0.07482079284013869, 0.7007168286394453, 0.07482079284013869, 0.07482079284013869, 0.07482079284013869] 
PROD023A_J 13 [0.10391259915440167, 0.06701923184767104, 0.06709513916773388, 0.06701923184767104, 0.6279345661348513, 0.06701923184767104] 
PROD023A_K 2 [0.12759749120532612, 0.7883206170295268, 0.08408189176514708] 
PROD024A_I 56 [0.6113046900354562, 0.0647443300747219, 0.06490813687201641, 0.0647443300747219, 0.0647443300747219, 0.06480985279363971, 0.0647443300747219] 
PROD024A_J 35 [0.08117993499771407, 0.08117993499771407, 0.7564601950068578, 0.08117993499771407] 
PROD024A_K 2 [0.08854040496680775, 0.8182443666442462, 0.0932152283889461] 
PROD025A_DIRECTION I [0.9014198272830823, 0.09858017271691766] 
PROD025A_I 59 [0.06936765488356231, 0.06936765488356231, 0.06944207697697485, 0.06976634466970096, 0.06936765488356231, 0.6526886137026373] 
PROD025A_J 23 [0.0748407267950157, 0.07521126611516699, 0.7004366371221504, 0.07475568498383343, 0.07475568498383343] 
PROD025A_K 3 [0.08864974994086272, 0.08966644325417081, 0.8216838068049663] 
PROD026_DIRECTION I [0.9015323943171113, 0.0984676056828888] 
PROD026_I 49 [0.07195160355616952, 0.07186206369551254, 0.07186206369551254, 0.11117077315774654, 0.6731534958950588] 
PROD026_J 4 [0.6087776453199578, 0.06411246142568963, 0.06429080034740686, 0.06411246142568963, 0.06411246142568963, 0.07048170862987668, 0.06411246142568963] 
PROD026_K 2 [0.08444351515282715, 0.7755074083994409, 0.14004907644773204] 
INJ006_I 50 [0.06941128421262667, 0.6528694937839754, 0.06941128421262667, 0.06948536936551779, 0.06941128421262667, 0.06941128421262667] 
INJ006_J 23 [0.06070930208399873, 0.06070930208399873, 0.5749767601442773, 0.06070930208399873, 0.06070930208399873, 0.06070930208399873, 0.06070930208399873, 0.06076742735173034] 
INJ006_K 13 [0.08147695593605464, 0.08113405328842113, 0.7562549374871032, 0.08113405328842113] 
INJ010_DIRECTION J [0.09818657671793085, 0.9018134232820691] 
INJ010_I 66 [0.7003257051616095, 0.07472990782178267, 0.07527156149970306, 0.07472990782178267, 0.07494291769512215] 
INJ010_J 34 [0.07205125926710915, 0.07181197495368938, 0.6792788834524088, 0.07181197495368938, 0.10504590737310322] 
INJ010_K 6 [0.7191594851428019, 0.0775199256448679, 0.12570042839291842, 0.07762016081941185] 
INJ017_DIRECTION I [0.9018134232820691, 0.09818657671793085] 
INJ017_I 38 [0.06698211827129766, 0.06698211827129766, 0.06698211827129766, 0.06758234758449432, 0.1035112254633158, 0.6279600721382969] 
INJ017_J 24 [0.06251113939520034, 0.06258723622747248, 0.06251113939520034, 0.06627974442201123, 0.08893365060080557, 0.5946659505641096, 0.06251113939520034] 
INJ017_K 15 [0.07445885279431762, 0.0743713937944729, 0.0743713937944729, 0.6987828408287335, 0.07801551878800302] 
INJ019_DIRECTION J [0.09907168328698238, 0.9009283167130178] 
INJ019_I 26 [0.06941128421262667, 0.6528694937839754, 0.06941128421262667, 0.06941128421262667, 0.06941128421262667, 0.06948536936551779] 
INJ019_J 45 [0.08163511510120876, 0.756145640956874, 0.0811096219709586, 0.0811096219709586] 
INJ019_K 6 [0.7564016463117725, 0.081166847466448, 0.0812646587553313, 0.081166847466448] 
INJ021_DIRECTION J [0.14216747904956856, 0.8578325209504315] 
INJ021_I 27 [0.05549054301880019, 0.07865100821310429, 0.055431647408102046, 0.060690184077579146, 0.0555788864348474, 0.055431647408102046, 0.5278627886232607, 0.055431647408102046, 0.055431647408102046] 
INJ021_J 33 [0.07221994888240243, 0.06919419918362626, 0.06941492256590781, 0.06900106622412991, 0.06900106622412991, 0.6511687969198038] 
INJ021_K 16 [0.08116684746644803, 0.08126465875533133, 0.08116684746644803, 0.7564016463117726] 
INJ022_DIRECTION J [0.09818657671793085, 0.9018134232820691] 
INJ022_I 73 [0.07472990782178265, 0.07539936742370673, 0.07472990782178265, 0.07481511177111845, 0.7003257051616094] 
INJ022_J 22 [0.08123202547345929, 0.7562549374871032, 0.08113405328842113, 0.0813789837510165] 
INJ022_K 6 [0.7003257051616095, 0.07527156149970306, 0.07472990782178267, 0.07472990782178267, 0.07494291769512215] 
INJ023_DIRECTION J [0.09907168328698238, 0.9009283167130178] 
INJ023_I 39 [0.06698211827129766, 0.6279600721382969, 0.1035112254633158, 0.06717310032549659, 0.06698211827129766, 0.06739136553029537] 
INJ023_J 11 [0.06699480862876026, 0.6280923048483359, 0.06699480862876026, 0.1035192654769135, 0.06740400378846986, 0.06699480862876026] 
INJ023_K 15 [0.09818657671793085, 0.9018134232820691] 
NA1A_CONSIDER 1 [0.15914416064291634, 0.8408558393570835] 

Elite 4 OF_MAX_VPL 2821170888.47
NA2_CONSIDER 0 [0.8903479376299177, 0.10965206237008235] 
NA3D_CONSIDER 0 [0.8408558393570835, 0.15914416064291634] 
PltPRDSTL_PltPRDSTO 23250 [0.5014614513342319, 0.05277675753504069, 0.05277675753504069, 0.07601712384463527, 0.05277675753504069, 0.05277675753504069, 0.05308412207584785, 0.05277675753504069, 0.05277675753504069, 0.05277675753504069] 
PltPRDSTW 9765 [0.06863781831793742, 0.06863781831793742, 0.06863781831793742, 0.6496628303549479, 0.06863781831793742, 0.07578589637330249] 
PltINJSTW 27210 [0.04782086202693192, 0.047721111748616325, 0.047721111748616325, 0.047721111748616325, 0.45563514987914255, 0.06684023175998821, 0.047934862345006886, 0.047721111748616325, 0.047721111748616325, 0.047721111748616325, 0.047721111748616325, 0.047721111748616325] 
PROD005_DIRECTION I [0.8914204510040463, 0.10857954899595369] 
PROD005_I 27 [0.0805711520177617, 0.7537367288051935, 0.08512096715928308, 0.0805711520177617] 
PROD005_J 21 [0.05882378863298981, 0.05865940485741526, 0.05865940485741526, 0.05865940485741526, 0.05865940485741526, 0.5573601191031484, 0.06494825844296719, 0.08423021439123356] 
PROD005_K 2 [0.08893671982768357, 0.8216838068049666, 0.08937947336735] 
PROD006_I 54 [0.07750219544933529, 0.12589371722785145, 0.0778524730218314, 0.7187516143009819] 
PROD006_J 3 [0.09818657671793085, 0.9018134232820691] 
PROD007_I 60 [0.07494291769512215, 0.7003257051616095, 0.07472990782178267, 0.07518635755036727, 0.07481511177111846] 
PROD007_J 12 [0.08875950241248444, 0.08904549067240577, 0.8221950069151098] 
PROD009_DIRECTION I [0.9018134232820691, 0.09818657671793085] 
PROD009_I 5 [0.7005629006550996, 0.0747850247298729, 0.07486988199427541, 0.07499716789087918, 0.0747850247298729] 
PROD009_J 39 [0.06255374651544755, 0.5905237708683726, 0.06255374651544755, 0.06255374651544755, 0.06602666963644285, 0.09316444710114327, 0.06262387284769842] 
PROD009_K 1 [0.818905006590314, 0.09292491761935576, 0.08817007579033018] 
PROD010_DIRECTION J [0.09918472826290448, 0.9008152717370956] 
PROD010_I 36 [0.060725468851464175, 0.06066688910821312, 0.06066688910821312, 0.06066688910821312, 0.06066688910821312, 0.06066688910821312, 0.06112715851947143, 0.5748129270879989] 
PROD010_J 35 [0.06470893783104163, 0.06470893783104163, 0.06506169662612003, 0.06470893783104163, 0.06470893783104163, 0.6111631451392205, 0.06493940691049285] 
PROD010_K 2 [0.08889959271335655, 0.8223151176207028, 0.08878528966594054] 
PROD012_DIRECTION I [0.9009283167130178, 0.09907168328698238] 
PROD012_I 40 [0.05572113101021948, 0.05572113101021948, 0.05577494316480026, 0.5280227243150384, 0.05572113101021948, 0.05572113101021948, 0.08145273667285258, 0.055855661396671426, 0.05600941040975936] 
PROD012_J 39 [0.05113764839109724, 0.051366965386396096, 0.05113764839109724, 0.05113764839109724, 0.05113764839109724, 0.05124466298890338, 0.05113764839109724, 0.05113764839109724, 0.05113764839109724, 0.4882443786568001, 0.0511804542302197] 
PROD012_K 2 [0.08955165529944248, 0.8216838068049663, 0.08876453789559105] 
PROD014_DIRECTION I [0.9015323943171113, 0.0984676056828888] 
PROD014_I 50 [0.06442835236438084, 0.06764617015685048, 0.06442835236438084, 0.064599426221702, 0.6100409941639242, 0.06442835236438084, 0.06442835236438084] 
PROD014_J 38 [0.05337651794139306, 0.05337651794139306, 0.05337651794139306, 0.05337651794139306, 0.511881274904456, 0.05337651794139306, 0.05386622905647453, 0.05337651794139306, 0.060616870449317906, 0.05337651794139306] 
PROD014_K 2 [0.08885674466276897, 0.822114825337786, 0.08902842999944499] 
PROD021_DIRECTION I [0.9009283167130178, 0.09907168328698238] 
PROD021_I 14 [0.4650871980809383, 0.048624928266747657, 0.048624928266747657, 0.048624928266747657, 0.048624928266747657, 0.048624928266747657, 0.048624928266747657, 0.04866351925158506, 0.048624928266747657, 0.048624928266747657, 0.048624928266747657, 0.048624928266747657] 
PROD021_J 38 [0.06278131971446886, 0.5907664067796091, 0.09525982531352913, 0.06284848904898642, 0.06278131971446886, 0.06278131971446886, 0.06278131971446886] 
PROD021_K 3 [0.09292491761935576, 0.08817007579033018, 0.818905006590314] 
PROD023A_DIRECTION I [0.9010977164976934, 0.09890228350230668] 
PROD023A_I 57 [0.07482079284013869, 0.7007168286394453, 0.07482079284013869, 0.07482079284013869, 0.07482079284013869] 
PROD023A_J 17 [0.10391259915440167, 0.06701923184767104, 0.06709513916773388, 0.06701923184767104, 0.6279345661348513, 0.06701923184767104] 
PROD023A_K 2 [0.12759749120532612, 0.7883206170295268, 0.08408189176514708] 
PROD024A_I 56 [0.6113046900354562, 0.0647443300747219, 0.06490813687201641, 0.0647443300747219, 0.0647443300747219, 0.06480985279363971, 0.0647443300747219] 
PROD024A_J 35 [0.08117993499771407, 0.08117993499771407, 0.7564601950068578, 0.08117993499771407] 
PROD024A_K 2 [0.08854040496680775, 0.8182443666442462, 0.0932152283889461] 
PROD025A_DIRECTION I [0.9014198272830823, 0.09858017271691766] 
PROD025A_I 59 [0.06936765488356231, 0.06936765488356231, 0.06944207697697485, 0.06976634466970096, 0.06936765488356231, 0.6526886137026373] 
PROD025A_J 23 [0.0748407267950157, 0.07521126611516699, 0.7004366371221504, 0.07475568498383343, 0.07475568498383343] 
PROD025A_K 3 [0.08864974994086272, 0.08966644325417081, 0.8216838068049663] 
PROD026_DIRECTION I [0.9015323943171113, 0.0984676056828888] 
PROD026_I 49 [0.07195160355616952, 0.07186206369551254, 0.07186206369551254, 0.11117077315774654, 0.6731534958950588] 
PROD026_J 4 [0.6087776453199578, 0.06411246142568963, 0.06429080034740686, 0.06411246142568963, 0.06411246142568963, 0.07048170862987668, 0.06411246142568963] 
PROD026_K 2 [0.08444351515282715, 0.7755074083994409, 0.14004907644773204] 
INJ006_I 50 [0.06941128421262667, 0.6528694937839754, 0.06941128421262667, 0.06948536936551779, 0.06941128421262667, 0.06941128421262667] 
INJ006_J 23 [0.06070930208399873, 0.06070930208399873, 0.5749767601442773, 0.06070930208399873, 0.06070930208399873, 0.06070930208399873, 0.06070930208399873, 0.06076742735173034] 
INJ006_K 13 [0.08147695593605464, 0.08113405328842113, 0.7562549374871032, 0.08113405328842113] 
INJ010_DIRECTION J [0.09818657671793085, 0.9018134232820691] 
INJ010_I 66 [0.7003257051616095, 0.07472990782178267, 0.07527156149970306, 0.07472990782178267, 0.07494291769512215] 
INJ010_J 34 [0.07205125926710915, 0.07181197495368938, 0.6792788834524088, 0.07181197495368938, 0.10504590737310322] 
INJ010_K 6 [0.7191594851428019, 0.0775199256448679, 0.12570042839291842, 0.07762016081941185] 
INJ017_DIRECTION I [0.9018134232820691, 0.09818657671793085] 
INJ017_I 38 [0.06698211827129766, 0.06698211827129766, 0.06698211827129766, 0.06758234758449432, 0.1035112254633158, 0.6279600721382969] 
INJ017_J 24 [0.06251113939520034, 0.06258723622747248, 0.06251113939520034, 0.06627974442201123, 0.08893365060080557, 0.5946659505641096, 0.06251113939520034] 
INJ017_K 15 [0.07445885279431762, 0.0743713937944729, 0.0743713937944729, 0.6987828408287335, 0.07801551878800302] 
INJ019_DIRECTION J [0.09907168328698238, 0.9009283167130178] 
INJ019_I 26 [0.06941128421262667, 0.6528694937839754, 0.06941128421262667, 0.06941128421262667, 0.06941128421262667, 0.06948536936551779] 
INJ019_J 45 [0.08163511510120876, 0.756145640956874, 0.0811096219709586, 0.0811096219709586] 
INJ019_K 6 [0.7564016463117725, 0.081166847466448, 0.0812646587553313, 0.081166847466448] 
INJ021_DIRECTION J [0.14216747904956856, 0.8578325209504315] 
INJ021_I 27 [0.05549054301880019, 0.07865100821310429, 0.055431647408102046, 0.060690184077579146, 0.0555788864348474, 0.055431647408102046, 0.5278627886232607, 0.055431647408102046, 0.055431647408102046] 
INJ021_J 33 [0.07221994888240243, 0.06919419918362626, 0.06941492256590781, 0.06900106622412991, 0.06900106622412991, 0.6511687969198038] 
INJ021_K 16 [0.08116684746644803, 0.08126465875533133, 0.08116684746644803, 0.7564016463117726] 
INJ022_DIRECTION J [0.09818657671793085, 0.9018134232820691] 
INJ022_I 73 [0.07472990782178265, 0.07539936742370673, 0.07472990782178265, 0.07481511177111845, 0.7003257051616094] 
INJ022_J 22 [0.08123202547345929, 0.7562549374871032, 0.08113405328842113, 0.0813789837510165] 
INJ022_K 6 [0.7003257051616095, 0.07527156149970306, 0.07472990782178267, 0.07472990782178267, 0.07494291769512215] 
INJ023_DIRECTION J [0.09907168328698238, 0.9009283167130178] 
INJ023_I 39 [0.06698211827129766, 0.6279600721382969, 0.1035112254633158, 0.06717310032549659, 0.06698211827129766, 0.06739136553029537] 
INJ023_J 11 [0.06699480862876026, 0.6280923048483359, 0.06699480862876026, 0.1035192654769135, 0.06740400378846986, 0.06699480862876026] 
INJ023_K 15 [0.09818657671793085, 0.9018134232820691] 
NA1A_CONSIDER 1 [0.15914416064291634, 0.8408558393570835] 

Elite 5 OF_MAX_VPL 2821170888.47
NA2_CONSIDER 0 [0.8903479376299177, 0.10965206237008235] 
NA3D_CONSIDER 0 [0.8408558393570835, 0.15914416064291634] 
PltPRDSTL_PltPRDSTO 23250 [0.5014614513342319, 0.05277675753504069, 0.05277675753504069, 0.07601712384463527, 0.05277675753504069, 0.05277675753504069, 0.05308412207584785, 0.05277675753504069, 0.05277675753504069, 0.05277675753504069] 
PltPRDSTW 9765 [0.06863781831793742, 0.06863781831793742, 0.06863781831793742, 0.6496628303549479, 0.06863781831793742, 0.07578589637330249] 
PltINJSTW 27210 [0.04782086202693192, 0.047721111748616325, 0.047721111748616325, 0.047721111748616325, 0.45563514987914255, 0.06684023175998821, 0.047934862345006886, 0.047721111748616325, 0.047721111748616325, 0.047721111748616325, 0.047721111748616325, 0.047721111748616325] 
PROD005_DIRECTION I [0.8914204510040463, 0.10857954899595369] 
PROD005_I 27 [0.0805711520177617, 0.7537367288051935, 0.08512096715928308, 0.0805711520177617] 
PROD005_J 21 [0.05882378863298981, 0.05865940485741526, 0.05865940485741526, 0.05865940485741526, 0.05865940485741526, 0.5573601191031484, 0.06494825844296719, 0.08423021439123356] 
PROD005_K 2 [0.08893671982768357, 0.8216838068049666, 0.08937947336735] 
PROD006_I 54 [0.07750219544933529, 0.12589371722785145, 0.0778524730218314, 0.7187516143009819] 
PROD006_J 3 [0.09818657671793085, 0.9018134232820691] 
PROD007_I 60 [0.07494291769512215, 0.7003257051616095, 0.07472990782178267, 0.07518635755036727, 0.07481511177111846] 
PROD007_J 12 [0.08875950241248444, 0.08904549067240577, 0.8221950069151098] 
PROD009_DIRECTION I [0.9018134232820691, 0.09818657671793085] 
PROD009_I 5 [0.7005629006550996, 0.0747850247298729, 0.07486988199427541, 0.07499716789087918, 0.0747850247298729] 
PROD009_J 39 [0.06255374651544755, 0.5905237708683726, 0.06255374651544755, 0.06255374651544755, 0.06602666963644285, 0.09316444710114327, 0.06262387284769842] 
PROD009_K 1 [0.818905006590314, 0.09292491761935576, 0.08817007579033018] 
PROD010_DIRECTION J [0.09918472826290448, 0.9008152717370956] 
PROD010_I 36 [0.060725468851464175, 0.06066688910821312, 0.06066688910821312, 0.06066688910821312, 0.06066688910821312, 0.06066688910821312, 0.06112715851947143, 0.5748129270879989] 
PROD010_J 35 [0.06470893783104163, 0.06470893783104163, 0.06506169662612003, 0.06470893783104163, 0.06470893783104163, 0.6111631451392205, 0.06493940691049285] 
PROD010_K 2 [0.08889959271335655, 0.8223151176207028, 0.08878528966594054] 
PROD012_DIRECTION I [0.9009283167130178, 0.09907168328698238] 
PROD012_I 40 [0.05572113101021948, 0.05572113101021948, 0.05577494316480026, 0.5280227243150384, 0.05572113101021948, 0.05572113101021948, 0.08145273667285258, 0.055855661396671426, 0.05600941040975936] 
PROD012_J 39 [0.05113764839109724, 0.051366965386396096, 0.05113764839109724, 0.05113764839109724, 0.05113764839109724, 0.05124466298890338, 0.05113764839109724, 0.05113764839109724, 0.05113764839109724, 0.4882443786568001, 0.0511804542302197] 
PROD012_K 2 [0.08955165529944248, 0.8216838068049663, 0.08876453789559105] 
PROD014_DIRECTION I [0.9015323943171113, 0.0984676056828888] 
PROD014_I 50 [0.06442835236438084, 0.06764617015685048, 0.06442835236438084, 0.064599426221702, 0.6100409941639242, 0.06442835236438084, 0.06442835236438084] 
PROD014_J 38 [0.05337651794139306, 0.05337651794139306, 0.05337651794139306, 0.05337651794139306, 0.511881274904456, 0.05337651794139306, 0.05386622905647453, 0.05337651794139306, 0.060616870449317906, 0.05337651794139306] 
PROD014_K 2 [0.08885674466276897, 0.822114825337786, 0.08902842999944499] 
PROD021_DIRECTION I [0.9009283167130178, 0.09907168328698238] 
PROD021_I 14 [0.4650871980809383, 0.048624928266747657, 0.048624928266747657, 0.048624928266747657, 0.048624928266747657, 0.048624928266747657, 0.048624928266747657, 0.04866351925158506, 0.048624928266747657, 0.048624928266747657, 0.048624928266747657, 0.048624928266747657] 
PROD021_J 38 [0.06278131971446886, 0.5907664067796091, 0.09525982531352913, 0.06284848904898642, 0.06278131971446886, 0.06278131971446886, 0.06278131971446886] 
PROD021_K 3 [0.09292491761935576, 0.08817007579033018, 0.818905006590314] 
PROD023A_DIRECTION I [0.9010977164976934, 0.09890228350230668] 
PROD023A_I 57 [0.07482079284013869, 0.7007168286394453, 0.07482079284013869, 0.07482079284013869, 0.07482079284013869] 
PROD023A_J 17 [0.10391259915440167, 0.06701923184767104, 0.06709513916773388, 0.06701923184767104, 0.6279345661348513, 0.06701923184767104] 
PROD023A_K 2 [0.12759749120532612, 0.7883206170295268, 0.08408189176514708] 
PROD024A_I 56 [0.6113046900354562, 0.0647443300747219, 0.06490813687201641, 0.0647443300747219, 0.0647443300747219, 0.06480985279363971, 0.0647443300747219] 
PROD024A_J 35 [0.08117993499771407, 0.08117993499771407, 0.7564601950068578, 0.08117993499771407] 
PROD024A_K 2 [0.08854040496680775, 0.8182443666442462, 0.0932152283889461] 
PROD025A_DIRECTION I [0.9014198272830823, 0.09858017271691766] 
PROD025A_I 59 [0.06936765488356231, 0.06936765488356231, 0.06944207697697485, 0.06976634466970096, 0.06936765488356231, 0.6526886137026373] 
PROD025A_J 23 [0.0748407267950157, 0.07521126611516699, 0.7004366371221504, 0.07475568498383343, 0.07475568498383343] 
PROD025A_K 3 [0.08864974994086272, 0.08966644325417081, 0.8216838068049663] 
PROD026_DIRECTION I [0.9015323943171113, 0.0984676056828888] 
PROD026_I 49 [0.07195160355616952, 0.07186206369551254, 0.07186206369551254, 0.11117077315774654, 0.6731534958950588] 
PROD026_J 4 [0.6087776453199578, 0.06411246142568963, 0.06429080034740686, 0.06411246142568963, 0.06411246142568963, 0.07048170862987668, 0.06411246142568963] 
PROD026_K 2 [0.08444351515282715, 0.7755074083994409, 0.14004907644773204] 
INJ006_I 50 [0.06941128421262667, 0.6528694937839754, 0.06941128421262667, 0.06948536936551779, 0.06941128421262667, 0.06941128421262667] 
INJ006_J 23 [0.06070930208399873, 0.06070930208399873, 0.5749767601442773, 0.06070930208399873, 0.06070930208399873, 0.06070930208399873, 0.06070930208399873, 0.06076742735173034] 
INJ006_K 13 [0.08147695593605464, 0.08113405328842113, 0.7562549374871032, 0.08113405328842113] 
INJ010_DIRECTION J [0.09818657671793085, 0.9018134232820691] 
INJ010_I 66 [0.7003257051616095, 0.07472990782178267, 0.07527156149970306, 0.07472990782178267, 0.07494291769512215] 
INJ010_J 34 [0.07205125926710915, 0.07181197495368938, 0.6792788834524088, 0.07181197495368938, 0.10504590737310322] 
INJ010_K 6 [0.7191594851428019, 0.0775199256448679, 0.12570042839291842, 0.07762016081941185] 
INJ017_DIRECTION I [0.9018134232820691, 0.09818657671793085] 
INJ017_I 38 [0.06698211827129766, 0.06698211827129766, 0.06698211827129766, 0.06758234758449432, 0.1035112254633158, 0.6279600721382969] 
INJ017_J 24 [0.06251113939520034, 0.06258723622747248, 0.06251113939520034, 0.06627974442201123, 0.08893365060080557, 0.5946659505641096, 0.06251113939520034] 
INJ017_K 15 [0.07445885279431762, 0.0743713937944729, 0.0743713937944729, 0.6987828408287335, 0.07801551878800302] 
INJ019_DIRECTION J [0.09907168328698238, 0.9009283167130178] 
INJ019_I 26 [0.06941128421262667, 0.6528694937839754, 0.06941128421262667, 0.06941128421262667, 0.06941128421262667, 0.06948536936551779] 
INJ019_J 45 [0.08163511510120876, 0.756145640956874, 0.0811096219709586, 0.0811096219709586] 
INJ019_K 6 [0.7564016463117725, 0.081166847466448, 0.0812646587553313, 0.081166847466448] 
INJ021_DIRECTION J [0.14216747904956856, 0.8578325209504315] 
INJ021_I 27 [0.05549054301880019, 0.07865100821310429, 0.055431647408102046, 0.060690184077579146, 0.0555788864348474, 0.055431647408102046, 0.5278627886232607, 0.055431647408102046, 0.055431647408102046] 
INJ021_J 33 [0.07221994888240243, 0.06919419918362626, 0.06941492256590781, 0.06900106622412991, 0.06900106622412991, 0.6511687969198038] 
INJ021_K 16 [0.08116684746644803, 0.08126465875533133, 0.08116684746644803, 0.7564016463117726] 
INJ022_DIRECTION J [0.09818657671793085, 0.9018134232820691] 
INJ022_I 73 [0.07472990782178265, 0.07539936742370673, 0.07472990782178265, 0.07481511177111845, 0.7003257051616094] 
INJ022_J 22 [0.08123202547345929, 0.7562549374871032, 0.08113405328842113, 0.0813789837510165] 
INJ022_K 6 [0.7003257051616095, 0.07527156149970306, 0.07472990782178267, 0.07472990782178267, 0.07494291769512215] 
INJ023_DIRECTION J [0.09907168328698238, 0.9009283167130178] 
INJ023_I 39 [0.06698211827129766, 0.6279600721382969, 0.1035112254633158, 0.06717310032549659, 0.06698211827129766, 0.06739136553029537] 
INJ023_J 11 [0.06699480862876026, 0.6280923048483359, 0.06699480862876026, 0.1035192654769135, 0.06740400378846986, 0.06699480862876026] 
INJ023_K 15 [0.09818657671793085, 0.9018134232820691] 
NA1A_CONSIDER 1 [0.15914416064291634, 0.8408558393570835] 

