Elite 1 OF_MAX_VPL 2856859867.23
NA2_CONSIDER 0 [0.865349615745807, 0.13465038425419285] 
NA3D_CONSIDER 0 [0.90774091001948, 0.09225908998052013] 
PltPRDSTL_PltPRDSTO 22475 [0.052712151162143187, 0.5253992805306213, 0.052903510172233235, 0.052712151162143187, 0.052712151162143187, 0.052712151162143187, 0.052712151162143187, 0.052712151162143187, 0.052712151162143187, 0.052712151162143187] 
PltPRDSTW 9765 [0.06686859233238032, 0.06686859233238032, 0.06686859233238032, 0.6650512613409574, 0.0674743693295213, 0.06686859233238032] 
PltINJSTW 27125 [0.0661229951466516, 0.046751583815738816, 0.046751583815738816, 0.046751583815738816, 0.046751583815738816, 0.4661835249326638, 0.046751583815738816, 0.046751583815738816, 0.046751583815738816, 0.0469292255790354, 0.046751583815738816, 0.046751583815738816] 
PROD005_DIRECTION J [0.11953431172944569, 0.8804656882705543] 
PROD005_I 29 [0.07665232345632872, 0.08958723574894409, 0.0763712751809589, 0.7573891656137682] 
PROD005_J 18 [0.05896500031482335, 0.05896500031482335, 0.5872449977962364, 0.05896500031482335, 0.05896500031482335, 0.05896500031482335, 0.05896500031482335, 0.05896500031482335] 
PROD005_K 2 [0.08406464934991464, 0.8315680877760682, 0.08436726287401725] 
PROD006_I 54 [0.07633873704865822, 0.09025992665595475, 0.07633873704865822, 0.7570625992467288] 
PROD006_J 3 [0.11999053097998497, 0.8800094690200151] 
PROD007_I 59 [0.7123016286351154, 0.07169744284851243, 0.07169744284851243, 0.07195704284017959, 0.07234644282768034] 
PROD007_J 12 [0.08408979083883267, 0.08408979083883267, 0.8318204183223348] 
PROD009_DIRECTION I [0.90774091001948, 0.09225908998052013] 
PROD009_I 7 [0.07169744284851243, 0.07195704284017958, 0.7123016286351153, 0.07169744284851243, 0.07234644282768032] 
PROD009_J 40 [0.061140703308769584, 0.06090856928678564, 0.6061011125852055, 0.06090856928678564, 0.06090856928678564, 0.06090856928678564, 0.0891239069588826] 
PROD009_K 3 [0.08430446328737733, 0.08475849807108621, 0.8309370386415365] 
PROD010_DIRECTION J [0.09255921078287857, 0.9074407892171215] 
PROD010_I 34 [0.05871608710675198, 0.05871608710675198, 0.06242021692292495, 0.05871608710675198, 0.05871608710675198, 0.5847468002562898, 0.05925254728702531, 0.05871608710675198] 
PROD010_J 30 [0.6213009250989885, 0.06242303483019894, 0.06242303483019894, 0.06242303483019894, 0.062650878857099, 0.06635605672311666, 0.06242303483019894] 
PROD010_K 2 [0.189372223187247, 0.736077531479433, 0.07455024533332004] 
PROD012_DIRECTION J [0.09255921078287857, 0.9074407892171215] 
PROD012_I 44 [0.05585850522744023, 0.055656538779517116, 0.055656538779517116, 0.055656538779517116, 0.055656538779517116, 0.055656538779517116, 0.055656538779517116, 0.55454572331594, 0.055656538779517116] 
PROD012_J 37 [0.050051667845337496, 0.050051667845337496, 0.050051667845337496, 0.05050634488430741, 0.050051667845337496, 0.050051667845337496, 0.050051667845337496, 0.4990286445076552, 0.050051667845337496, 0.050051667845337496, 0.050051667845337496] 
PROD012_K 1 [0.8315680877760682, 0.08406464934991464, 0.08436726287401725] 
PROD014_DIRECTION J [0.09255921078287857, 0.9074407892171215] 
PROD014_I 48 [0.06321510096892582, 0.06264707750424717, 0.6235495115098385, 0.06264707750424717, 0.06264707750424717, 0.06264707750424717, 0.06264707750424717] 
PROD014_J 42 [0.051457642315348794, 0.051457642315348794, 0.07484283418824976, 0.051457642315348794, 0.051457642315348794, 0.05165407792708116, 0.051457642315348794, 0.051457642315348794, 0.5128085026478967, 0.05194873134467971] 
PROD014_K 2 [0.08506118792689213, 0.8309370386415365, 0.08400177343157142] 
PROD021_DIRECTION J [0.10747761004827036, 0.8925223899517297] 
PROD021_I 24 [0.04765205125219756, 0.04765205125219756, 0.04765205125219756, 0.04765205125219756, 0.04808522393729065, 0.04765205125219756, 0.04765205125219756, 0.47522099446669636, 0.04765205125219756, 0.04765205125219756, 0.0478253203262348, 0.04765205125219756] 
PROD021_J 36 [0.6234072241708547, 0.06263290040357834, 0.06263290040357834, 0.06263290040357834, 0.0634282738112534, 0.06263290040357834, 0.06263290040357834] 
PROD021_K 3 [0.08402692760490522, 0.08478357590116546, 0.8311894964939294] 
PROD023A_DIRECTION I [0.9074407892171215, 0.09255921078287857] 
PROD023A_I 56 [0.6866725161299962, 0.06914383189034637, 0.06914383189034637, 0.10589598819896452, 0.06914383189034637] 
PROD023A_J 13 [0.6648894337132285, 0.06685246829361699, 0.06685246829361699, 0.06685246829361699, 0.06685246829361699, 0.06770069311230331] 
PROD023A_K 3 [0.08506118792689213, 0.08400177343157142, 0.8309370386415365] 
PROD024A_I 56 [0.6234072241708547, 0.06320102426620339, 0.06263290040357834, 0.06286014994862836, 0.06263290040357834, 0.06263290040357834, 0.06263290040357834] 
PROD024A_J 34 [0.07703588634993401, 0.7640594825496161, 0.08186874475051588, 0.07703588634993401] 
PROD024A_K 2 [0.08475849807108621, 0.8309370386415365, 0.08430446328737733] 
PROD025A_DIRECTION J [0.09744593265299463, 0.9025540673470054] 
PROD025A_I 55 [0.06745834316410722, 0.6648894337132285, 0.06685246829361699, 0.06685246829361699, 0.06709481824181308, 0.06685246829361699] 
PROD025A_J 23 [0.07169744284851243, 0.07169744284851243, 0.7123016286351153, 0.07169744284851243, 0.07260604281934747] 
PROD025A_K 3 [0.08436726287401725, 0.08406464934991464, 0.8315680877760682] 
PROD026_DIRECTION I [0.8804656882705543, 0.11953431172944569] 
PROD026_I 47 [0.07234644282768032, 0.07169744284851243, 0.7123016286351153, 0.07195704284017958, 0.07169744284851243] 
PROD026_J 9 [0.06264707750424715, 0.06321510096892581, 0.06264707750424715, 0.06264707750424715, 0.06264707750424715, 0.6235495115098384, 0.06264707750424715] 
PROD026_K 2 [0.08134122236825544, 0.8011605589308857, 0.11749821870085897] 
INJ006_I 50 [0.06747436932952132, 0.6650512613409575, 0.06686859233238034, 0.06686859233238034, 0.06686859233238034, 0.06686859233238034] 
INJ006_J 26 [0.052230290046979065, 0.052230290046979065, 0.052230290046979065, 0.5196526158823044, 0.052465870899200066, 0.1667300629836003, 0.052230290046979065, 0.052230290046979065] 
INJ006_K 15 [0.077660761629725, 0.07696052545130037, 0.08207558401179263, 0.7633031289071821] 
INJ010_DIRECTION J [0.09744593265299463, 0.9025540673470054] 
INJ010_I 71 [0.07137723000772941, 0.07137723000772941, 0.07678047195289651, 0.7090878380239154, 0.07137723000772941] 
INJ010_J 30 [0.7124873165694986, 0.07171594425951312, 0.07171594425951312, 0.07236485065196209, 0.07171594425951312] 
INJ010_K 6 [0.747591052988111, 0.07638421925991205, 0.10062970829447399, 0.07539501945750278] 
INJ017_DIRECTION I [0.8925223899517297, 0.10747761004827036] 
INJ017_I 38 [0.06690887964748826, 0.06690887964748826, 0.06690887964748826, 0.06690887964748826, 0.06690887964748826, 0.6654556017625586] 
INJ017_J 24 [0.06065236872171905, 0.060885228477721445, 0.06065236872171905, 0.06816486799274891, 0.06065236872171905, 0.6035297760685882, 0.08546302129578445] 
INJ017_K 15 [0.07169744284851243, 0.07169744284851243, 0.07169744284851243, 0.7123016286351153, 0.07260604281934747] 
INJ019_DIRECTION J [0.09774681475765817, 0.9022531852423419] 
INJ019_I 30 [0.066852468293617, 0.066852468293617, 0.06709481824181308, 0.6648894337132286, 0.066852468293617, 0.06745834316410723] 
INJ019_J 49 [0.07740660609820212, 0.07740660609820212, 0.07740660609820212, 0.7677801817053936] 
INJ019_K 15 [0.07733156797049492, 0.07830979653141695, 0.7670270675275933, 0.07733156797049492] 
INJ021_DIRECTION I [0.9074407892171215, 0.09255921078287857] 
INJ021_I 22 [0.055656538779517095, 0.5545457233159398, 0.055656538779517095, 0.055656538779517095, 0.055656538779517095, 0.05585850522744021, 0.055656538779517095, 0.055656538779517095, 0.055656538779517095] 
INJ021_J 29 [0.06612924613025355, 0.06612924613025355, 0.06612924613025355, 0.07363840978972448, 0.657630872211617, 0.07034297960789784] 
INJ021_K 12 [0.07766458039409709, 0.07738517328907499, 0.767565073027753, 0.07738517328907499] 
INJ022_DIRECTION I [0.9069905254652859, 0.09300947453471395] 
INJ022_I 65 [0.7124873165694986, 0.07171594425951312, 0.07236485065196209, 0.07171594425951312, 0.07171594425951312] 
INJ022_J 26 [0.07803030265686779, 0.07761106184504407, 0.07733156797049491, 0.7670270675275932] 
INJ022_K 15 [0.07174368637344118, 0.07174368637344118, 0.07200319279862805, 0.07174368637344118, 0.7127657480810483] 
INJ023_DIRECTION I [0.906690294584402, 0.09330970541559791] 
INJ023_I 39 [0.06685246829361699, 0.6648894337132285, 0.06685246829361699, 0.06709481824181308, 0.06745834316410722, 0.06685246829361699] 
INJ023_J 11 [0.06663004039599212, 0.66265705387703, 0.06663004039599212, 0.06663004039599212, 0.07082278453900165, 0.06663004039599212] 
INJ023_K 7 [0.9025540673470054, 0.09744593265299463] 
NA1A_CONSIDER 1 [0.2049610915884631, 0.7950389084115369] 

Elite 2 OF_MAX_VPL 2850577559.25
NA2_CONSIDER 0 [0.865349615745807, 0.13465038425419285] 
NA3D_CONSIDER 0 [0.90774091001948, 0.09225908998052013] 
PltPRDSTL_PltPRDSTO 22475 [0.052712151162143187, 0.5253992805306213, 0.052903510172233235, 0.052712151162143187, 0.052712151162143187, 0.052712151162143187, 0.052712151162143187, 0.052712151162143187, 0.052712151162143187, 0.052712151162143187] 
PltPRDSTW 9765 [0.06686859233238032, 0.06686859233238032, 0.06686859233238032, 0.6650512613409574, 0.0674743693295213, 0.06686859233238032] 
PltINJSTW 27125 [0.0661229951466516, 0.046751583815738816, 0.046751583815738816, 0.046751583815738816, 0.046751583815738816, 0.4661835249326638, 0.046751583815738816, 0.046751583815738816, 0.046751583815738816, 0.0469292255790354, 0.046751583815738816, 0.046751583815738816] 
PROD005_DIRECTION J [0.11953431172944569, 0.8804656882705543] 
PROD005_I 29 [0.07665232345632872, 0.08958723574894409, 0.0763712751809589, 0.7573891656137682] 
PROD005_J 18 [0.05896500031482335, 0.05896500031482335, 0.5872449977962364, 0.05896500031482335, 0.05896500031482335, 0.05896500031482335, 0.05896500031482335, 0.05896500031482335] 
PROD005_K 2 [0.08406464934991464, 0.8315680877760682, 0.08436726287401725] 
PROD006_I 54 [0.07633873704865822, 0.09025992665595475, 0.07633873704865822, 0.7570625992467288] 
PROD006_J 3 [0.11999053097998497, 0.8800094690200151] 
PROD007_I 59 [0.7123016286351154, 0.07169744284851243, 0.07169744284851243, 0.07195704284017959, 0.07234644282768034] 
PROD007_J 12 [0.08408979083883267, 0.08408979083883267, 0.8318204183223348] 
PROD009_DIRECTION I [0.90774091001948, 0.09225908998052013] 
PROD009_I 7 [0.07169744284851243, 0.07195704284017958, 0.7123016286351153, 0.07169744284851243, 0.07234644282768032] 
PROD009_J 40 [0.061140703308769584, 0.06090856928678564, 0.6061011125852055, 0.06090856928678564, 0.06090856928678564, 0.06090856928678564, 0.0891239069588826] 
PROD009_K 3 [0.08430446328737733, 0.08475849807108621, 0.8309370386415365] 
PROD010_DIRECTION J [0.09255921078287857, 0.9074407892171215] 
PROD010_I 34 [0.05871608710675198, 0.05871608710675198, 0.06242021692292495, 0.05871608710675198, 0.05871608710675198, 0.5847468002562898, 0.05925254728702531, 0.05871608710675198] 
PROD010_J 30 [0.6213009250989885, 0.06242303483019894, 0.06242303483019894, 0.06242303483019894, 0.062650878857099, 0.06635605672311666, 0.06242303483019894] 
PROD010_K 2 [0.189372223187247, 0.736077531479433, 0.07455024533332004] 
PROD012_DIRECTION J [0.09255921078287857, 0.9074407892171215] 
PROD012_I 44 [0.05585850522744023, 0.055656538779517116, 0.055656538779517116, 0.055656538779517116, 0.055656538779517116, 0.055656538779517116, 0.055656538779517116, 0.55454572331594, 0.055656538779517116] 
PROD012_J 37 [0.050051667845337496, 0.050051667845337496, 0.050051667845337496, 0.05050634488430741, 0.050051667845337496, 0.050051667845337496, 0.050051667845337496, 0.4990286445076552, 0.050051667845337496, 0.050051667845337496, 0.050051667845337496] 
PROD012_K 1 [0.8315680877760682, 0.08406464934991464, 0.08436726287401725] 
PROD014_DIRECTION J [0.09255921078287857, 0.9074407892171215] 
PROD014_I 48 [0.06321510096892582, 0.06264707750424717, 0.6235495115098385, 0.06264707750424717, 0.06264707750424717, 0.06264707750424717, 0.06264707750424717] 
PROD014_J 42 [0.051457642315348794, 0.051457642315348794, 0.07484283418824976, 0.051457642315348794, 0.051457642315348794, 0.05165407792708116, 0.051457642315348794, 0.051457642315348794, 0.5128085026478967, 0.05194873134467971] 
PROD014_K 2 [0.08506118792689213, 0.8309370386415365, 0.08400177343157142] 
PROD021_DIRECTION J [0.10747761004827036, 0.8925223899517297] 
PROD021_I 24 [0.04765205125219756, 0.04765205125219756, 0.04765205125219756, 0.04765205125219756, 0.04808522393729065, 0.04765205125219756, 0.04765205125219756, 0.47522099446669636, 0.04765205125219756, 0.04765205125219756, 0.0478253203262348, 0.04765205125219756] 
PROD021_J 36 [0.6234072241708547, 0.06263290040357834, 0.06263290040357834, 0.06263290040357834, 0.0634282738112534, 0.06263290040357834, 0.06263290040357834] 
PROD021_K 3 [0.08402692760490522, 0.08478357590116546, 0.8311894964939294] 
PROD023A_DIRECTION I [0.9074407892171215, 0.09255921078287857] 
PROD023A_I 56 [0.6866725161299962, 0.06914383189034637, 0.06914383189034637, 0.10589598819896452, 0.06914383189034637] 
PROD023A_J 13 [0.6648894337132285, 0.06685246829361699, 0.06685246829361699, 0.06685246829361699, 0.06685246829361699, 0.06770069311230331] 
PROD023A_K 3 [0.08506118792689213, 0.08400177343157142, 0.8309370386415365] 
PROD024A_I 56 [0.6234072241708547, 0.06320102426620339, 0.06263290040357834, 0.06286014994862836, 0.06263290040357834, 0.06263290040357834, 0.06263290040357834] 
PROD024A_J 34 [0.07703588634993401, 0.7640594825496161, 0.08186874475051588, 0.07703588634993401] 
PROD024A_K 2 [0.08475849807108621, 0.8309370386415365, 0.08430446328737733] 
PROD025A_DIRECTION J [0.09744593265299463, 0.9025540673470054] 
PROD025A_I 55 [0.06745834316410722, 0.6648894337132285, 0.06685246829361699, 0.06685246829361699, 0.06709481824181308, 0.06685246829361699] 
PROD025A_J 23 [0.07169744284851243, 0.07169744284851243, 0.7123016286351153, 0.07169744284851243, 0.07260604281934747] 
PROD025A_K 3 [0.08436726287401725, 0.08406464934991464, 0.8315680877760682] 
PROD026_DIRECTION I [0.8804656882705543, 0.11953431172944569] 
PROD026_I 47 [0.07234644282768032, 0.07169744284851243, 0.7123016286351153, 0.07195704284017958, 0.07169744284851243] 
PROD026_J 9 [0.06264707750424715, 0.06321510096892581, 0.06264707750424715, 0.06264707750424715, 0.06264707750424715, 0.6235495115098384, 0.06264707750424715] 
PROD026_K 2 [0.08134122236825544, 0.8011605589308857, 0.11749821870085897] 
INJ006_I 50 [0.06747436932952132, 0.6650512613409575, 0.06686859233238034, 0.06686859233238034, 0.06686859233238034, 0.06686859233238034] 
INJ006_J 26 [0.052230290046979065, 0.052230290046979065, 0.052230290046979065, 0.5196526158823044, 0.052465870899200066, 0.1667300629836003, 0.052230290046979065, 0.052230290046979065] 
INJ006_K 15 [0.077660761629725, 0.07696052545130037, 0.08207558401179263, 0.7633031289071821] 
INJ010_DIRECTION J [0.09744593265299463, 0.9025540673470054] 
INJ010_I 71 [0.07137723000772941, 0.07137723000772941, 0.07678047195289651, 0.7090878380239154, 0.07137723000772941] 
INJ010_J 30 [0.7124873165694986, 0.07171594425951312, 0.07171594425951312, 0.07236485065196209, 0.07171594425951312] 
INJ010_K 6 [0.747591052988111, 0.07638421925991205, 0.10062970829447399, 0.07539501945750278] 
INJ017_DIRECTION I [0.8925223899517297, 0.10747761004827036] 
INJ017_I 38 [0.06690887964748826, 0.06690887964748826, 0.06690887964748826, 0.06690887964748826, 0.06690887964748826, 0.6654556017625586] 
INJ017_J 24 [0.06065236872171905, 0.060885228477721445, 0.06065236872171905, 0.06816486799274891, 0.06065236872171905, 0.6035297760685882, 0.08546302129578445] 
INJ017_K 15 [0.07169744284851243, 0.07169744284851243, 0.07169744284851243, 0.7123016286351153, 0.07260604281934747] 
INJ019_DIRECTION J [0.09774681475765817, 0.9022531852423419] 
INJ019_I 30 [0.066852468293617, 0.066852468293617, 0.06709481824181308, 0.6648894337132286, 0.066852468293617, 0.06745834316410723] 
INJ019_J 49 [0.07740660609820212, 0.07740660609820212, 0.07740660609820212, 0.7677801817053936] 
INJ019_K 15 [0.07733156797049492, 0.07830979653141695, 0.7670270675275933, 0.07733156797049492] 
INJ021_DIRECTION I [0.9074407892171215, 0.09255921078287857] 
INJ021_I 22 [0.055656538779517095, 0.5545457233159398, 0.055656538779517095, 0.055656538779517095, 0.055656538779517095, 0.05585850522744021, 0.055656538779517095, 0.055656538779517095, 0.055656538779517095] 
INJ021_J 31 [0.06612924613025355, 0.06612924613025355, 0.06612924613025355, 0.07363840978972448, 0.657630872211617, 0.07034297960789784] 
INJ021_K 12 [0.07766458039409709, 0.07738517328907499, 0.767565073027753, 0.07738517328907499] 
INJ022_DIRECTION I [0.9069905254652859, 0.09300947453471395] 
INJ022_I 65 [0.7124873165694986, 0.07171594425951312, 0.07236485065196209, 0.07171594425951312, 0.07171594425951312] 
INJ022_J 26 [0.07803030265686779, 0.07761106184504407, 0.07733156797049491, 0.7670270675275932] 
INJ022_K 15 [0.07174368637344118, 0.07174368637344118, 0.07200319279862805, 0.07174368637344118, 0.7127657480810483] 
INJ023_DIRECTION I [0.906690294584402, 0.09330970541559791] 
INJ023_I 39 [0.06685246829361699, 0.6648894337132285, 0.06685246829361699, 0.06709481824181308, 0.06745834316410722, 0.06685246829361699] 
INJ023_J 11 [0.06663004039599212, 0.66265705387703, 0.06663004039599212, 0.06663004039599212, 0.07082278453900165, 0.06663004039599212] 
INJ023_K 7 [0.9025540673470054, 0.09744593265299463] 
NA1A_CONSIDER 1 [0.2049610915884631, 0.7950389084115369] 

Elite 3 OF_MAX_VPL 2850577559.25
NA2_CONSIDER 0 [0.865349615745807, 0.13465038425419285] 
NA3D_CONSIDER 0 [0.90774091001948, 0.09225908998052013] 
PltPRDSTL_PltPRDSTO 22475 [0.052712151162143187, 0.5253992805306213, 0.052903510172233235, 0.052712151162143187, 0.052712151162143187, 0.052712151162143187, 0.052712151162143187, 0.052712151162143187, 0.052712151162143187, 0.052712151162143187] 
PltPRDSTW 9765 [0.06686859233238032, 0.06686859233238032, 0.06686859233238032, 0.6650512613409574, 0.0674743693295213, 0.06686859233238032] 
PltINJSTW 27125 [0.0661229951466516, 0.046751583815738816, 0.046751583815738816, 0.046751583815738816, 0.046751583815738816, 0.4661835249326638, 0.046751583815738816, 0.046751583815738816, 0.046751583815738816, 0.0469292255790354, 0.046751583815738816, 0.046751583815738816] 
PROD005_DIRECTION J [0.11953431172944569, 0.8804656882705543] 
PROD005_I 29 [0.07665232345632872, 0.08958723574894409, 0.0763712751809589, 0.7573891656137682] 
PROD005_J 18 [0.05896500031482335, 0.05896500031482335, 0.5872449977962364, 0.05896500031482335, 0.05896500031482335, 0.05896500031482335, 0.05896500031482335, 0.05896500031482335] 
PROD005_K 2 [0.08406464934991464, 0.8315680877760682, 0.08436726287401725] 
PROD006_I 54 [0.07633873704865822, 0.09025992665595475, 0.07633873704865822, 0.7570625992467288] 
PROD006_J 3 [0.11999053097998497, 0.8800094690200151] 
PROD007_I 59 [0.7123016286351154, 0.07169744284851243, 0.07169744284851243, 0.07195704284017959, 0.07234644282768034] 
PROD007_J 12 [0.08408979083883267, 0.08408979083883267, 0.8318204183223348] 
PROD009_DIRECTION I [0.90774091001948, 0.09225908998052013] 
PROD009_I 7 [0.07169744284851243, 0.07195704284017958, 0.7123016286351153, 0.07169744284851243, 0.07234644282768032] 
PROD009_J 40 [0.061140703308769584, 0.06090856928678564, 0.6061011125852055, 0.06090856928678564, 0.06090856928678564, 0.06090856928678564, 0.0891239069588826] 
PROD009_K 3 [0.08430446328737733, 0.08475849807108621, 0.8309370386415365] 
PROD010_DIRECTION J [0.09255921078287857, 0.9074407892171215] 
PROD010_I 34 [0.05871608710675198, 0.05871608710675198, 0.06242021692292495, 0.05871608710675198, 0.05871608710675198, 0.5847468002562898, 0.05925254728702531, 0.05871608710675198] 
PROD010_J 30 [0.6213009250989885, 0.06242303483019894, 0.06242303483019894, 0.06242303483019894, 0.062650878857099, 0.06635605672311666, 0.06242303483019894] 
PROD010_K 2 [0.189372223187247, 0.736077531479433, 0.07455024533332004] 
PROD012_DIRECTION J [0.09255921078287857, 0.9074407892171215] 
PROD012_I 44 [0.05585850522744023, 0.055656538779517116, 0.055656538779517116, 0.055656538779517116, 0.055656538779517116, 0.055656538779517116, 0.055656538779517116, 0.55454572331594, 0.055656538779517116] 
PROD012_J 37 [0.050051667845337496, 0.050051667845337496, 0.050051667845337496, 0.05050634488430741, 0.050051667845337496, 0.050051667845337496, 0.050051667845337496, 0.4990286445076552, 0.050051667845337496, 0.050051667845337496, 0.050051667845337496] 
PROD012_K 1 [0.8315680877760682, 0.08406464934991464, 0.08436726287401725] 
PROD014_DIRECTION J [0.09255921078287857, 0.9074407892171215] 
PROD014_I 48 [0.06321510096892582, 0.06264707750424717, 0.6235495115098385, 0.06264707750424717, 0.06264707750424717, 0.06264707750424717, 0.06264707750424717] 
PROD014_J 42 [0.051457642315348794, 0.051457642315348794, 0.07484283418824976, 0.051457642315348794, 0.051457642315348794, 0.05165407792708116, 0.051457642315348794, 0.051457642315348794, 0.5128085026478967, 0.05194873134467971] 
PROD014_K 2 [0.08506118792689213, 0.8309370386415365, 0.08400177343157142] 
PROD021_DIRECTION J [0.10747761004827036, 0.8925223899517297] 
PROD021_I 24 [0.04765205125219756, 0.04765205125219756, 0.04765205125219756, 0.04765205125219756, 0.04808522393729065, 0.04765205125219756, 0.04765205125219756, 0.47522099446669636, 0.04765205125219756, 0.04765205125219756, 0.0478253203262348, 0.04765205125219756] 
PROD021_J 36 [0.6234072241708547, 0.06263290040357834, 0.06263290040357834, 0.06263290040357834, 0.0634282738112534, 0.06263290040357834, 0.06263290040357834] 
PROD021_K 3 [0.08402692760490522, 0.08478357590116546, 0.8311894964939294] 
PROD023A_DIRECTION I [0.9074407892171215, 0.09255921078287857] 
PROD023A_I 56 [0.6866725161299962, 0.06914383189034637, 0.06914383189034637, 0.10589598819896452, 0.06914383189034637] 
PROD023A_J 13 [0.6648894337132285, 0.06685246829361699, 0.06685246829361699, 0.06685246829361699, 0.06685246829361699, 0.06770069311230331] 
PROD023A_K 3 [0.08506118792689213, 0.08400177343157142, 0.8309370386415365] 
PROD024A_I 56 [0.6234072241708547, 0.06320102426620339, 0.06263290040357834, 0.06286014994862836, 0.06263290040357834, 0.06263290040357834, 0.06263290040357834] 
PROD024A_J 34 [0.07703588634993401, 0.7640594825496161, 0.08186874475051588, 0.07703588634993401] 
PROD024A_K 2 [0.08475849807108621, 0.8309370386415365, 0.08430446328737733] 
PROD025A_DIRECTION J [0.09744593265299463, 0.9025540673470054] 
PROD025A_I 55 [0.06745834316410722, 0.6648894337132285, 0.06685246829361699, 0.06685246829361699, 0.06709481824181308, 0.06685246829361699] 
PROD025A_J 23 [0.07169744284851243, 0.07169744284851243, 0.7123016286351153, 0.07169744284851243, 0.07260604281934747] 
PROD025A_K 3 [0.08436726287401725, 0.08406464934991464, 0.8315680877760682] 
PROD026_DIRECTION I [0.8804656882705543, 0.11953431172944569] 
PROD026_I 47 [0.07234644282768032, 0.07169744284851243, 0.7123016286351153, 0.07195704284017958, 0.07169744284851243] 
PROD026_J 9 [0.06264707750424715, 0.06321510096892581, 0.06264707750424715, 0.06264707750424715, 0.06264707750424715, 0.6235495115098384, 0.06264707750424715] 
PROD026_K 2 [0.08134122236825544, 0.8011605589308857, 0.11749821870085897] 
INJ006_I 50 [0.06747436932952132, 0.6650512613409575, 0.06686859233238034, 0.06686859233238034, 0.06686859233238034, 0.06686859233238034] 
INJ006_J 26 [0.052230290046979065, 0.052230290046979065, 0.052230290046979065, 0.5196526158823044, 0.052465870899200066, 0.1667300629836003, 0.052230290046979065, 0.052230290046979065] 
INJ006_K 15 [0.077660761629725, 0.07696052545130037, 0.08207558401179263, 0.7633031289071821] 
INJ010_DIRECTION J [0.09744593265299463, 0.9025540673470054] 
INJ010_I 71 [0.07137723000772941, 0.07137723000772941, 0.07678047195289651, 0.7090878380239154, 0.07137723000772941] 
INJ010_J 30 [0.7124873165694986, 0.07171594425951312, 0.07171594425951312, 0.07236485065196209, 0.07171594425951312] 
INJ010_K 6 [0.747591052988111, 0.07638421925991205, 0.10062970829447399, 0.07539501945750278] 
INJ017_DIRECTION I [0.8925223899517297, 0.10747761004827036] 
INJ017_I 38 [0.06690887964748826, 0.06690887964748826, 0.06690887964748826, 0.06690887964748826, 0.06690887964748826, 0.6654556017625586] 
INJ017_J 24 [0.06065236872171905, 0.060885228477721445, 0.06065236872171905, 0.06816486799274891, 0.06065236872171905, 0.6035297760685882, 0.08546302129578445] 
INJ017_K 15 [0.07169744284851243, 0.07169744284851243, 0.07169744284851243, 0.7123016286351153, 0.07260604281934747] 
INJ019_DIRECTION J [0.09774681475765817, 0.9022531852423419] 
INJ019_I 30 [0.066852468293617, 0.066852468293617, 0.06709481824181308, 0.6648894337132286, 0.066852468293617, 0.06745834316410723] 
INJ019_J 49 [0.07740660609820212, 0.07740660609820212, 0.07740660609820212, 0.7677801817053936] 
INJ019_K 15 [0.07733156797049492, 0.07830979653141695, 0.7670270675275933, 0.07733156797049492] 
INJ021_DIRECTION I [0.9074407892171215, 0.09255921078287857] 
INJ021_I 22 [0.055656538779517095, 0.5545457233159398, 0.055656538779517095, 0.055656538779517095, 0.055656538779517095, 0.05585850522744021, 0.055656538779517095, 0.055656538779517095, 0.055656538779517095] 
INJ021_J 31 [0.06612924613025355, 0.06612924613025355, 0.06612924613025355, 0.07363840978972448, 0.657630872211617, 0.07034297960789784] 
INJ021_K 12 [0.07766458039409709, 0.07738517328907499, 0.767565073027753, 0.07738517328907499] 
INJ022_DIRECTION I [0.9069905254652859, 0.09300947453471395] 
INJ022_I 65 [0.7124873165694986, 0.07171594425951312, 0.07236485065196209, 0.07171594425951312, 0.07171594425951312] 
INJ022_J 26 [0.07803030265686779, 0.07761106184504407, 0.07733156797049491, 0.7670270675275932] 
INJ022_K 15 [0.07174368637344118, 0.07174368637344118, 0.07200319279862805, 0.07174368637344118, 0.7127657480810483] 
INJ023_DIRECTION I [0.906690294584402, 0.09330970541559791] 
INJ023_I 39 [0.06685246829361699, 0.6648894337132285, 0.06685246829361699, 0.06709481824181308, 0.06745834316410722, 0.06685246829361699] 
INJ023_J 11 [0.06663004039599212, 0.66265705387703, 0.06663004039599212, 0.06663004039599212, 0.07082278453900165, 0.06663004039599212] 
INJ023_K 7 [0.9025540673470054, 0.09744593265299463] 
NA1A_CONSIDER 1 [0.2049610915884631, 0.7950389084115369] 

Elite 4 OF_MAX_VPL 2850577559.25
NA2_CONSIDER 0 [0.865349615745807, 0.13465038425419285] 
NA3D_CONSIDER 0 [0.90774091001948, 0.09225908998052013] 
PltPRDSTL_PltPRDSTO 22475 [0.052712151162143187, 0.5253992805306213, 0.052903510172233235, 0.052712151162143187, 0.052712151162143187, 0.052712151162143187, 0.052712151162143187, 0.052712151162143187, 0.052712151162143187, 0.052712151162143187] 
PltPRDSTW 9765 [0.06686859233238032, 0.06686859233238032, 0.06686859233238032, 0.6650512613409574, 0.0674743693295213, 0.06686859233238032] 
PltINJSTW 27125 [0.0661229951466516, 0.046751583815738816, 0.046751583815738816, 0.046751583815738816, 0.046751583815738816, 0.4661835249326638, 0.046751583815738816, 0.046751583815738816, 0.046751583815738816, 0.0469292255790354, 0.046751583815738816, 0.046751583815738816] 
PROD005_DIRECTION J [0.11953431172944569, 0.8804656882705543] 
PROD005_I 29 [0.07665232345632872, 0.08958723574894409, 0.0763712751809589, 0.7573891656137682] 
PROD005_J 18 [0.05896500031482335, 0.05896500031482335, 0.5872449977962364, 0.05896500031482335, 0.05896500031482335, 0.05896500031482335, 0.05896500031482335, 0.05896500031482335] 
PROD005_K 2 [0.08406464934991464, 0.8315680877760682, 0.08436726287401725] 
PROD006_I 54 [0.07633873704865822, 0.09025992665595475, 0.07633873704865822, 0.7570625992467288] 
PROD006_J 3 [0.11999053097998497, 0.8800094690200151] 
PROD007_I 59 [0.7123016286351154, 0.07169744284851243, 0.07169744284851243, 0.07195704284017959, 0.07234644282768034] 
PROD007_J 12 [0.08408979083883267, 0.08408979083883267, 0.8318204183223348] 
PROD009_DIRECTION I [0.90774091001948, 0.09225908998052013] 
PROD009_I 7 [0.07169744284851243, 0.07195704284017958, 0.7123016286351153, 0.07169744284851243, 0.07234644282768032] 
PROD009_J 40 [0.061140703308769584, 0.06090856928678564, 0.6061011125852055, 0.06090856928678564, 0.06090856928678564, 0.06090856928678564, 0.0891239069588826] 
PROD009_K 3 [0.08430446328737733, 0.08475849807108621, 0.8309370386415365] 
PROD010_DIRECTION J [0.09255921078287857, 0.9074407892171215] 
PROD010_I 34 [0.05871608710675198, 0.05871608710675198, 0.06242021692292495, 0.05871608710675198, 0.05871608710675198, 0.5847468002562898, 0.05925254728702531, 0.05871608710675198] 
PROD010_J 30 [0.6213009250989885, 0.06242303483019894, 0.06242303483019894, 0.06242303483019894, 0.062650878857099, 0.06635605672311666, 0.06242303483019894] 
PROD010_K 2 [0.189372223187247, 0.736077531479433, 0.07455024533332004] 
PROD012_DIRECTION J [0.09255921078287857, 0.9074407892171215] 
PROD012_I 44 [0.05585850522744023, 0.055656538779517116, 0.055656538779517116, 0.055656538779517116, 0.055656538779517116, 0.055656538779517116, 0.055656538779517116, 0.55454572331594, 0.055656538779517116] 
PROD012_J 37 [0.050051667845337496, 0.050051667845337496, 0.050051667845337496, 0.05050634488430741, 0.050051667845337496, 0.050051667845337496, 0.050051667845337496, 0.4990286445076552, 0.050051667845337496, 0.050051667845337496, 0.050051667845337496] 
PROD012_K 1 [0.8315680877760682, 0.08406464934991464, 0.08436726287401725] 
PROD014_DIRECTION J [0.09255921078287857, 0.9074407892171215] 
PROD014_I 48 [0.06321510096892582, 0.06264707750424717, 0.6235495115098385, 0.06264707750424717, 0.06264707750424717, 0.06264707750424717, 0.06264707750424717] 
PROD014_J 42 [0.051457642315348794, 0.051457642315348794, 0.07484283418824976, 0.051457642315348794, 0.051457642315348794, 0.05165407792708116, 0.051457642315348794, 0.051457642315348794, 0.5128085026478967, 0.05194873134467971] 
PROD014_K 2 [0.08506118792689213, 0.8309370386415365, 0.08400177343157142] 
PROD021_DIRECTION J [0.10747761004827036, 0.8925223899517297] 
PROD021_I 24 [0.04765205125219756, 0.04765205125219756, 0.04765205125219756, 0.04765205125219756, 0.04808522393729065, 0.04765205125219756, 0.04765205125219756, 0.47522099446669636, 0.04765205125219756, 0.04765205125219756, 0.0478253203262348, 0.04765205125219756] 
PROD021_J 36 [0.6234072241708547, 0.06263290040357834, 0.06263290040357834, 0.06263290040357834, 0.0634282738112534, 0.06263290040357834, 0.06263290040357834] 
PROD021_K 3 [0.08402692760490522, 0.08478357590116546, 0.8311894964939294] 
PROD023A_DIRECTION I [0.9074407892171215, 0.09255921078287857] 
PROD023A_I 56 [0.6866725161299962, 0.06914383189034637, 0.06914383189034637, 0.10589598819896452, 0.06914383189034637] 
PROD023A_J 13 [0.6648894337132285, 0.06685246829361699, 0.06685246829361699, 0.06685246829361699, 0.06685246829361699, 0.06770069311230331] 
PROD023A_K 3 [0.08506118792689213, 0.08400177343157142, 0.8309370386415365] 
PROD024A_I 56 [0.6234072241708547, 0.06320102426620339, 0.06263290040357834, 0.06286014994862836, 0.06263290040357834, 0.06263290040357834, 0.06263290040357834] 
PROD024A_J 34 [0.07703588634993401, 0.7640594825496161, 0.08186874475051588, 0.07703588634993401] 
PROD024A_K 2 [0.08475849807108621, 0.8309370386415365, 0.08430446328737733] 
PROD025A_DIRECTION J [0.09744593265299463, 0.9025540673470054] 
PROD025A_I 55 [0.06745834316410722, 0.6648894337132285, 0.06685246829361699, 0.06685246829361699, 0.06709481824181308, 0.06685246829361699] 
PROD025A_J 23 [0.07169744284851243, 0.07169744284851243, 0.7123016286351153, 0.07169744284851243, 0.07260604281934747] 
PROD025A_K 3 [0.08436726287401725, 0.08406464934991464, 0.8315680877760682] 
PROD026_DIRECTION I [0.8804656882705543, 0.11953431172944569] 
PROD026_I 47 [0.07234644282768032, 0.07169744284851243, 0.7123016286351153, 0.07195704284017958, 0.07169744284851243] 
PROD026_J 9 [0.06264707750424715, 0.06321510096892581, 0.06264707750424715, 0.06264707750424715, 0.06264707750424715, 0.6235495115098384, 0.06264707750424715] 
PROD026_K 2 [0.08134122236825544, 0.8011605589308857, 0.11749821870085897] 
INJ006_I 50 [0.06747436932952132, 0.6650512613409575, 0.06686859233238034, 0.06686859233238034, 0.06686859233238034, 0.06686859233238034] 
INJ006_J 26 [0.052230290046979065, 0.052230290046979065, 0.052230290046979065, 0.5196526158823044, 0.052465870899200066, 0.1667300629836003, 0.052230290046979065, 0.052230290046979065] 
INJ006_K 15 [0.077660761629725, 0.07696052545130037, 0.08207558401179263, 0.7633031289071821] 
INJ010_DIRECTION J [0.09744593265299463, 0.9025540673470054] 
INJ010_I 71 [0.07137723000772941, 0.07137723000772941, 0.07678047195289651, 0.7090878380239154, 0.07137723000772941] 
INJ010_J 30 [0.7124873165694986, 0.07171594425951312, 0.07171594425951312, 0.07236485065196209, 0.07171594425951312] 
INJ010_K 6 [0.747591052988111, 0.07638421925991205, 0.10062970829447399, 0.07539501945750278] 
INJ017_DIRECTION I [0.8925223899517297, 0.10747761004827036] 
INJ017_I 38 [0.06690887964748826, 0.06690887964748826, 0.06690887964748826, 0.06690887964748826, 0.06690887964748826, 0.6654556017625586] 
INJ017_J 24 [0.06065236872171905, 0.060885228477721445, 0.06065236872171905, 0.06816486799274891, 0.06065236872171905, 0.6035297760685882, 0.08546302129578445] 
INJ017_K 15 [0.07169744284851243, 0.07169744284851243, 0.07169744284851243, 0.7123016286351153, 0.07260604281934747] 
INJ019_DIRECTION J [0.09774681475765817, 0.9022531852423419] 
INJ019_I 30 [0.066852468293617, 0.066852468293617, 0.06709481824181308, 0.6648894337132286, 0.066852468293617, 0.06745834316410723] 
INJ019_J 49 [0.07740660609820212, 0.07740660609820212, 0.07740660609820212, 0.7677801817053936] 
INJ019_K 15 [0.07733156797049492, 0.07830979653141695, 0.7670270675275933, 0.07733156797049492] 
INJ021_DIRECTION I [0.9074407892171215, 0.09255921078287857] 
INJ021_I 22 [0.055656538779517095, 0.5545457233159398, 0.055656538779517095, 0.055656538779517095, 0.055656538779517095, 0.05585850522744021, 0.055656538779517095, 0.055656538779517095, 0.055656538779517095] 
INJ021_J 31 [0.06612924613025355, 0.06612924613025355, 0.06612924613025355, 0.07363840978972448, 0.657630872211617, 0.07034297960789784] 
INJ021_K 12 [0.07766458039409709, 0.07738517328907499, 0.767565073027753, 0.07738517328907499] 
INJ022_DIRECTION I [0.9069905254652859, 0.09300947453471395] 
INJ022_I 65 [0.7124873165694986, 0.07171594425951312, 0.07236485065196209, 0.07171594425951312, 0.07171594425951312] 
INJ022_J 26 [0.07803030265686779, 0.07761106184504407, 0.07733156797049491, 0.7670270675275932] 
INJ022_K 15 [0.07174368637344118, 0.07174368637344118, 0.07200319279862805, 0.07174368637344118, 0.7127657480810483] 
INJ023_DIRECTION I [0.906690294584402, 0.09330970541559791] 
INJ023_I 39 [0.06685246829361699, 0.6648894337132285, 0.06685246829361699, 0.06709481824181308, 0.06745834316410722, 0.06685246829361699] 
INJ023_J 11 [0.06663004039599212, 0.66265705387703, 0.06663004039599212, 0.06663004039599212, 0.07082278453900165, 0.06663004039599212] 
INJ023_K 7 [0.9025540673470054, 0.09744593265299463] 
NA1A_CONSIDER 1 [0.2049610915884631, 0.7950389084115369] 

Elite 5 OF_MAX_VPL 2850577559.25
NA2_CONSIDER 0 [0.865349615745807, 0.13465038425419285] 
NA3D_CONSIDER 0 [0.90774091001948, 0.09225908998052013] 
PltPRDSTL_PltPRDSTO 22475 [0.052712151162143187, 0.5253992805306213, 0.052903510172233235, 0.052712151162143187, 0.052712151162143187, 0.052712151162143187, 0.052712151162143187, 0.052712151162143187, 0.052712151162143187, 0.052712151162143187] 
PltPRDSTW 9765 [0.06686859233238032, 0.06686859233238032, 0.06686859233238032, 0.6650512613409574, 0.0674743693295213, 0.06686859233238032] 
PltINJSTW 27125 [0.0661229951466516, 0.046751583815738816, 0.046751583815738816, 0.046751583815738816, 0.046751583815738816, 0.4661835249326638, 0.046751583815738816, 0.046751583815738816, 0.046751583815738816, 0.0469292255790354, 0.046751583815738816, 0.046751583815738816] 
PROD005_DIRECTION J [0.11953431172944569, 0.8804656882705543] 
PROD005_I 29 [0.07665232345632872, 0.08958723574894409, 0.0763712751809589, 0.7573891656137682] 
PROD005_J 18 [0.05896500031482335, 0.05896500031482335, 0.5872449977962364, 0.05896500031482335, 0.05896500031482335, 0.05896500031482335, 0.05896500031482335, 0.05896500031482335] 
PROD005_K 2 [0.08406464934991464, 0.8315680877760682, 0.08436726287401725] 
PROD006_I 54 [0.07633873704865822, 0.09025992665595475, 0.07633873704865822, 0.7570625992467288] 
PROD006_J 3 [0.11999053097998497, 0.8800094690200151] 
PROD007_I 59 [0.7123016286351154, 0.07169744284851243, 0.07169744284851243, 0.07195704284017959, 0.07234644282768034] 
PROD007_J 12 [0.08408979083883267, 0.08408979083883267, 0.8318204183223348] 
PROD009_DIRECTION I [0.90774091001948, 0.09225908998052013] 
PROD009_I 7 [0.07169744284851243, 0.07195704284017958, 0.7123016286351153, 0.07169744284851243, 0.07234644282768032] 
PROD009_J 40 [0.061140703308769584, 0.06090856928678564, 0.6061011125852055, 0.06090856928678564, 0.06090856928678564, 0.06090856928678564, 0.0891239069588826] 
PROD009_K 3 [0.08430446328737733, 0.08475849807108621, 0.8309370386415365] 
PROD010_DIRECTION J [0.09255921078287857, 0.9074407892171215] 
PROD010_I 34 [0.05871608710675198, 0.05871608710675198, 0.06242021692292495, 0.05871608710675198, 0.05871608710675198, 0.5847468002562898, 0.05925254728702531, 0.05871608710675198] 
PROD010_J 30 [0.6213009250989885, 0.06242303483019894, 0.06242303483019894, 0.06242303483019894, 0.062650878857099, 0.06635605672311666, 0.06242303483019894] 
PROD010_K 2 [0.189372223187247, 0.736077531479433, 0.07455024533332004] 
PROD012_DIRECTION J [0.09255921078287857, 0.9074407892171215] 
PROD012_I 44 [0.05585850522744023, 0.055656538779517116, 0.055656538779517116, 0.055656538779517116, 0.055656538779517116, 0.055656538779517116, 0.055656538779517116, 0.55454572331594, 0.055656538779517116] 
PROD012_J 37 [0.050051667845337496, 0.050051667845337496, 0.050051667845337496, 0.05050634488430741, 0.050051667845337496, 0.050051667845337496, 0.050051667845337496, 0.4990286445076552, 0.050051667845337496, 0.050051667845337496, 0.050051667845337496] 
PROD012_K 1 [0.8315680877760682, 0.08406464934991464, 0.08436726287401725] 
PROD014_DIRECTION J [0.09255921078287857, 0.9074407892171215] 
PROD014_I 48 [0.06321510096892582, 0.06264707750424717, 0.6235495115098385, 0.06264707750424717, 0.06264707750424717, 0.06264707750424717, 0.06264707750424717] 
PROD014_J 42 [0.051457642315348794, 0.051457642315348794, 0.07484283418824976, 0.051457642315348794, 0.051457642315348794, 0.05165407792708116, 0.051457642315348794, 0.051457642315348794, 0.5128085026478967, 0.05194873134467971] 
PROD014_K 2 [0.08506118792689213, 0.8309370386415365, 0.08400177343157142] 
PROD021_DIRECTION J [0.10747761004827036, 0.8925223899517297] 
PROD021_I 24 [0.04765205125219756, 0.04765205125219756, 0.04765205125219756, 0.04765205125219756, 0.04808522393729065, 0.04765205125219756, 0.04765205125219756, 0.47522099446669636, 0.04765205125219756, 0.04765205125219756, 0.0478253203262348, 0.04765205125219756] 
PROD021_J 36 [0.6234072241708547, 0.06263290040357834, 0.06263290040357834, 0.06263290040357834, 0.0634282738112534, 0.06263290040357834, 0.06263290040357834] 
PROD021_K 3 [0.08402692760490522, 0.08478357590116546, 0.8311894964939294] 
PROD023A_DIRECTION I [0.9074407892171215, 0.09255921078287857] 
PROD023A_I 56 [0.6866725161299962, 0.06914383189034637, 0.06914383189034637, 0.10589598819896452, 0.06914383189034637] 
PROD023A_J 13 [0.6648894337132285, 0.06685246829361699, 0.06685246829361699, 0.06685246829361699, 0.06685246829361699, 0.06770069311230331] 
PROD023A_K 3 [0.08506118792689213, 0.08400177343157142, 0.8309370386415365] 
PROD024A_I 56 [0.6234072241708547, 0.06320102426620339, 0.06263290040357834, 0.06286014994862836, 0.06263290040357834, 0.06263290040357834, 0.06263290040357834] 
PROD024A_J 34 [0.07703588634993401, 0.7640594825496161, 0.08186874475051588, 0.07703588634993401] 
PROD024A_K 2 [0.08475849807108621, 0.8309370386415365, 0.08430446328737733] 
PROD025A_DIRECTION J [0.09744593265299463, 0.9025540673470054] 
PROD025A_I 55 [0.06745834316410722, 0.6648894337132285, 0.06685246829361699, 0.06685246829361699, 0.06709481824181308, 0.06685246829361699] 
PROD025A_J 23 [0.07169744284851243, 0.07169744284851243, 0.7123016286351153, 0.07169744284851243, 0.07260604281934747] 
PROD025A_K 3 [0.08436726287401725, 0.08406464934991464, 0.8315680877760682] 
PROD026_DIRECTION I [0.8804656882705543, 0.11953431172944569] 
PROD026_I 47 [0.07234644282768032, 0.07169744284851243, 0.7123016286351153, 0.07195704284017958, 0.07169744284851243] 
PROD026_J 9 [0.06264707750424715, 0.06321510096892581, 0.06264707750424715, 0.06264707750424715, 0.06264707750424715, 0.6235495115098384, 0.06264707750424715] 
PROD026_K 2 [0.08134122236825544, 0.8011605589308857, 0.11749821870085897] 
INJ006_I 50 [0.06747436932952132, 0.6650512613409575, 0.06686859233238034, 0.06686859233238034, 0.06686859233238034, 0.06686859233238034] 
INJ006_J 26 [0.052230290046979065, 0.052230290046979065, 0.052230290046979065, 0.5196526158823044, 0.052465870899200066, 0.1667300629836003, 0.052230290046979065, 0.052230290046979065] 
INJ006_K 15 [0.077660761629725, 0.07696052545130037, 0.08207558401179263, 0.7633031289071821] 
INJ010_DIRECTION J [0.09744593265299463, 0.9025540673470054] 
INJ010_I 71 [0.07137723000772941, 0.07137723000772941, 0.07678047195289651, 0.7090878380239154, 0.07137723000772941] 
INJ010_J 30 [0.7124873165694986, 0.07171594425951312, 0.07171594425951312, 0.07236485065196209, 0.07171594425951312] 
INJ010_K 6 [0.747591052988111, 0.07638421925991205, 0.10062970829447399, 0.07539501945750278] 
INJ017_DIRECTION I [0.8925223899517297, 0.10747761004827036] 
INJ017_I 38 [0.06690887964748826, 0.06690887964748826, 0.06690887964748826, 0.06690887964748826, 0.06690887964748826, 0.6654556017625586] 
INJ017_J 24 [0.06065236872171905, 0.060885228477721445, 0.06065236872171905, 0.06816486799274891, 0.06065236872171905, 0.6035297760685882, 0.08546302129578445] 
INJ017_K 15 [0.07169744284851243, 0.07169744284851243, 0.07169744284851243, 0.7123016286351153, 0.07260604281934747] 
INJ019_DIRECTION J [0.09774681475765817, 0.9022531852423419] 
INJ019_I 30 [0.066852468293617, 0.066852468293617, 0.06709481824181308, 0.6648894337132286, 0.066852468293617, 0.06745834316410723] 
INJ019_J 49 [0.07740660609820212, 0.07740660609820212, 0.07740660609820212, 0.7677801817053936] 
INJ019_K 15 [0.07733156797049492, 0.07830979653141695, 0.7670270675275933, 0.07733156797049492] 
INJ021_DIRECTION I [0.9074407892171215, 0.09255921078287857] 
INJ021_I 22 [0.055656538779517095, 0.5545457233159398, 0.055656538779517095, 0.055656538779517095, 0.055656538779517095, 0.05585850522744021, 0.055656538779517095, 0.055656538779517095, 0.055656538779517095] 
INJ021_J 31 [0.06612924613025355, 0.06612924613025355, 0.06612924613025355, 0.07363840978972448, 0.657630872211617, 0.07034297960789784] 
INJ021_K 12 [0.07766458039409709, 0.07738517328907499, 0.767565073027753, 0.07738517328907499] 
INJ022_DIRECTION I [0.9069905254652859, 0.09300947453471395] 
INJ022_I 65 [0.7124873165694986, 0.07171594425951312, 0.07236485065196209, 0.07171594425951312, 0.07171594425951312] 
INJ022_J 26 [0.07803030265686779, 0.07761106184504407, 0.07733156797049491, 0.7670270675275932] 
INJ022_K 15 [0.07174368637344118, 0.07174368637344118, 0.07200319279862805, 0.07174368637344118, 0.7127657480810483] 
INJ023_DIRECTION I [0.906690294584402, 0.09330970541559791] 
INJ023_I 39 [0.06685246829361699, 0.6648894337132285, 0.06685246829361699, 0.06709481824181308, 0.06745834316410722, 0.06685246829361699] 
INJ023_J 11 [0.06663004039599212, 0.66265705387703, 0.06663004039599212, 0.06663004039599212, 0.07082278453900165, 0.06663004039599212] 
INJ023_K 7 [0.9025540673470054, 0.09744593265299463] 
NA1A_CONSIDER 1 [0.2049610915884631, 0.7950389084115369] 

