Elite 1 OF_MAX_VPL 2828795174.94
NA2_CONSIDER 0 [0.9018134232820691, 0.09818657671793085] 
NA3D_CONSIDER 1 [0.09818657671793085, 0.9018134232820691] 
PltPRDSTL_PltPRDSTO 23250 [0.5140497118720785, 0.05397620490946262, 0.05397620490946262, 0.05397620490946262, 0.05397620490946262, 0.054140648852220793, 0.05397620490946262, 0.05397620490946262, 0.05397620490946262, 0.05397620490946262] 
PltPRDSTW 11857.5 [0.652785287331278, 0.06939097312581768, 0.06939097312581768, 0.06939097312581768, 0.06965082016545131, 0.06939097312581768] 
PltINJSTW 30380 [0.04875367108314668, 0.04861819988914429, 0.04861819988914429, 0.4650643300254107, 0.04861819988914429, 0.04861819988914429, 0.04861819988914429, 0.04861819988914429, 0.04861819988914429, 0.04861819988914429, 0.04861819988914429, 0.04861819988914429] 
PROD005_DIRECTION J [0.10397584137683012, 0.89602415862317] 
PROD005_I 27 [0.08147695593605463, 0.756254937487103, 0.08113405328842112, 0.08113405328842112] 
PROD005_J 17 [0.06069587860769469, 0.5749249078724658, 0.06069587860769469, 0.06069587860769469, 0.06069587860769469, 0.06069587860769469, 0.06089982048136607, 0.06069587860769469] 
PROD005_K 2 [0.08880245807323384, 0.8223950838535324, 0.08880245807323384] 
PROD006_I 53 [0.08113405328842113, 0.08147695593605464, 0.7562549374871032, 0.08113405328842113] 
PROD006_J 3 [0.09818657671793085, 0.9018134232820691] 
PROD007_I 60 [0.11101904939343554, 0.673378657226923, 0.07186743112654718, 0.07186743112654718, 0.07186743112654718] 
PROD007_J 12 [0.08874228777165162, 0.08914288689056234, 0.822114825337786] 
PROD009_DIRECTION J [0.09818657671793085, 0.9018134232820691] 
PROD009_I 9 [0.0742853427832587, 0.07459334369343971, 0.0742853427832587, 0.07842345024997643, 0.6984125204900664] 
PROD009_J 39 [0.06476726458665195, 0.6113964124800879, 0.06476726458665195, 0.06476726458665195, 0.06476726458665195, 0.06476726458665195, 0.06476726458665195] 
PROD009_K 1 [0.7749175631525297, 0.08455343340923481, 0.1405290034382353] 
PROD010_DIRECTION I [0.9018134232820691, 0.09818657671793085] 
PROD010_I 30 [0.05987280458236489, 0.5717455333858719, 0.05987280458236489, 0.05987280458236489, 0.06901763911993873, 0.05987280458236489, 0.05987280458236489, 0.05987280458236489] 
PROD010_J 33 [0.0647443300747219, 0.06497365959093421, 0.0647443300747219, 0.6113046900354562, 0.0647443300747219, 0.0647443300747219, 0.0647443300747219] 
PROD010_K 1 [0.822114825337786, 0.08874228777165162, 0.08914288689056234] 
PROD012_DIRECTION I [0.9014198272830823, 0.09858017271691766] 
PROD012_I 37 [0.5427399227842337, 0.057134686432748855, 0.057134686432748855, 0.057134686432748855, 0.057134686432748855, 0.057134686432748855, 0.057134686432748855, 0.05731727218652417, 0.057134686432748855] 
PROD012_J 37 [0.05085366632790634, 0.055067693301101055, 0.05085366632790634, 0.05085366632790634, 0.05085366632790634, 0.05085366632790634, 0.05085366632790634, 0.48724930974774194, 0.05085366632790634, 0.05085366632790634, 0.05085366632790634] 
PROD012_K 2 [0.08914288689056234, 0.822114825337786, 0.08874228777165162] 
PROD014_DIRECTION I [0.10397584137683012, 0.89602415862317] 
PROD014_I 48 [0.06476726458665197, 0.06476726458665197, 0.06476726458665197, 0.06476726458665197, 0.611396412480088, 0.06476726458665197, 0.06476726458665197] 
PROD014_J 38 [0.05380529117128463, 0.05380529117128463, 0.05380529117128463, 0.05380529117128463, 0.5134316966610212, 0.05612597396870147, 0.05380529117128463, 0.05380529117128463, 0.05380529117128463, 0.05380529117128463] 
PROD014_K 2 [0.08880245807323384, 0.8223950838535324, 0.08880245807323384] 
PROD021_DIRECTION I [0.9018134232820691, 0.09818657671793085] 
PROD021_I 20 [0.04861819988914429, 0.04861819988914429, 0.04861819988914429, 0.04875367108314668, 0.04861819988914429, 0.4650643300254107, 0.04861819988914429, 0.04861819988914429, 0.04861819988914429, 0.04861819988914429, 0.04861819988914429, 0.04861819988914429] 
PROD021_J 38 [0.0646609098265046, 0.6100122909477489, 0.06442117533964667, 0.06442117533964667, 0.06442117533964667, 0.06442117533964667, 0.06764209786715969] 
PROD021_K 2 [0.08880245807323384, 0.8223950838535324, 0.08880245807323384] 
PROD023A_DIRECTION I [0.9018134232820691, 0.09818657671793085] 
PROD023A_I 59 [0.07482079284013869, 0.07482079284013869, 0.07482079284013869, 0.7007168286394453, 0.07482079284013869] 
PROD023A_J 14 [0.0694193846362282, 0.6529030768188591, 0.0694193846362282, 0.0694193846362282, 0.0694193846362282, 0.0694193846362282] 
PROD023A_K 3 [0.08880245807323382, 0.08880245807323382, 0.8223950838535323] 
PROD024A_I 58 [0.06476726458665197, 0.06476726458665197, 0.611396412480088, 0.06476726458665197, 0.06476726458665197, 0.06476726458665197, 0.06476726458665197] 
PROD024A_J 33 [0.753402621500092, 0.08560444209060984, 0.0804964682046491, 0.0804964682046491] 
PROD024A_K 2 [0.08880245807323384, 0.8223950838535324, 0.08880245807323384] 
PROD025A_DIRECTION I [0.9018134232820691, 0.09818657671793085] 
PROD025A_I 59 [0.06941938463622818, 0.06941938463622818, 0.06941938463622818, 0.06941938463622818, 0.06941938463622818, 0.652903076818859] 
PROD025A_J 25 [0.0747850247298729, 0.07508202515528169, 0.0747850247298729, 0.0747850247298729, 0.7005629006550996] 
PROD025A_K 2 [0.08874228777165162, 0.822114825337786, 0.08914288689056234] 
PROD026_DIRECTION I [0.9018134232820691, 0.09818657671793085] 
PROD026_I 48 [0.07508202515528169, 0.0747850247298729, 0.0747850247298729, 0.7005629006550996, 0.0747850247298729] 
PROD026_J 7 [0.0647443300747219, 0.0647443300747219, 0.06497365959093421, 0.6113046900354562, 0.0647443300747219, 0.0647443300747219, 0.0647443300747219] 
PROD026_K 1 [0.822114825337786, 0.08874228777165162, 0.08914288689056234] 
INJ006_I 50 [0.06939097312581768, 0.652785287331278, 0.06965082016545131, 0.06939097312581768, 0.06939097312581768, 0.06939097312581768] 
INJ006_J 28 [0.06069587860769469, 0.06069587860769469, 0.06069587860769469, 0.06069587860769469, 0.06069587860769469, 0.06069587860769469, 0.06089982048136607, 0.5749249078724658] 
INJ006_K 12 [0.08528817443707983, 0.7536211795401576, 0.08054532301138122, 0.08054532301138122] 
INJ010_DIRECTION J [0.09818657671793085, 0.9018134232820691] 
INJ010_I 70 [0.07482079284013869, 0.07482079284013869, 0.7007168286394453, 0.07482079284013869, 0.07482079284013869] 
INJ010_J 36 [0.07482079284013869, 0.07482079284013869, 0.07482079284013869, 0.7007168286394453, 0.07482079284013869] 
INJ010_K 6 [0.7564601950068578, 0.08117993499771407, 0.08117993499771407, 0.08117993499771407] 
INJ017_DIRECTION I [0.9018134232820691, 0.09818657671793085] 
INJ017_I 32 [0.06939097312581767, 0.06939097312581767, 0.6527852873312779, 0.0696508201654513, 0.06939097312581767, 0.06939097312581767] 
INJ017_J 18 [0.06476726458665197, 0.06476726458665197, 0.611396412480088, 0.06476726458665197, 0.06476726458665197, 0.06476726458665197, 0.06476726458665197] 
INJ017_K 15 [0.07482079284013869, 0.07482079284013869, 0.07482079284013869, 0.7007168286394453, 0.07482079284013869] 
INJ019_DIRECTION I [0.9018134232820691, 0.09818657671793085] 
INJ019_I 26 [0.0694193846362282, 0.6529030768188591, 0.0694193846362282, 0.0694193846362282, 0.0694193846362282, 0.0694193846362282] 
INJ019_J 49 [0.07745343797674219, 0.0778229561695418, 0.11907660402508666, 0.7256470018286294] 
INJ019_K 15 [0.08117993499771407, 0.08117993499771407, 0.7564601950068578, 0.08117993499771407] 
INJ021_DIRECTION J [0.09818657671793085, 0.9018134232820691] 
INJ021_I 22 [0.057134686432748855, 0.5427399227842337, 0.057134686432748855, 0.057134686432748855, 0.057134686432748855, 0.05731727218652417, 0.057134686432748855, 0.057134686432748855, 0.057134686432748855] 
INJ021_J 27 [0.06939097312581767, 0.06939097312581767, 0.6527852873312779, 0.06939097312581767, 0.0696508201654513, 0.06939097312581767] 
INJ021_K 16 [0.08117993499771407, 0.08117993499771407, 0.08117993499771407, 0.7564601950068578] 
INJ022_DIRECTION J [0.09818657671793085, 0.9018134232820691] 
INJ022_I 67 [0.07482079284013869, 0.7007168286394453, 0.07482079284013869, 0.07482079284013869, 0.07482079284013869] 
INJ022_J 24 [0.0791665868741054, 0.09421359390223419, 0.0791665868741054, 0.747453232349555] 
INJ022_K 15 [0.07432380578787928, 0.07432380578787928, 0.07432380578787928, 0.07845053668998477, 0.6985780459463774] 
INJ023_DIRECTION I [0.9018134232820691, 0.09818657671793085] 
INJ023_I 41 [0.0694193846362282, 0.0694193846362282, 0.6529030768188591, 0.0694193846362282, 0.0694193846362282, 0.0694193846362282] 
INJ023_J 19 [0.06939097312581767, 0.06939097312581767, 0.0696508201654513, 0.06939097312581767, 0.06939097312581767, 0.6527852873312779] 
INJ023_K 7 [0.9018134232820691, 0.09818657671793085] 
NA1A_CONSIDER 1 [0.1587388470799505, 0.8412611529200495] 

Elite 2 OF_MAX_VPL 2817640361.37
NA2_CONSIDER 0 [0.9018134232820691, 0.09818657671793085] 
NA3D_CONSIDER 1 [0.09818657671793085, 0.9018134232820691] 
PltPRDSTL_PltPRDSTO 23250 [0.5140497118720785, 0.05397620490946262, 0.05397620490946262, 0.05397620490946262, 0.05397620490946262, 0.054140648852220793, 0.05397620490946262, 0.05397620490946262, 0.05397620490946262, 0.05397620490946262] 
PltPRDSTW 11857.5 [0.652785287331278, 0.06939097312581768, 0.06939097312581768, 0.06939097312581768, 0.06965082016545131, 0.06939097312581768] 
PltINJSTW 29295 [0.04875367108314668, 0.04861819988914429, 0.04861819988914429, 0.4650643300254107, 0.04861819988914429, 0.04861819988914429, 0.04861819988914429, 0.04861819988914429, 0.04861819988914429, 0.04861819988914429, 0.04861819988914429, 0.04861819988914429] 
PROD005_DIRECTION J [0.10397584137683012, 0.89602415862317] 
PROD005_I 27 [0.08147695593605463, 0.756254937487103, 0.08113405328842112, 0.08113405328842112] 
PROD005_J 17 [0.06069587860769469, 0.5749249078724658, 0.06069587860769469, 0.06069587860769469, 0.06069587860769469, 0.06069587860769469, 0.06089982048136607, 0.06069587860769469] 
PROD005_K 2 [0.08880245807323384, 0.8223950838535324, 0.08880245807323384] 
PROD006_I 53 [0.08113405328842113, 0.08147695593605464, 0.7562549374871032, 0.08113405328842113] 
PROD006_J 3 [0.09818657671793085, 0.9018134232820691] 
PROD007_I 60 [0.11101904939343554, 0.673378657226923, 0.07186743112654718, 0.07186743112654718, 0.07186743112654718] 
PROD007_J 12 [0.08874228777165162, 0.08914288689056234, 0.822114825337786] 
PROD009_DIRECTION J [0.09818657671793085, 0.9018134232820691] 
PROD009_I 9 [0.0742853427832587, 0.07459334369343971, 0.0742853427832587, 0.07842345024997643, 0.6984125204900664] 
PROD009_J 39 [0.06476726458665195, 0.6113964124800879, 0.06476726458665195, 0.06476726458665195, 0.06476726458665195, 0.06476726458665195, 0.06476726458665195] 
PROD009_K 1 [0.7749175631525297, 0.08455343340923481, 0.1405290034382353] 
PROD010_DIRECTION I [0.9018134232820691, 0.09818657671793085] 
PROD010_I 30 [0.05987280458236489, 0.5717455333858719, 0.05987280458236489, 0.05987280458236489, 0.06901763911993873, 0.05987280458236489, 0.05987280458236489, 0.05987280458236489] 
PROD010_J 33 [0.0647443300747219, 0.06497365959093421, 0.0647443300747219, 0.6113046900354562, 0.0647443300747219, 0.0647443300747219, 0.0647443300747219] 
PROD010_K 1 [0.822114825337786, 0.08874228777165162, 0.08914288689056234] 
PROD012_DIRECTION I [0.9014198272830823, 0.09858017271691766] 
PROD012_I 37 [0.5427399227842337, 0.057134686432748855, 0.057134686432748855, 0.057134686432748855, 0.057134686432748855, 0.057134686432748855, 0.057134686432748855, 0.05731727218652417, 0.057134686432748855] 
PROD012_J 37 [0.05085366632790634, 0.055067693301101055, 0.05085366632790634, 0.05085366632790634, 0.05085366632790634, 0.05085366632790634, 0.05085366632790634, 0.48724930974774194, 0.05085366632790634, 0.05085366632790634, 0.05085366632790634] 
PROD012_K 2 [0.08914288689056234, 0.822114825337786, 0.08874228777165162] 
PROD014_DIRECTION J [0.10397584137683012, 0.89602415862317] 
PROD014_I 50 [0.06476726458665197, 0.06476726458665197, 0.06476726458665197, 0.06476726458665197, 0.611396412480088, 0.06476726458665197, 0.06476726458665197] 
PROD014_J 38 [0.05380529117128463, 0.05380529117128463, 0.05380529117128463, 0.05380529117128463, 0.5134316966610212, 0.05612597396870147, 0.05380529117128463, 0.05380529117128463, 0.05380529117128463, 0.05380529117128463] 
PROD014_K 2 [0.08880245807323384, 0.8223950838535324, 0.08880245807323384] 
PROD021_DIRECTION I [0.9018134232820691, 0.09818657671793085] 
PROD021_I 20 [0.04861819988914429, 0.04861819988914429, 0.04861819988914429, 0.04875367108314668, 0.04861819988914429, 0.4650643300254107, 0.04861819988914429, 0.04861819988914429, 0.04861819988914429, 0.04861819988914429, 0.04861819988914429, 0.04861819988914429] 
PROD021_J 39 [0.0646609098265046, 0.6100122909477489, 0.06442117533964667, 0.06442117533964667, 0.06442117533964667, 0.06442117533964667, 0.06764209786715969] 
PROD021_K 2 [0.08880245807323384, 0.8223950838535324, 0.08880245807323384] 
PROD023A_DIRECTION I [0.9018134232820691, 0.09818657671793085] 
PROD023A_I 59 [0.07482079284013869, 0.07482079284013869, 0.07482079284013869, 0.7007168286394453, 0.07482079284013869] 
PROD023A_J 14 [0.0694193846362282, 0.6529030768188591, 0.0694193846362282, 0.0694193846362282, 0.0694193846362282, 0.0694193846362282] 
PROD023A_K 1 [0.08880245807323382, 0.08880245807323382, 0.8223950838535323] 
PROD024A_I 58 [0.06476726458665197, 0.06476726458665197, 0.611396412480088, 0.06476726458665197, 0.06476726458665197, 0.06476726458665197, 0.06476726458665197] 
PROD024A_J 33 [0.753402621500092, 0.08560444209060984, 0.0804964682046491, 0.0804964682046491] 
PROD024A_K 3 [0.08880245807323384, 0.8223950838535324, 0.08880245807323384] 
PROD025A_DIRECTION I [0.9018134232820691, 0.09818657671793085] 
PROD025A_I 59 [0.06941938463622818, 0.06941938463622818, 0.06941938463622818, 0.06941938463622818, 0.06941938463622818, 0.652903076818859] 
PROD025A_J 25 [0.0747850247298729, 0.07508202515528169, 0.0747850247298729, 0.0747850247298729, 0.7005629006550996] 
PROD025A_K 2 [0.08874228777165162, 0.822114825337786, 0.08914288689056234] 
PROD026_DIRECTION I [0.9018134232820691, 0.09818657671793085] 
PROD026_I 48 [0.07508202515528169, 0.0747850247298729, 0.0747850247298729, 0.7005629006550996, 0.0747850247298729] 
PROD026_J 7 [0.0647443300747219, 0.0647443300747219, 0.06497365959093421, 0.6113046900354562, 0.0647443300747219, 0.0647443300747219, 0.0647443300747219] 
PROD026_K 1 [0.822114825337786, 0.08874228777165162, 0.08914288689056234] 
INJ006_I 50 [0.06939097312581768, 0.652785287331278, 0.06965082016545131, 0.06939097312581768, 0.06939097312581768, 0.06939097312581768] 
INJ006_J 27 [0.06069587860769469, 0.06069587860769469, 0.06069587860769469, 0.06069587860769469, 0.06069587860769469, 0.06069587860769469, 0.06089982048136607, 0.5749249078724658] 
INJ006_K 12 [0.08528817443707983, 0.7536211795401576, 0.08054532301138122, 0.08054532301138122] 
INJ010_DIRECTION J [0.09818657671793085, 0.9018134232820691] 
INJ010_I 70 [0.07482079284013869, 0.07482079284013869, 0.7007168286394453, 0.07482079284013869, 0.07482079284013869] 
INJ010_J 36 [0.07482079284013869, 0.07482079284013869, 0.07482079284013869, 0.7007168286394453, 0.07482079284013869] 
INJ010_K 6 [0.7564601950068578, 0.08117993499771407, 0.08117993499771407, 0.08117993499771407] 
INJ017_DIRECTION I [0.9018134232820691, 0.09818657671793085] 
INJ017_I 32 [0.06939097312581767, 0.06939097312581767, 0.6527852873312779, 0.0696508201654513, 0.06939097312581767, 0.06939097312581767] 
INJ017_J 18 [0.06476726458665197, 0.06476726458665197, 0.611396412480088, 0.06476726458665197, 0.06476726458665197, 0.06476726458665197, 0.06476726458665197] 
INJ017_K 15 [0.07482079284013869, 0.07482079284013869, 0.07482079284013869, 0.7007168286394453, 0.07482079284013869] 
INJ019_DIRECTION I [0.9018134232820691, 0.09818657671793085] 
INJ019_I 26 [0.0694193846362282, 0.6529030768188591, 0.0694193846362282, 0.0694193846362282, 0.0694193846362282, 0.0694193846362282] 
INJ019_J 49 [0.07745343797674219, 0.0778229561695418, 0.11907660402508666, 0.7256470018286294] 
INJ019_K 15 [0.08117993499771407, 0.08117993499771407, 0.7564601950068578, 0.08117993499771407] 
INJ021_DIRECTION J [0.09818657671793085, 0.9018134232820691] 
INJ021_I 22 [0.057134686432748855, 0.5427399227842337, 0.057134686432748855, 0.057134686432748855, 0.057134686432748855, 0.05731727218652417, 0.057134686432748855, 0.057134686432748855, 0.057134686432748855] 
INJ021_J 27 [0.06939097312581767, 0.06939097312581767, 0.6527852873312779, 0.06939097312581767, 0.0696508201654513, 0.06939097312581767] 
INJ021_K 16 [0.08117993499771407, 0.08117993499771407, 0.08117993499771407, 0.7564601950068578] 
INJ022_DIRECTION J [0.09818657671793085, 0.9018134232820691] 
INJ022_I 67 [0.07482079284013869, 0.7007168286394453, 0.07482079284013869, 0.07482079284013869, 0.07482079284013869] 
INJ022_J 26 [0.0791665868741054, 0.09421359390223419, 0.0791665868741054, 0.747453232349555] 
INJ022_K 15 [0.07432380578787928, 0.07432380578787928, 0.07432380578787928, 0.07845053668998477, 0.6985780459463774] 
INJ023_DIRECTION I [0.9018134232820691, 0.09818657671793085] 
INJ023_I 41 [0.0694193846362282, 0.0694193846362282, 0.6529030768188591, 0.0694193846362282, 0.0694193846362282, 0.0694193846362282] 
INJ023_J 19 [0.06939097312581767, 0.06939097312581767, 0.0696508201654513, 0.06939097312581767, 0.06939097312581767, 0.6527852873312779] 
INJ023_K 7 [0.9018134232820691, 0.09818657671793085] 
NA1A_CONSIDER 1 [0.1587388470799505, 0.8412611529200495] 

Elite 3 OF_MAX_VPL 2813021157.24
NA2_CONSIDER 0 [0.9018134232820691, 0.09818657671793085] 
NA3D_CONSIDER 1 [0.09818657671793085, 0.9018134232820691] 
PltPRDSTL_PltPRDSTO 23250 [0.5140497118720785, 0.05397620490946262, 0.05397620490946262, 0.05397620490946262, 0.05397620490946262, 0.054140648852220793, 0.05397620490946262, 0.05397620490946262, 0.05397620490946262, 0.05397620490946262] 
PltPRDSTW 11857.5 [0.652785287331278, 0.06939097312581768, 0.06939097312581768, 0.06939097312581768, 0.06965082016545131, 0.06939097312581768] 
PltINJSTW 29295 [0.04875367108314668, 0.04861819988914429, 0.04861819988914429, 0.4650643300254107, 0.04861819988914429, 0.04861819988914429, 0.04861819988914429, 0.04861819988914429, 0.04861819988914429, 0.04861819988914429, 0.04861819988914429, 0.04861819988914429] 
PROD005_DIRECTION J [0.10397584137683012, 0.89602415862317] 
PROD005_I 27 [0.08147695593605463, 0.756254937487103, 0.08113405328842112, 0.08113405328842112] 
PROD005_J 17 [0.06069587860769469, 0.5749249078724658, 0.06069587860769469, 0.06069587860769469, 0.06069587860769469, 0.06069587860769469, 0.06089982048136607, 0.06069587860769469] 
PROD005_K 2 [0.08880245807323384, 0.8223950838535324, 0.08880245807323384] 
PROD006_I 53 [0.08113405328842113, 0.08147695593605464, 0.7562549374871032, 0.08113405328842113] 
PROD006_J 3 [0.09818657671793085, 0.9018134232820691] 
PROD007_I 60 [0.11101904939343554, 0.673378657226923, 0.07186743112654718, 0.07186743112654718, 0.07186743112654718] 
PROD007_J 12 [0.08874228777165162, 0.08914288689056234, 0.822114825337786] 
PROD009_DIRECTION J [0.09818657671793085, 0.9018134232820691] 
PROD009_I 9 [0.0742853427832587, 0.07459334369343971, 0.0742853427832587, 0.07842345024997643, 0.6984125204900664] 
PROD009_J 39 [0.06476726458665195, 0.6113964124800879, 0.06476726458665195, 0.06476726458665195, 0.06476726458665195, 0.06476726458665195, 0.06476726458665195] 
PROD009_K 1 [0.7749175631525297, 0.08455343340923481, 0.1405290034382353] 
PROD010_DIRECTION I [0.9018134232820691, 0.09818657671793085] 
PROD010_I 30 [0.05987280458236489, 0.5717455333858719, 0.05987280458236489, 0.05987280458236489, 0.06901763911993873, 0.05987280458236489, 0.05987280458236489, 0.05987280458236489] 
PROD010_J 33 [0.0647443300747219, 0.06497365959093421, 0.0647443300747219, 0.6113046900354562, 0.0647443300747219, 0.0647443300747219, 0.0647443300747219] 
PROD010_K 1 [0.822114825337786, 0.08874228777165162, 0.08914288689056234] 
PROD012_DIRECTION I [0.9014198272830823, 0.09858017271691766] 
PROD012_I 37 [0.5427399227842337, 0.057134686432748855, 0.057134686432748855, 0.057134686432748855, 0.057134686432748855, 0.057134686432748855, 0.057134686432748855, 0.05731727218652417, 0.057134686432748855] 
PROD012_J 37 [0.05085366632790634, 0.055067693301101055, 0.05085366632790634, 0.05085366632790634, 0.05085366632790634, 0.05085366632790634, 0.05085366632790634, 0.48724930974774194, 0.05085366632790634, 0.05085366632790634, 0.05085366632790634] 
PROD012_K 2 [0.08914288689056234, 0.822114825337786, 0.08874228777165162] 
PROD014_DIRECTION J [0.10397584137683012, 0.89602415862317] 
PROD014_I 50 [0.06476726458665197, 0.06476726458665197, 0.06476726458665197, 0.06476726458665197, 0.611396412480088, 0.06476726458665197, 0.06476726458665197] 
PROD014_J 39 [0.05380529117128463, 0.05380529117128463, 0.05380529117128463, 0.05380529117128463, 0.5134316966610212, 0.05612597396870147, 0.05380529117128463, 0.05380529117128463, 0.05380529117128463, 0.05380529117128463] 
PROD014_K 2 [0.08880245807323384, 0.8223950838535324, 0.08880245807323384] 
PROD021_DIRECTION I [0.9018134232820691, 0.09818657671793085] 
PROD021_I 20 [0.04861819988914429, 0.04861819988914429, 0.04861819988914429, 0.04875367108314668, 0.04861819988914429, 0.4650643300254107, 0.04861819988914429, 0.04861819988914429, 0.04861819988914429, 0.04861819988914429, 0.04861819988914429, 0.04861819988914429] 
PROD021_J 38 [0.0646609098265046, 0.6100122909477489, 0.06442117533964667, 0.06442117533964667, 0.06442117533964667, 0.06442117533964667, 0.06764209786715969] 
PROD021_K 2 [0.08880245807323384, 0.8223950838535324, 0.08880245807323384] 
PROD023A_DIRECTION I [0.9018134232820691, 0.09818657671793085] 
PROD023A_I 59 [0.07482079284013869, 0.07482079284013869, 0.07482079284013869, 0.7007168286394453, 0.07482079284013869] 
PROD023A_J 14 [0.0694193846362282, 0.6529030768188591, 0.0694193846362282, 0.0694193846362282, 0.0694193846362282, 0.0694193846362282] 
PROD023A_K 3 [0.08880245807323382, 0.08880245807323382, 0.8223950838535323] 
PROD024A_I 58 [0.06476726458665197, 0.06476726458665197, 0.611396412480088, 0.06476726458665197, 0.06476726458665197, 0.06476726458665197, 0.06476726458665197] 
PROD024A_J 33 [0.753402621500092, 0.08560444209060984, 0.0804964682046491, 0.0804964682046491] 
PROD024A_K 2 [0.08880245807323384, 0.8223950838535324, 0.08880245807323384] 
PROD025A_DIRECTION I [0.9018134232820691, 0.09818657671793085] 
PROD025A_I 59 [0.06941938463622818, 0.06941938463622818, 0.06941938463622818, 0.06941938463622818, 0.06941938463622818, 0.652903076818859] 
PROD025A_J 25 [0.0747850247298729, 0.07508202515528169, 0.0747850247298729, 0.0747850247298729, 0.7005629006550996] 
PROD025A_K 2 [0.08874228777165162, 0.822114825337786, 0.08914288689056234] 
PROD026_DIRECTION I [0.9018134232820691, 0.09818657671793085] 
PROD026_I 48 [0.07508202515528169, 0.0747850247298729, 0.0747850247298729, 0.7005629006550996, 0.0747850247298729] 
PROD026_J 7 [0.0647443300747219, 0.0647443300747219, 0.06497365959093421, 0.6113046900354562, 0.0647443300747219, 0.0647443300747219, 0.0647443300747219] 
PROD026_K 1 [0.822114825337786, 0.08874228777165162, 0.08914288689056234] 
INJ006_I 50 [0.06939097312581768, 0.652785287331278, 0.06965082016545131, 0.06939097312581768, 0.06939097312581768, 0.06939097312581768] 
INJ006_J 28 [0.06069587860769469, 0.06069587860769469, 0.06069587860769469, 0.06069587860769469, 0.06069587860769469, 0.06069587860769469, 0.06089982048136607, 0.5749249078724658] 
INJ006_K 12 [0.08528817443707983, 0.7536211795401576, 0.08054532301138122, 0.08054532301138122] 
INJ010_DIRECTION J [0.09818657671793085, 0.9018134232820691] 
INJ010_I 70 [0.07482079284013869, 0.07482079284013869, 0.7007168286394453, 0.07482079284013869, 0.07482079284013869] 
INJ010_J 36 [0.07482079284013869, 0.07482079284013869, 0.07482079284013869, 0.7007168286394453, 0.07482079284013869] 
INJ010_K 6 [0.7564601950068578, 0.08117993499771407, 0.08117993499771407, 0.08117993499771407] 
INJ017_DIRECTION I [0.9018134232820691, 0.09818657671793085] 
INJ017_I 32 [0.06939097312581767, 0.06939097312581767, 0.6527852873312779, 0.0696508201654513, 0.06939097312581767, 0.06939097312581767] 
INJ017_J 18 [0.06476726458665197, 0.06476726458665197, 0.611396412480088, 0.06476726458665197, 0.06476726458665197, 0.06476726458665197, 0.06476726458665197] 
INJ017_K 15 [0.07482079284013869, 0.07482079284013869, 0.07482079284013869, 0.7007168286394453, 0.07482079284013869] 
INJ019_DIRECTION I [0.9018134232820691, 0.09818657671793085] 
INJ019_I 26 [0.0694193846362282, 0.6529030768188591, 0.0694193846362282, 0.0694193846362282, 0.0694193846362282, 0.0694193846362282] 
INJ019_J 49 [0.07745343797674219, 0.0778229561695418, 0.11907660402508666, 0.7256470018286294] 
INJ019_K 15 [0.08117993499771407, 0.08117993499771407, 0.7564601950068578, 0.08117993499771407] 
INJ021_DIRECTION J [0.09818657671793085, 0.9018134232820691] 
INJ021_I 22 [0.057134686432748855, 0.5427399227842337, 0.057134686432748855, 0.057134686432748855, 0.057134686432748855, 0.05731727218652417, 0.057134686432748855, 0.057134686432748855, 0.057134686432748855] 
INJ021_J 27 [0.06939097312581767, 0.06939097312581767, 0.6527852873312779, 0.06939097312581767, 0.0696508201654513, 0.06939097312581767] 
INJ021_K 16 [0.08117993499771407, 0.08117993499771407, 0.08117993499771407, 0.7564601950068578] 
INJ022_DIRECTION J [0.09818657671793085, 0.9018134232820691] 
INJ022_I 67 [0.07482079284013869, 0.7007168286394453, 0.07482079284013869, 0.07482079284013869, 0.07482079284013869] 
INJ022_J 26 [0.0791665868741054, 0.09421359390223419, 0.0791665868741054, 0.747453232349555] 
INJ022_K 15 [0.07432380578787928, 0.07432380578787928, 0.07432380578787928, 0.07845053668998477, 0.6985780459463774] 
INJ023_DIRECTION I [0.9018134232820691, 0.09818657671793085] 
INJ023_I 41 [0.0694193846362282, 0.0694193846362282, 0.6529030768188591, 0.0694193846362282, 0.0694193846362282, 0.0694193846362282] 
INJ023_J 19 [0.06939097312581767, 0.06939097312581767, 0.0696508201654513, 0.06939097312581767, 0.06939097312581767, 0.6527852873312779] 
INJ023_K 7 [0.9018134232820691, 0.09818657671793085] 
NA1A_CONSIDER 1 [0.1587388470799505, 0.8412611529200495] 

Elite 4 OF_MAX_VPL 2808554206.71
NA2_CONSIDER 0 [0.9018134232820691, 0.09818657671793085] 
NA3D_CONSIDER 1 [0.09818657671793085, 0.9018134232820691] 
PltPRDSTL_PltPRDSTO 23250 [0.5140497118720785, 0.05397620490946262, 0.05397620490946262, 0.05397620490946262, 0.05397620490946262, 0.054140648852220793, 0.05397620490946262, 0.05397620490946262, 0.05397620490946262, 0.05397620490946262] 
PltPRDSTW 11857.5 [0.652785287331278, 0.06939097312581768, 0.06939097312581768, 0.06939097312581768, 0.06965082016545131, 0.06939097312581768] 
PltINJSTW 29295 [0.04875367108314668, 0.04861819988914429, 0.04861819988914429, 0.4650643300254107, 0.04861819988914429, 0.04861819988914429, 0.04861819988914429, 0.04861819988914429, 0.04861819988914429, 0.04861819988914429, 0.04861819988914429, 0.04861819988914429] 
PROD005_DIRECTION J [0.10397584137683012, 0.89602415862317] 
PROD005_I 27 [0.08147695593605463, 0.756254937487103, 0.08113405328842112, 0.08113405328842112] 
PROD005_J 17 [0.06069587860769469, 0.5749249078724658, 0.06069587860769469, 0.06069587860769469, 0.06069587860769469, 0.06069587860769469, 0.06089982048136607, 0.06069587860769469] 
PROD005_K 2 [0.08880245807323384, 0.8223950838535324, 0.08880245807323384] 
PROD006_I 53 [0.08113405328842113, 0.08147695593605464, 0.7562549374871032, 0.08113405328842113] 
PROD006_J 3 [0.09818657671793085, 0.9018134232820691] 
PROD007_I 59 [0.6984125204900664, 0.07873145116015745, 0.0742853427832587, 0.0742853427832587, 0.0742853427832587] 
PROD007_J 12 [0.08874228777165162, 0.08914288689056234, 0.822114825337786] 
PROD009_DIRECTION I [0.09818657671793085, 0.9018134232820691] 
PROD009_I 9 [0.0742853427832587, 0.07459334369343971, 0.0742853427832587, 0.07842345024997643, 0.6984125204900664] 
PROD009_J 39 [0.06476726458665195, 0.6113964124800879, 0.06476726458665195, 0.06476726458665195, 0.06476726458665195, 0.06476726458665195, 0.06476726458665195] 
PROD009_K 3 [0.08874228777165162, 0.08914288689056234, 0.822114825337786] 
PROD010_DIRECTION I [0.9018134232820691, 0.09818657671793085] 
PROD010_I 30 [0.05987280458236489, 0.5717455333858719, 0.05987280458236489, 0.05987280458236489, 0.06901763911993873, 0.05987280458236489, 0.05987280458236489, 0.05987280458236489] 
PROD010_J 33 [0.0647443300747219, 0.06497365959093421, 0.0647443300747219, 0.6113046900354562, 0.0647443300747219, 0.0647443300747219, 0.0647443300747219] 
PROD010_K 1 [0.822114825337786, 0.08874228777165162, 0.08914288689056234] 
PROD012_DIRECTION I [0.9014198272830823, 0.09858017271691766] 
PROD012_I 37 [0.5427399227842337, 0.057134686432748855, 0.057134686432748855, 0.057134686432748855, 0.057134686432748855, 0.057134686432748855, 0.057134686432748855, 0.05731727218652417, 0.057134686432748855] 
PROD012_J 37 [0.05085366632790634, 0.055067693301101055, 0.05085366632790634, 0.05085366632790634, 0.05085366632790634, 0.05085366632790634, 0.05085366632790634, 0.48724930974774194, 0.05085366632790634, 0.05085366632790634, 0.05085366632790634] 
PROD012_K 2 [0.08914288689056234, 0.822114825337786, 0.08874228777165162] 
PROD014_DIRECTION I [0.8468016835551951, 0.15319831644480494] 
PROD014_I 50 [0.06476726458665197, 0.06476726458665197, 0.06476726458665197, 0.06476726458665197, 0.611396412480088, 0.06476726458665197, 0.06476726458665197] 
PROD014_J 38 [0.05380529117128463, 0.05380529117128463, 0.05380529117128463, 0.05380529117128463, 0.5134316966610212, 0.05612597396870147, 0.05380529117128463, 0.05380529117128463, 0.05380529117128463, 0.05380529117128463] 
PROD014_K 2 [0.08880245807323384, 0.8223950838535324, 0.08880245807323384] 
PROD021_DIRECTION I [0.9018134232820691, 0.09818657671793085] 
PROD021_I 20 [0.04861819988914429, 0.04861819988914429, 0.04861819988914429, 0.04875367108314668, 0.04861819988914429, 0.4650643300254107, 0.04861819988914429, 0.04861819988914429, 0.04861819988914429, 0.04861819988914429, 0.04861819988914429, 0.04861819988914429] 
PROD021_J 38 [0.0646609098265046, 0.6100122909477489, 0.06442117533964667, 0.06442117533964667, 0.06442117533964667, 0.06442117533964667, 0.06764209786715969] 
PROD021_K 2 [0.08880245807323384, 0.8223950838535324, 0.08880245807323384] 
PROD023A_DIRECTION I [0.9018134232820691, 0.09818657671793085] 
PROD023A_I 59 [0.07482079284013869, 0.07482079284013869, 0.07482079284013869, 0.7007168286394453, 0.07482079284013869] 
PROD023A_J 14 [0.0694193846362282, 0.6529030768188591, 0.0694193846362282, 0.0694193846362282, 0.0694193846362282, 0.0694193846362282] 
PROD023A_K 3 [0.08880245807323382, 0.08880245807323382, 0.8223950838535323] 
PROD024A_I 58 [0.06476726458665197, 0.06476726458665197, 0.611396412480088, 0.06476726458665197, 0.06476726458665197, 0.06476726458665197, 0.06476726458665197] 
PROD024A_J 33 [0.753402621500092, 0.08560444209060984, 0.0804964682046491, 0.0804964682046491] 
PROD024A_K 2 [0.08880245807323384, 0.8223950838535324, 0.08880245807323384] 
PROD025A_DIRECTION I [0.9018134232820691, 0.09818657671793085] 
PROD025A_I 59 [0.06941938463622818, 0.06941938463622818, 0.06941938463622818, 0.06941938463622818, 0.06941938463622818, 0.652903076818859] 
PROD025A_J 25 [0.0747850247298729, 0.07508202515528169, 0.0747850247298729, 0.0747850247298729, 0.7005629006550996] 
PROD025A_K 2 [0.08874228777165162, 0.822114825337786, 0.08914288689056234] 
PROD026_DIRECTION I [0.9018134232820691, 0.09818657671793085] 
PROD026_I 48 [0.07508202515528169, 0.0747850247298729, 0.0747850247298729, 0.7005629006550996, 0.0747850247298729] 
PROD026_J 5 [0.0647443300747219, 0.0647443300747219, 0.06497365959093421, 0.6113046900354562, 0.0647443300747219, 0.0647443300747219, 0.0647443300747219] 
PROD026_K 1 [0.822114825337786, 0.08874228777165162, 0.08914288689056234] 
INJ006_I 51 [0.06702355085422702, 0.10379558758658511, 0.6281102089965068, 0.06702355085422702, 0.06702355085422702, 0.06702355085422702] 
INJ006_J 24 [0.0590440506721211, 0.0590440506721211, 0.0590440506721211, 0.557583750390768, 0.0590440506721211, 0.0590440506721211, 0.05925323135283735, 0.08794276489578899] 
INJ006_K 12 [0.08528817443707983, 0.7536211795401576, 0.08054532301138122, 0.08054532301138122] 
INJ010_DIRECTION J [0.09818657671793085, 0.9018134232820691] 
INJ010_I 70 [0.07482079284013869, 0.07482079284013869, 0.7007168286394453, 0.07482079284013869, 0.07482079284013869] 
INJ010_J 36 [0.07482079284013869, 0.07482079284013869, 0.07482079284013869, 0.7007168286394453, 0.07482079284013869] 
INJ010_K 6 [0.7564601950068578, 0.08117993499771407, 0.08117993499771407, 0.08117993499771407] 
INJ017_DIRECTION I [0.9018134232820691, 0.09818657671793085] 
INJ017_I 32 [0.06939097312581767, 0.06939097312581767, 0.6527852873312779, 0.0696508201654513, 0.06939097312581767, 0.06939097312581767] 
INJ017_J 18 [0.06476726458665197, 0.06476726458665197, 0.611396412480088, 0.06476726458665197, 0.06476726458665197, 0.06476726458665197, 0.06476726458665197] 
INJ017_K 15 [0.07482079284013869, 0.07482079284013869, 0.07482079284013869, 0.7007168286394453, 0.07482079284013869] 
INJ019_DIRECTION I [0.9018134232820691, 0.09818657671793085] 
INJ019_I 26 [0.0694193846362282, 0.6529030768188591, 0.0694193846362282, 0.0694193846362282, 0.0694193846362282, 0.0694193846362282] 
INJ019_J 47 [0.07988768334783851, 0.0802519884669042, 0.7506791469020695, 0.08918118128318787] 
INJ019_K 15 [0.08117993499771407, 0.08117993499771407, 0.7564601950068578, 0.08117993499771407] 
INJ021_DIRECTION J [0.09818657671793085, 0.9018134232820691] 
INJ021_I 24 [0.057134686432748855, 0.5427399227842337, 0.057134686432748855, 0.057134686432748855, 0.057134686432748855, 0.05731727218652417, 0.057134686432748855, 0.057134686432748855, 0.057134686432748855] 
INJ021_J 27 [0.06939097312581767, 0.06939097312581767, 0.6527852873312779, 0.06939097312581767, 0.0696508201654513, 0.06939097312581767] 
INJ021_K 16 [0.08117993499771407, 0.08117993499771407, 0.08117993499771407, 0.7564601950068578] 
INJ022_DIRECTION J [0.09818657671793085, 0.9018134232820691] 
INJ022_I 67 [0.07482079284013869, 0.7007168286394453, 0.07482079284013869, 0.07482079284013869, 0.07482079284013869] 
INJ022_J 26 [0.0791665868741054, 0.09421359390223419, 0.0791665868741054, 0.747453232349555] 
INJ022_K 15 [0.07432380578787928, 0.07432380578787928, 0.07432380578787928, 0.07845053668998477, 0.6985780459463774] 
INJ023_DIRECTION I [0.9018134232820691, 0.09818657671793085] 
INJ023_I 41 [0.0694193846362282, 0.0694193846362282, 0.6529030768188591, 0.0694193846362282, 0.0694193846362282, 0.0694193846362282] 
INJ023_J 19 [0.06939097312581767, 0.06939097312581767, 0.0696508201654513, 0.06939097312581767, 0.06939097312581767, 0.6527852873312779] 
INJ023_K 7 [0.9018134232820691, 0.09818657671793085] 
NA1A_CONSIDER 0 [0.9014198272830823, 0.09858017271691766] 

Elite 5 OF_MAX_VPL 2805955271.44
NA2_CONSIDER 0 [0.9018134232820691, 0.09818657671793085] 
NA3D_CONSIDER 1 [0.09818657671793085, 0.9018134232820691] 
PltPRDSTL_PltPRDSTO 23250 [0.5140497118720785, 0.05397620490946262, 0.05397620490946262, 0.05397620490946262, 0.05397620490946262, 0.054140648852220793, 0.05397620490946262, 0.05397620490946262, 0.05397620490946262, 0.05397620490946262] 
PltPRDSTW 11857.5 [0.652785287331278, 0.06939097312581768, 0.06939097312581768, 0.06939097312581768, 0.06965082016545131, 0.06939097312581768] 
PltINJSTW 29295 [0.04875367108314668, 0.04861819988914429, 0.04861819988914429, 0.4650643300254107, 0.04861819988914429, 0.04861819988914429, 0.04861819988914429, 0.04861819988914429, 0.04861819988914429, 0.04861819988914429, 0.04861819988914429, 0.04861819988914429] 
PROD005_DIRECTION J [0.10397584137683012, 0.89602415862317] 
PROD005_I 27 [0.08147695593605463, 0.756254937487103, 0.08113405328842112, 0.08113405328842112] 
PROD005_J 17 [0.06069587860769469, 0.5749249078724658, 0.06069587860769469, 0.06069587860769469, 0.06069587860769469, 0.06069587860769469, 0.06089982048136607, 0.06069587860769469] 
PROD005_K 2 [0.08880245807323384, 0.8223950838535324, 0.08880245807323384] 
PROD006_I 51 [0.08113405328842113, 0.08147695593605464, 0.7562549374871032, 0.08113405328842113] 
PROD006_J 3 [0.09818657671793085, 0.9018134232820691] 
PROD007_I 59 [0.6984125204900664, 0.07873145116015745, 0.0742853427832587, 0.0742853427832587, 0.0742853427832587] 
PROD007_J 12 [0.08874228777165162, 0.08914288689056234, 0.822114825337786] 
PROD009_DIRECTION J [0.09818657671793085, 0.9018134232820691] 
PROD009_I 9 [0.0742853427832587, 0.07459334369343971, 0.0742853427832587, 0.07842345024997643, 0.6984125204900664] 
PROD009_J 39 [0.06476726458665195, 0.6113964124800879, 0.06476726458665195, 0.06476726458665195, 0.06476726458665195, 0.06476726458665195, 0.06476726458665195] 
PROD009_K 3 [0.08874228777165162, 0.08914288689056234, 0.822114825337786] 
PROD010_DIRECTION I [0.9018134232820691, 0.09818657671793085] 
PROD010_I 30 [0.05987280458236489, 0.5717455333858719, 0.05987280458236489, 0.05987280458236489, 0.06901763911993873, 0.05987280458236489, 0.05987280458236489, 0.05987280458236489] 
PROD010_J 33 [0.0647443300747219, 0.06497365959093421, 0.0647443300747219, 0.6113046900354562, 0.0647443300747219, 0.0647443300747219, 0.0647443300747219] 
PROD010_K 1 [0.822114825337786, 0.08874228777165162, 0.08914288689056234] 
PROD012_DIRECTION I [0.9014198272830823, 0.09858017271691766] 
PROD012_I 37 [0.5427399227842337, 0.057134686432748855, 0.057134686432748855, 0.057134686432748855, 0.057134686432748855, 0.057134686432748855, 0.057134686432748855, 0.05731727218652417, 0.057134686432748855] 
PROD012_J 37 [0.05085366632790634, 0.055067693301101055, 0.05085366632790634, 0.05085366632790634, 0.05085366632790634, 0.05085366632790634, 0.05085366632790634, 0.48724930974774194, 0.05085366632790634, 0.05085366632790634, 0.05085366632790634] 
PROD012_K 2 [0.08914288689056234, 0.822114825337786, 0.08874228777165162] 
PROD014_DIRECTION I [0.8468016835551951, 0.15319831644480494] 
PROD014_I 50 [0.06476726458665197, 0.06476726458665197, 0.06476726458665197, 0.06476726458665197, 0.611396412480088, 0.06476726458665197, 0.06476726458665197] 
PROD014_J 39 [0.05380529117128463, 0.05380529117128463, 0.05380529117128463, 0.05380529117128463, 0.5134316966610212, 0.05612597396870147, 0.05380529117128463, 0.05380529117128463, 0.05380529117128463, 0.05380529117128463] 
PROD014_K 2 [0.08880245807323384, 0.8223950838535324, 0.08880245807323384] 
PROD021_DIRECTION I [0.9018134232820691, 0.09818657671793085] 
PROD021_I 20 [0.04861819988914429, 0.04861819988914429, 0.04861819988914429, 0.04875367108314668, 0.04861819988914429, 0.4650643300254107, 0.04861819988914429, 0.04861819988914429, 0.04861819988914429, 0.04861819988914429, 0.04861819988914429, 0.04861819988914429] 
PROD021_J 39 [0.0646609098265046, 0.6100122909477489, 0.06442117533964667, 0.06442117533964667, 0.06442117533964667, 0.06442117533964667, 0.06764209786715969] 
PROD021_K 2 [0.08880245807323384, 0.8223950838535324, 0.08880245807323384] 
PROD023A_DIRECTION I [0.9018134232820691, 0.09818657671793085] 
PROD023A_I 59 [0.07482079284013869, 0.07482079284013869, 0.07482079284013869, 0.7007168286394453, 0.07482079284013869] 
PROD023A_J 14 [0.0694193846362282, 0.6529030768188591, 0.0694193846362282, 0.0694193846362282, 0.0694193846362282, 0.0694193846362282] 
PROD023A_K 3 [0.08880245807323382, 0.08880245807323382, 0.8223950838535323] 
PROD024A_I 58 [0.06476726458665197, 0.06476726458665197, 0.611396412480088, 0.06476726458665197, 0.06476726458665197, 0.06476726458665197, 0.06476726458665197] 
PROD024A_J 33 [0.753402621500092, 0.08560444209060984, 0.0804964682046491, 0.0804964682046491] 
PROD024A_K 2 [0.08880245807323384, 0.8223950838535324, 0.08880245807323384] 
PROD025A_DIRECTION I [0.9018134232820691, 0.09818657671793085] 
PROD025A_I 59 [0.06941938463622818, 0.06941938463622818, 0.06941938463622818, 0.06941938463622818, 0.06941938463622818, 0.652903076818859] 
PROD025A_J 25 [0.0747850247298729, 0.07508202515528169, 0.0747850247298729, 0.0747850247298729, 0.7005629006550996] 
PROD025A_K 2 [0.08874228777165162, 0.822114825337786, 0.08914288689056234] 
PROD026_DIRECTION I [0.9018134232820691, 0.09818657671793085] 
PROD026_I 48 [0.07508202515528169, 0.0747850247298729, 0.0747850247298729, 0.7005629006550996, 0.0747850247298729] 
PROD026_J 7 [0.0647443300747219, 0.0647443300747219, 0.06497365959093421, 0.6113046900354562, 0.0647443300747219, 0.0647443300747219, 0.0647443300747219] 
PROD026_K 1 [0.822114825337786, 0.08874228777165162, 0.08914288689056234] 
INJ006_I 50 [0.06939097312581768, 0.652785287331278, 0.06965082016545131, 0.06939097312581768, 0.06939097312581768, 0.06939097312581768] 
INJ006_J 28 [0.06069587860769469, 0.06069587860769469, 0.06069587860769469, 0.06069587860769469, 0.06069587860769469, 0.06069587860769469, 0.06089982048136607, 0.5749249078724658] 
INJ006_K 12 [0.08528817443707983, 0.7536211795401576, 0.08054532301138122, 0.08054532301138122] 
INJ010_DIRECTION J [0.09818657671793085, 0.9018134232820691] 
INJ010_I 70 [0.07482079284013869, 0.07482079284013869, 0.7007168286394453, 0.07482079284013869, 0.07482079284013869] 
INJ010_J 36 [0.07482079284013869, 0.07482079284013869, 0.07482079284013869, 0.7007168286394453, 0.07482079284013869] 
INJ010_K 6 [0.7564601950068578, 0.08117993499771407, 0.08117993499771407, 0.08117993499771407] 
INJ017_DIRECTION I [0.9018134232820691, 0.09818657671793085] 
INJ017_I 32 [0.06939097312581767, 0.06939097312581767, 0.6527852873312779, 0.0696508201654513, 0.06939097312581767, 0.06939097312581767] 
INJ017_J 18 [0.06476726458665197, 0.06476726458665197, 0.611396412480088, 0.06476726458665197, 0.06476726458665197, 0.06476726458665197, 0.06476726458665197] 
INJ017_K 15 [0.07482079284013869, 0.07482079284013869, 0.07482079284013869, 0.7007168286394453, 0.07482079284013869] 
INJ019_DIRECTION I [0.9018134232820691, 0.09818657671793085] 
INJ019_I 26 [0.0694193846362282, 0.6529030768188591, 0.0694193846362282, 0.0694193846362282, 0.0694193846362282, 0.0694193846362282] 
INJ019_J 47 [0.07988768334783851, 0.0802519884669042, 0.7506791469020695, 0.08918118128318787] 
INJ019_K 15 [0.08117993499771407, 0.08117993499771407, 0.7564601950068578, 0.08117993499771407] 
INJ021_DIRECTION J [0.09818657671793085, 0.9018134232820691] 
INJ021_I 22 [0.057134686432748855, 0.5427399227842337, 0.057134686432748855, 0.057134686432748855, 0.057134686432748855, 0.05731727218652417, 0.057134686432748855, 0.057134686432748855, 0.057134686432748855] 
INJ021_J 27 [0.06939097312581767, 0.06939097312581767, 0.6527852873312779, 0.06939097312581767, 0.0696508201654513, 0.06939097312581767] 
INJ021_K 16 [0.08117993499771407, 0.08117993499771407, 0.08117993499771407, 0.7564601950068578] 
INJ022_DIRECTION J [0.09818657671793085, 0.9018134232820691] 
INJ022_I 67 [0.07482079284013869, 0.7007168286394453, 0.07482079284013869, 0.07482079284013869, 0.07482079284013869] 
INJ022_J 22 [0.07745472284116035, 0.7298915520980229, 0.07745472284116035, 0.11519900221965652] 
INJ022_K 15 [0.07432380578787928, 0.07432380578787928, 0.07432380578787928, 0.07845053668998477, 0.6985780459463774] 
INJ023_DIRECTION I [0.9018134232820691, 0.09818657671793085] 
INJ023_I 41 [0.0694193846362282, 0.0694193846362282, 0.6529030768188591, 0.0694193846362282, 0.0694193846362282, 0.0694193846362282] 
INJ023_J 19 [0.06939097312581767, 0.06939097312581767, 0.0696508201654513, 0.06939097312581767, 0.06939097312581767, 0.6527852873312779] 
INJ023_K 7 [0.9018134232820691, 0.09818657671793085] 
NA1A_CONSIDER 0 [0.9014198272830823, 0.09858017271691766] 

